# NaN NaN NaN ;Mean Elev.(m), Avg Gradient(m/km), RMS Gradient(m/km) - SRTM1     
#    0.792   0.020   6.165 ;Mean Elev.(m), Avg Gradient(m/km), RMS Gradient(m/km) - ASTER GDEM
#    9.637  -0.294   1.401 ;Mean Elev.(m), Avg Gradient(m/km), RMS Gradient(m/km) - GMTED2010 
  7 299.447397 -31.698070    13.284    13.274  7 52466.57022334 46.155
  8 299.449544 -31.695333    12.374    12.460  6 52501.57021556 22.385
  9 299.443524 -31.691221    12.465    12.198  3 52536.57020131 19.405
 10 299.445502 -31.696684    12.899    12.921  6 52571.57023799 24.493
 11 299.452671 -31.693359    13.313    13.207  4 52606.57020007 25.116
 12 299.444347 -31.695393    14.347    14.390  5 52641.57019528 39.371
 13 299.451101 -31.698758    15.868    13.339  7 52676.57018424 22.527
 14 299.444670 -31.694786    14.351    14.361  6 52711.57021181 37.868
 15 299.441243 -31.697685    13.646    13.825  7 52746.57023938 42.951
 16 299.443274 -31.693227    13.142    13.036  5 52781.57017672 27.038
 17 299.441971 -31.694727    12.400    12.276  5 52816.57025738 19.113
 18 299.446556 -31.696384    11.668    11.758  7 52851.57030864 36.034
 19 299.446072 -31.689279    12.160    12.160  2 52886.57034169 23.254
 20 299.450297 -31.697651    12.177    12.304  7 52921.57029867 27.036
 21 299.450523 -31.697102    12.124    12.123  7 52956.57026357 32.215
 22 299.453134 -31.694136    12.205    12.220  4 52991.57028149 15.262
 23 299.457511 -31.700918    13.489    13.500  7 53026.57024865 32.806
 24 299.453329 -31.700661    12.214    12.227  7 53061.57025841 44.601
 25 299.445126 -31.695985    11.982    11.936  6 53096.57028390 31.652
 26 299.454037 -31.699153    12.579    12.582  7 53131.57025687 42.153
 28 299.448073 -31.692176    12.446    12.443  4 53201.57033274 18.216
 29 299.456535 -31.700586    12.856    12.853  8 53236.57030317 40.772
 30 299.445838 -31.695380    11.640    11.563  6 53271.57026095 23.089
 31 299.440527 -31.695293    11.811    11.792  5 53306.57032539 18.761
 32 299.449254 -31.696487    13.453    13.490  6 53341.57029288 26.516
 33 299.453690 -31.699401    13.300    13.313  8 53376.57022530 23.375
 34 299.451254 -31.697182    13.459    13.534  7 53411.57026816 26.433
 35 299.443170 -31.695153    12.467    12.427  5 53446.57025063 30.275
 36 299.439407 -31.697411    12.953    13.029  7 53481.57033619 37.124
 37 299.449696 -31.695243    12.435    12.395  5 53516.57033864 18.534
 38 299.442816 -31.696682    13.086    13.137  6 53551.57035995 45.735
 39 299.452778 -31.697908    12.247    12.248  7 53586.57031543 46.774
 40 299.438028 -31.694418    10.962    11.206  4 53621.57027839 18.869
 41 299.445896 -31.691771    14.969    16.156  3 53656.57030614 16.574
 42 299.446988 -31.698735    13.655    13.649  7 53691.57029506 50.189
 43 299.454687 -31.698586    12.658    12.585  7 53726.57021847 23.157
 44 299.451890 -31.699285    12.687    12.688  7 53761.57016991 39.429
 45 299.453792 -31.699455    12.202    12.208  8 53796.57018364 47.870
 47 299.443998 -31.696777    12.705    12.705  7 53866.57024104 46.728
 48 299.447588 -31.694815    13.363    13.495  6 53901.57026937 16.882
 49 299.437663 -31.697257    11.735    11.720  6 53936.57030970 19.211
 50 299.446379 -31.695610    11.503    11.452  6 53971.57027535 31.444
 51 299.446853 -31.695875    16.210    14.289  6 54006.57025727 15.373
 52 299.450015 -31.698540    12.417    12.470  7 54041.57028530 33.197
 53 299.450078 -31.697646    14.482    12.514  7 54076.57027914 21.092
 54 299.452451 -31.696511    12.960    12.882  6 54111.57021945 18.092
 55 299.446179 -31.696843    14.301    14.279  6 54146.57022051 20.664
 56 299.450737 -31.700388    15.010    14.967  7 54181.57020774 34.467
 57 299.446087 -31.695134    13.106    13.012  5 54216.57022775 21.958
 58 299.447466 -31.694996    13.568    13.654  6 54251.57025420 34.676
 59 299.450031 -31.698709    12.886    12.887  7 54286.57026107 49.529
 60 299.450339 -31.696293    17.514    12.933  4 54321.57025732 17.640
 61 299.452988 -31.698037    12.194    12.169  7 54356.57021752 26.819
 62 299.449241 -31.695862    11.871    11.840  5 54391.57019812 22.895
 63 299.451612 -31.694374    13.096    12.271  4 54426.57016724 15.849
 64 299.447258 -31.698000    12.499    12.504  7 54461.57017563 41.430
 65 299.450618 -31.699664    12.587    12.603  7 54496.57017557 38.106
 66 299.449601 -31.696266    12.506    12.414  5 54531.57018818 15.630
 67 299.452140 -31.698784    12.799    12.822  7 54566.57018025 43.845
 68 299.447251 -31.698408    12.699    12.685  7 54601.57018400 25.133
 69 299.447647 -31.696231    12.530    12.897  6 54636.57019555 16.797
 70 299.448196 -31.697528    15.516    14.796  6 54671.57019905 14.841
 71 299.451649 -31.700410    13.889    13.649  7 54706.57016003 15.903
 72 299.447715 -31.695744    15.173    16.075  5 54741.57016376 14.769
 73 299.451172 -31.698636    13.180    12.553  7 54776.57014132 19.200
 74 299.446477 -31.695491    13.355    13.463  6 54811.57015655 17.292
 75 299.450555 -31.696950    11.357    11.346  7 54846.57014098 22.210
 76 299.446018 -31.697539    11.752    11.780  6 54881.57016095 23.017
 77 299.449222 -31.699710    12.270    12.266  7 54916.57014417 45.859
 78 299.446851 -31.696304    11.688    11.685  6 54951.57015318 28.786
 79 299.446174 -31.694328    11.562    11.557  6 54986.57017804 20.434
 80 299.450702 -31.697756    12.021    12.065  7 55021.57017113 37.788
 81 299.450024 -31.698386    14.546    12.661  7 55056.57016765 27.106
 82 299.452054 -31.693457    17.097    17.131  3 55091.57012452 20.418
 83 299.447950 -31.698057    13.179    13.129  7 55126.57010760 37.411
 84 299.449654 -31.697475    15.746    14.120  7 55161.57008636 25.406
 85 299.446484 -31.695344    14.146    13.925  5 55196.57009766 25.899
 86 299.450501 -31.696640    15.022    15.093  6 55231.57009019 27.700
 87 299.448300 -31.697782    14.481    14.477  6 55266.57009273 27.426
 88 299.452293 -31.699971    14.378    14.056  7 55301.57007081 21.189
 89 299.448307 -31.698985    13.997    13.963  7 55336.57006837 29.161
 90 299.450434 -31.696461    13.185    13.133  5 55371.57005787 18.177
 91 299.449095 -31.696509    12.586    12.610  6 55406.57007687 35.328
 92 299.450927 -31.695933    13.055    12.606  6 55441.57007659 24.070
 93 299.453734 -31.696254    15.527    14.349  5 55476.57001918 16.263
