-153382.946    14.475     0.00    1.23
-153008.856    14.343    -0.35    1.22
-152634.747    14.096    -0.66    1.23
-152260.620    13.936    -0.43    1.25
-151886.475    13.759    -0.48    1.26
-151512.311    14.190     1.15    1.45
-151138.128    14.392     0.54    1.49
-150763.927    14.277    -0.31    1.48
-150389.708    14.073    -0.55    1.23
-150015.470    14.019    -0.14    1.48
-149641.213    13.641    -1.01    1.68
-149266.938    13.443    -0.53    1.56
-148892.644    13.505     0.16    1.50
-148518.332    13.416    -0.24    1.43
-148144.002    13.027    -1.04    1.46
-147769.653    12.732    -0.79    1.30
-147395.285    12.573    -0.42    1.17
-147020.899    12.436    -0.36    0.93
-146646.494    12.518     0.22    1.27
-146272.071    12.618     0.27    1.18
-145897.629    12.578    -0.11    1.26
-145523.169    12.635     0.15    1.18
-145148.690    12.502    -0.36    1.10
-144774.192    12.298    -0.54    1.14
-144399.676    12.118    -0.48    1.08
-144025.142    12.118     0.00    1.33
-143650.588    11.891    -0.61    1.15
-143276.017    12.089     0.53    1.24
-142901.426    11.990    -0.26    1.19
-142526.817    12.168     0.47    0.97
-142152.190    12.205     0.10    1.07
-141777.543    12.141    -0.17    0.99
-141402.879    12.086    -0.15    1.00
-141028.195    12.118     0.09    0.94
-140653.493    12.182     0.17    0.91
-140278.772    12.257     0.20    0.86
-139904.033    12.413     0.42    0.80
-139529.275    12.440     0.07    0.89
-139154.499    12.277    -0.43    0.94
-138779.704    12.193    -0.22    0.93
-138404.890    12.118    -0.20    0.92
-138030.057    11.959    -0.42    1.04
-137655.206    11.891    -0.18    1.13
-137280.336    11.813    -0.21    1.34
-136905.448    11.797    -0.04    1.52
-136530.541    11.868     0.19    1.66
-136155.615    11.832    -0.10    1.63
-135780.671    11.709    -0.33    1.29
-135405.707    11.833     0.33    1.14
-135030.726    11.732    -0.27    1.14
-134655.725    11.813     0.22    0.94
-134280.706    11.783    -0.08    1.14
-133905.668    11.879     0.26    1.10
-133530.611    11.797    -0.22    1.42
-133155.536    11.924     0.34    1.69
-132780.442    11.879    -0.12    1.67
-132405.329    11.702    -0.47    1.75
-132030.198    11.479    -0.59    1.63
-131655.048    11.130    -0.93    1.25
-131279.879    10.946    -0.49    1.16
-130904.691    11.112     0.44    1.31
-130529.484    11.257     0.39    1.13
-130154.259    11.300     0.11    1.15
-129779.015    11.368     0.18    1.03
-129403.753    11.482     0.30    1.15
-129028.471    11.298    -0.49    1.37
-128653.171    11.213    -0.23    1.71
-128277.852    10.833    -1.01    1.79
-127902.514    10.459    -1.00    1.72
-127527.158     9.924    -1.43    1.36
-127151.782     9.694    -0.61    1.03
-126776.388     9.435    -0.69    1.37
-126400.975     9.482     0.13    1.53
-126025.544     9.391    -0.24    1.65
-125650.093     9.302    -0.24    1.54
-125274.624     9.664     0.96    1.53
-124899.136     9.857     0.52    1.31
-124523.629    10.118     0.70    1.20
-124148.103     9.902    -0.58    1.12
-123772.558     9.868    -0.09    1.11
-123396.995     9.914     0.12    1.09
-123021.413     9.746    -0.45    1.11
-122645.812     9.578    -0.45    1.15
-122270.192     9.412    -0.44    1.07
-121894.553     9.391    -0.06    1.07
-121518.895     9.232    -0.42    1.00
-121143.219     9.260     0.07    1.14
-120767.523     9.300     0.11    1.00
-120391.809     9.482     0.48    0.95
-120016.076     9.606     0.33    1.05
-119640.324     9.651     0.12    0.96
-119264.553     9.550    -0.27    0.87
-118888.763     9.702     0.40    1.07
-118512.954     9.641    -0.16    1.00
-118137.127     9.709     0.18    1.03
-117761.280     9.823     0.30    1.04
-117385.415     9.793    -0.08    1.20
-117009.531     9.924     0.35    1.10
-116633.627     9.647    -0.74    1.20
-116257.705     9.368    -0.74    1.08
-115881.764     9.186    -0.48    1.02
-115505.804     9.076    -0.29    0.98
-115129.825     9.096     0.05    0.90
-114753.827     8.893    -0.54    0.88
-114377.810     8.946     0.14    0.99
-114001.775     8.926    -0.05    1.30
-113625.720     8.868    -0.15    1.77
-113249.646     8.390    -1.27    2.01
-112873.554     7.880    -1.36    2.18
-112497.442     7.414    -1.24    1.94
-112121.311     7.051    -0.96    2.10
-111745.162     6.732    -0.85    2.05
-111368.993     6.891     0.42    2.41
-110992.806     6.950     0.16    2.43
-110616.599     7.524     1.53    2.46
-110240.373     8.093     1.51    2.01
-109864.129     8.596     1.33    1.55
-109487.865     8.823     0.60    1.35
-109111.583     8.800    -0.06    1.26
-108735.281     8.857     0.15    1.24
-108358.960     8.787    -0.19    1.18
-107982.621     8.325    -1.23    1.09
-107606.262     8.344     0.05    1.26
-107229.884     8.255    -0.24    1.50
-106853.488     8.324     0.18    1.52
-106477.072     8.281    -0.11    1.41
-106100.637     8.232    -0.13    1.49
-105724.183     7.982    -0.66    1.62
-105347.710     7.760    -0.59    1.73
-104971.218     7.112    -1.72    1.57
-104594.707     6.502    -1.62    1.52
-104218.177     6.235    -0.71    1.39
-103841.627     6.216    -0.05    1.40
-103465.059     6.502     0.76    1.65
-103088.471     6.651     0.40    1.76
-102711.865     6.368    -0.75    1.62
-102335.239     6.235    -0.35    1.56
-101958.594     5.891    -0.91    1.19
-101581.931     5.813    -0.21    1.22
-101205.248     6.096     0.75    1.52
-100828.545     6.924     2.20    2.11
-100451.824     8.020     2.91    2.29
-100075.084     8.800     2.07    2.06
 -99698.324     9.755     2.53    1.56
 -99321.546    10.202     1.19    1.67
 -98944.748     9.977    -0.60    2.59
 -98567.931    10.436     1.22    2.90
 -98191.095    10.279    -0.42    3.29
 -97814.240    10.717     1.16    3.24
 -97437.365    10.527    -0.50    3.07
 -97060.472    11.027     1.33    2.02
 -96683.559    10.518    -1.35    1.75
 -96306.627    10.013    -1.34    1.30
 -95932.950     9.959    -0.14    1.63
 -95559.783    10.368     1.10    1.58
 -95186.597    10.391     0.06    1.52
 -94813.391    10.100    -0.78    1.32
 -94440.167    10.027    -0.19    1.14
 -94066.925     9.768    -0.69    1.19
 -93693.663    10.279     1.37    1.56
 -93320.383    10.647     0.99    1.82
 -92947.084    10.924     0.74    1.90
 -92573.766    11.257     0.89    1.75
 -92200.429    11.205    -0.14    1.85
 -91827.073    11.414     0.56    1.89
 -91453.699    11.493     0.21    2.16
 -91080.306    11.027    -1.25    2.40
 -90706.893    10.415    -1.64    2.57
 -90333.462    10.124    -0.78    2.80
 -89960.013     9.857    -0.71    3.17
 -89586.544     9.438    -1.12    3.28
 -89213.056     9.164    -0.73    2.91
 -88839.550     9.343     0.48    2.73
 -88466.025     9.936     1.59    2.76
 -88092.481    10.225     0.77    2.51
 -87718.918    10.235     0.03    2.46
 -87345.336    10.013    -0.59    2.39
 -86971.735     9.601    -1.10    2.21
 -86598.115     9.213    -1.04    2.09
 -86224.477     8.668    -1.46    1.49
 -85850.819     8.096    -1.53    1.30
 -85477.143     7.905    -0.51    1.32
 -85103.448     7.590    -0.84    1.40
 -84729.733     7.368    -0.59    1.84
 -84356.000     7.755     1.03    2.08
 -83982.248     7.702    -0.14    2.12
 -83608.477     7.515    -0.50    2.06
 -83234.687     7.255    -0.70    2.00
 -82860.879     7.539     0.76    1.80
 -82487.051     7.573     0.09    1.59
 -82113.204     7.368    -0.55    1.89
 -81739.338     7.391     0.06    2.06
 -81365.454     7.435     0.12    1.91
 -80991.550     7.393    -0.11    2.16
 -80617.628     7.846     1.21    1.86
 -80243.686     8.344     1.33    1.85
 -79869.726     8.346     0.00    1.82
 -79495.746     7.590    -2.02    2.57
 -79121.748     6.618    -2.60    3.19
 -78747.730     5.835    -2.09    3.18
 -78373.694     5.511    -0.87    3.07
 -77999.638     5.999     1.30    2.94
 -77625.564     6.297     0.80    2.84
 -77251.470     6.702     1.08    2.64
 -76877.358     7.477     2.07    2.30
 -76503.226     7.716     0.64    2.18
 -76129.076     7.790     0.20    2.28
 -75754.906     8.205     1.11    1.85
 -75380.717     7.890    -0.84    2.47
 -75006.510     6.797    -2.92    3.13
 -74632.283     5.302    -4.00    2.97
 -74258.037     3.618    -4.50    0.84
 -73883.773     3.368    -0.67    0.00
 -73509.489     3.546     0.47    1.19
 -73135.186     4.959     3.78    5.92
 -72760.864    12.477    20.08   14.98
 -72386.523    23.482    29.40   17.46
 -72012.163    29.790    16.85   14.35
 -71637.783    33.596    10.16    9.88
 -71263.385    30.846    -7.34   10.74
 -70888.968    27.057   -10.12   11.65
 -70514.531    24.891    -5.78   14.70
 -70140.076    22.118    -7.40   16.52
 -69765.601    17.302   -12.86   17.50
 -69391.107    14.835    -6.59   17.74
 -69016.594     9.724   -13.65   13.83
 -68642.062     7.573    -5.74   10.26
 -68267.511     5.879    -4.52    4.37
 -67892.941     7.027     3.06    4.42
 -67518.351     7.524     1.33    3.95
 -67143.743     8.694     3.12    5.73
 -66769.115     9.436     1.98    7.12
 -66394.468     9.657     0.59    7.31
 -66019.802    10.764     2.95    9.08
 -65645.117    12.455     4.51   11.25
 -65270.413    14.709     6.01   13.20
 -64895.689    12.914    -4.79   11.46
 -64520.946    12.042    -2.33   10.72
 -64146.184     8.825    -8.58    5.67
 -63771.403     7.323    -4.01    2.41
 -63396.603     6.868    -1.21    1.82
 -63021.784     7.086     0.58    2.18
 -62646.945     7.654     1.52    1.63
 -62272.087     7.724     0.19    0.98
 -61897.210     7.777     0.14    0.92
 -61522.314     7.790     0.04    0.99
 -61147.399     7.686    -0.28    1.09
 -60772.464     7.606    -0.21    0.96
 -60397.510    12.686    13.55   10.89
 -60022.537    20.440    20.68   15.86
 -59647.544    25.124    12.49   16.24
 -59272.533    29.232    10.95   14.55
 -58897.502    30.596     3.64   11.64
 -58522.452    33.209     6.97    9.03
 -58147.382    37.940    12.61    7.58
 -57772.294    43.686    15.32    7.00
 -57397.186    48.940    14.00    7.25
 -57022.059    53.990    13.46    8.07
 -56646.912    60.924    18.48    8.00
 -56271.746    66.345    14.45    6.64
 -55896.561    68.857     6.70    5.01
 -55521.357    68.393    -1.24    6.00
 -55146.133    65.141    -8.67    8.01
 -54770.891    59.559   -14.88    7.85
 -54395.628    53.413   -16.38    8.22
 -54020.347    48.391   -13.38    7.66
 -53645.046    44.043   -11.59    6.32
 -53269.726    39.479   -12.16    7.21
 -52894.386    35.343   -11.02    7.32
 -52519.028    35.482     0.37    6.23
 -52143.649    38.857     8.99    7.77
 -51768.252    43.709    12.92    8.84
 -51392.835    50.413    17.86    8.07
 -51017.399    55.414    13.32    7.44
 -50641.943    58.325     7.75    7.93
 -50266.468    59.630     3.48    8.49
 -49890.974    61.102     3.92    7.91
 -49515.461    61.755     1.74    6.46
 -49139.928    64.890     8.35    6.28
 -48764.375    68.702    10.15    7.22
 -48388.803    72.459    10.00    6.81
 -48013.212    73.847     3.69    6.46
 -47637.602    72.186    -4.42    6.09
 -47261.972    70.568    -4.31    7.08
 -46886.322    66.459   -10.94    7.29
 -46510.654    63.190    -8.70    8.27
 -46134.966    59.013   -11.12    8.30
 -45759.258    54.118   -13.03    6.61
 -45383.531    53.436    -1.81    6.57
 -45007.785    52.050    -3.69    7.84
 -44632.019    53.164     2.96    8.27
 -44256.233    54.279     2.97    7.54
 -43880.429    53.800    -1.28    6.20
 -43504.604    55.738     5.16    7.18
 -43128.761    56.914     3.13    6.77
 -42752.898    54.702    -5.89    6.34
 -42377.015    53.459    -3.31    6.18
 -42001.113    50.596    -7.62    7.06
 -41625.192    47.413    -8.47    6.88
 -41249.251    46.124    -3.43    6.09
 -40873.290    45.064    -2.82    6.71
 -40497.310    45.257     0.51    6.84
 -40121.311    44.190    -2.84    7.19
 -39745.292    43.232    -2.55    6.71
 -39369.253    44.368     3.02    5.35
 -38993.195    43.368    -2.66    6.85
 -38617.118    39.818    -9.44    8.90
 -38241.021    34.213   -14.90   11.76
 -37864.905    26.573   -20.31   14.04
 -37488.769    18.255   -22.11   12.02
 -37112.613    11.302   -18.48    6.63
 -36736.438     7.832    -9.22    3.67
 -36360.243     6.755    -2.86    2.48
 -35984.029     6.149    -1.61    2.31
 -35607.795     5.936    -0.56    2.19
 -35231.542     5.959     0.06    2.24
 -34855.269     6.027     0.18    2.35
 -34478.977     6.168     0.37    2.78
 -34102.665     6.018    -0.40    3.14
 -33726.333     5.891    -0.34    3.28
 -33349.982     5.057    -2.22    3.46
 -32973.611     5.205     0.39    4.71
 -32597.221     6.302     2.91    8.42
 -32220.811     9.857     9.45   16.23
 -31844.382    13.499     9.67   19.76
 -31467.933    12.725    -2.05   18.32
 -31091.464    13.457     1.94   17.58
 -30714.975    11.800    -4.40   15.84
 -30338.468    13.803     5.32   19.33
 -29961.940    11.102    -7.17   18.11
 -29585.393     7.482    -9.61   13.56
 -29208.826     3.985    -9.29    8.42
 -28832.239     0.914    -8.16    1.76
 -28455.633     0.613    -0.80    1.15
 -28079.007     0.368    -0.65    0.00
 -27702.362     0.968     1.59    1.96
 -27325.697     1.732     2.03    3.31
 -26949.012     2.300     1.51    3.46
 -26572.308     2.902     1.60    3.83
 -26195.583     3.596     1.84    4.09
 -25818.840     3.436    -0.42    3.86
 -25442.076     4.879     3.83    4.49
 -25065.293     5.987     2.94    4.05
 -24688.490     6.499     1.36    3.44
 -24311.668     6.924     1.13    2.86
 -23934.825     7.173     0.66    1.83
 -23557.963     6.209    -2.56    1.46
 -23181.082     5.987    -0.59    1.46
 -22804.180     5.777    -0.56    1.56
 -22427.259     5.440    -0.90    1.67
 -22050.318     5.657     0.58    1.69
 -21673.357     5.568    -0.24    1.63
 -21297.657     5.368    -0.53    1.57
 -20924.559     5.857     1.31    1.66
 -20551.443     6.112     0.68    1.57
 -20178.307     5.959    -0.41    1.54
 -19805.152     5.702    -0.69    1.44
 -19431.977     4.902    -2.14    1.71
 -19058.783     4.641    -0.70    1.40
 -18685.570     4.590    -0.14    1.69
 -18312.338     5.368     2.08    1.81
 -17939.086     5.178    -0.51    2.36
 -17565.815     5.186     0.02    3.51
 -17192.524     4.229    -2.57    4.32
 -16819.214     3.096    -3.04    4.67
 -16445.885     2.255    -2.25    4.76
 -16072.536     2.102    -0.41    4.62
 -15699.168     3.168     2.86    5.33
 -15325.780     4.178     2.70    5.52
 -14952.373     4.324     0.39    5.53
 -14578.947     3.943    -1.02    5.03
 -14205.501     2.573    -3.67    4.32
 -13832.036     1.879    -1.86    3.90
 -13458.552     2.005     0.34    4.11
 -13085.048     2.857     2.28    4.06
 -12711.525     4.232     3.68    4.06
 -12337.982     4.977     1.99    3.49
 -11964.420     3.880    -2.94    3.58
 -11590.838     3.457    -1.13    3.46
 -11217.237     2.601    -2.29    3.14
 -10843.616     2.624     0.06    3.09
 -10469.976     3.151     1.41    3.19
 -10096.317     3.857     1.89    3.45
  -9722.638     3.666    -0.51    3.30
  -9348.940     3.725     0.16    3.19
  -8975.222     3.879     0.41    3.39
  -8601.485     3.833    -0.12    3.32
  -8227.728     4.079     0.66    3.39
  -7853.952     4.194     0.31    3.30
  -7480.156     4.825     1.69    3.07
  -7106.341     4.813    -0.03    2.92
  -6732.506     4.709    -0.28    2.76
  -6358.652     4.347    -0.97    1.84
  -5984.778     4.255    -0.25    1.40
  -5610.885     4.235    -0.05    1.08
  -5236.972     4.709     1.27    1.61
  -4863.040     5.213     1.35    1.80
  -4489.088     5.302     0.24    1.92
  -4115.116     5.550     0.66    2.07
  -3741.125     5.412    -0.37    2.38
  -3367.115     4.657    -2.02    2.18
  -2993.085     4.413    -0.65    1.99
  -2619.035     3.990    -1.13    2.93
  -2244.966     3.391    -1.60    3.11
  -1870.878     2.477    -2.44    3.46
  -1496.769     1.050    -3.81    3.11
  -1122.641     0.190    -2.30    2.21
   -748.494    -0.371    -1.50    1.25
   -374.327    -0.632    -0.70    0.00
     -0.140    -0.632     0.00    0.00
    374.066    -0.399     0.62    1.02
    748.292    -0.067     0.89    1.67
   1122.537     0.043     0.29    1.76
   1496.802    -0.100    -0.38    1.64
   1871.087     0.477     1.54    2.24
   2245.391     1.279     2.14    2.83
   2619.715     2.118     2.24    2.82
   2994.058     2.508     1.04    2.60
   3368.421     2.990     1.29    2.41
   3742.804     2.321    -1.79    2.78
   4117.206     1.129    -3.18    2.60
   4491.628     0.368    -2.03    1.83
   4866.070     0.568     0.53    1.94
   5240.531     1.027     1.23    2.57
   5615.012     1.624     1.59    2.67
   5989.513     2.096     1.26    2.59
   6364.034     2.443     0.93    2.60
   6738.574     2.479     0.10    2.80
   7113.133     2.182    -0.79    2.56
   7487.713     1.479    -1.88    2.20
   7862.312     1.302    -0.47    2.17
   8236.931     1.392     0.24    2.47
   8611.569     1.300    -0.25    2.19
   8986.227     1.535     0.63    2.25
   9360.905     1.573     0.10    2.57
   9735.603     1.531    -0.11    2.66
  10110.320     1.857     0.87    2.87
  10485.057     2.546     1.84    3.02
  10859.814     2.916     0.99    3.17
  11234.591     3.724     2.16    3.15
  11609.387     4.793     2.85    2.55
  11984.203     5.414     1.66    1.90
  12359.039     5.651     0.63    1.34
  12733.895     5.891     0.64    1.37
  13108.770     6.057     0.44    1.47
  13483.665     6.050    -0.02    1.39
  13858.580     5.977    -0.20    1.71
  14233.515     5.987     0.03    1.65
  14608.469     5.857    -0.35    1.66
  14983.443     5.686    -0.46    1.65
  15358.437     5.825     0.37    1.66
  15733.451     5.702    -0.33    1.64
  16108.485     5.755     0.14    1.48
  16483.538     4.781    -2.60    2.67
  16858.612     2.936    -4.92    3.37
  17233.705     0.857    -5.54    3.16
  17608.817    -0.787    -4.38    2.08
  17983.950    -1.632    -2.25    0.00
  18359.103    -1.632     0.00    0.00
  18734.275    -1.632     0.00    0.00
  19109.467    -1.410     0.59    0.95
  19484.680    -0.588     2.19    2.82
  19859.912     0.568     3.08    3.67
  20235.163     1.968     3.73    3.79
  20610.435     2.641     1.79    3.71
  20985.727     3.912     3.39    3.17
  21361.038     4.436     1.40    2.56
  21736.369     4.260    -0.47    2.02
  22111.720     4.064    -0.52    2.03
  22487.092     3.868    -0.52    2.07
  22862.483     3.702    -0.44    2.16
  23237.893     3.773     0.19    2.37
  23613.324     3.173    -1.60    2.67
  23988.775     2.416    -2.02    3.03
  24364.246     3.303     2.36    6.86
  24739.736     5.868     6.83   10.30
  25115.246     9.479     9.62   12.40
  25490.777    13.505    10.72   12.98
  25866.327    17.531    10.72   11.65
  26241.897    23.255    15.24    9.14
  26617.488    27.344    10.89    5.78
  26993.098    28.590     3.32    3.45
  27368.728    28.190    -1.06    3.65
  27744.378    26.578    -4.29    3.39
  28120.048    25.013    -4.17    2.08
  28495.738    24.368    -1.72    1.09
  28871.448    24.096    -0.73    1.04
  29247.178    24.096     0.00    1.17
  29622.928    24.324     0.61    1.26
  29998.698    24.435     0.30    1.32
  30374.488    24.277    -0.42    1.36
  30750.298    24.107    -0.45    1.36
  31126.128    24.076    -0.08    1.31
  31501.978    23.390    -1.82    1.92
  31877.848    22.596    -2.12    2.39
  32253.738    22.079    -1.37    2.22
  32629.648    21.724    -0.95    2.19
  33005.578    22.279     1.48    2.79
  33381.528    22.607     0.87    3.13
  33757.498    23.323     1.90    3.28
  34133.488    23.435     0.30    2.67
  34509.499    23.790     0.95    2.28
  34885.529    24.141     0.93    1.75
  35261.579    24.477     0.89    1.83
  35637.650    24.891     1.10    1.77
  36013.740    25.257     0.97    1.72
  36389.851    25.520     0.70    1.62
  36765.982    25.990     1.25    1.34
  37142.132    26.279     0.77    1.38
  37518.303    26.601     0.85    1.27
  37894.494    26.868     0.71    1.21
  38270.705    27.141     0.72    1.29
  38646.936    27.413     0.72    1.33
  39023.188    27.479     0.18    1.30
  39399.459    27.517     0.10    1.22
  39775.751    27.657     0.37    1.22
  40152.062    27.637    -0.05    1.27
  40528.394    27.879     0.65    1.18
  40904.746    28.112     0.62    1.14
  41281.118    27.902    -0.56    0.99
  41657.510    28.124     0.59    1.03
  42033.923    28.322     0.53    1.02
  42410.355    28.505     0.49    1.11
  42786.808    28.654     0.40    1.17
  43163.281    28.505    -0.40    1.25
  43539.774    28.505     0.00    1.27
  43916.287    28.459    -0.12    1.34
  44292.821    28.260    -0.53    1.45
  44669.374    28.130    -0.34    1.41
  45045.948    27.716    -1.10    1.79
  45422.542    27.083    -1.68    1.89
  45799.157    26.435    -1.72    2.30
  46175.791    25.651    -2.08    2.39
  46552.446    25.303    -0.92    2.56
  46929.121    24.781    -1.39    2.50
  47305.816    24.255    -1.40    2.46
  47682.531    23.347    -2.41    1.59
  48059.267    22.959    -1.03    1.23
  48436.023    22.990     0.08    1.32
  48812.799    22.999     0.02    1.34
  49189.595    23.213     0.57    1.28
  49566.412    23.542     0.87    1.23
  49943.249    23.760     0.58    1.22
  50320.106    24.325     1.50    1.15
  50696.983    24.835     1.35    1.18
  51073.881    25.112     0.74    1.26
  51450.799    25.325     0.56    1.32
  51827.737    25.273    -0.14    1.34
  52204.696    25.325     0.14    1.23
  52581.675    25.232    -0.25    1.19
  52958.674    25.433     0.53    1.32
  53335.693    25.482     0.13    1.28
  53709.524    25.601     0.32    1.25
  54082.564    25.868     0.72    1.34
  54455.623    26.124     0.69    1.20
  54828.702    26.235     0.30    1.29
  55201.801    27.164     2.49    3.73
  55574.920    26.946    -0.58    1.47
  55948.059    27.390     1.19    1.51
  56321.218    27.322    -0.18    1.46
  56694.397    27.482     0.43    1.24
  57067.595    27.606     0.33    1.36
  57440.814    28.190     1.57    1.72
  57814.052    28.601     1.10    1.69
  58187.311    29.457     2.29    1.64
  58560.589    30.368     2.44    1.45
  58933.887    31.345     2.62    1.64
  59307.205    32.346     2.68    1.66
  59680.543    33.268     2.47    1.41
  60053.901    34.141     2.34    1.64
  60427.279    34.686     1.46    1.36
  60800.677    35.079     1.05    1.20
  61174.095    35.013    -0.18    1.05
  61547.533    34.982    -0.08    1.10
  61920.991    35.007     0.07    1.34
  62294.469    34.797    -0.56    1.33
  62667.966    34.768    -0.08    1.21
  63041.484    34.916     0.40    1.35
  63415.022    35.124     0.56    1.94
  63788.580    35.538     1.11    2.03
  64162.157    36.586     2.80    2.51
  64535.755    36.847     0.70    2.46
  64909.373    36.546    -0.80    2.17
  65283.011    35.542    -2.69    1.90
  65656.669    34.606    -2.50    1.66
  66030.346    34.651     0.12    1.68
  66404.044    34.777     0.34    1.98
  66777.762    34.982     0.55    2.10
  67151.500    35.064     0.22    1.92
  67525.258    34.977    -0.23    1.82
  67899.036    34.645    -0.89    1.66
  68272.834    34.813     0.45    1.75
  68646.652    34.803    -0.03    1.63
  69020.491    35.186     1.03    1.72
  69394.349    35.435     0.66    1.83
  69768.227    35.977     1.45    1.82
  70142.126    36.303     0.87    1.89
  70516.044    36.921     1.65    1.75
  70889.983    37.414     1.32    1.75
  71263.942    37.999     1.56    1.58
  71637.920    39.118     2.99    1.92
  72011.919    40.459     3.59    2.33
  72385.938    41.813     3.62    2.38
  72759.978    43.298     3.97    2.21
  73134.037    44.499     3.21    1.90
  73508.116    45.482     2.63    1.66
  73882.216    46.238     2.02    1.17
  74256.336    46.651     1.10    1.36
  74630.475    46.432    -0.58    1.59
  75004.635    45.479    -2.55    2.38
  75378.815    44.773    -1.89    2.64
  75753.016    44.064    -1.90    2.39
  76127.236    43.630    -1.16    2.18
  76501.477    44.281     1.74    2.31
  76875.738    45.164     2.36    2.19
  77250.019    45.813     1.73    2.16
  77624.320    45.835     0.06    2.11
  77998.641    45.740    -0.25    2.07
  78372.983    46.527     2.10    2.10
  78747.345    47.344     2.18    1.97
  79121.727    48.568     3.27    1.71
  79496.129    49.709     3.05    1.52
  79870.551    50.524     2.18    1.62
  80244.994    51.302     2.08    1.85
  80619.457    52.059     2.02    2.07
  80993.940    52.436     1.01    2.53
  81368.443    52.554     0.31    2.93
  81742.967    52.868     0.84    2.60
  82117.510    53.564     1.86    2.38
  82492.074    54.118     1.48    2.22
  82866.659    55.455     3.57    2.18
  83241.263    56.732     3.41    1.70
  83615.888    57.999     3.38    1.78
  83990.533    59.106     2.96    1.85
  84365.199    59.702     1.59    1.78
  84739.884    60.803     2.94    1.54
  85114.590    61.629     2.20    1.73
  85489.317    62.194     1.51    1.90
  85864.063    62.879     1.83    1.77
  86238.830    63.325     1.19    1.44
  86613.617    63.436     0.30    1.45
  86988.425    63.790     0.94    1.64
  87363.252    64.435     1.72    1.56
  87738.101    64.732     0.79    1.56
  88112.969    64.815     0.22    1.68
  88487.858    64.527    -0.77    1.95
  88862.767    63.746    -2.08    2.21
  89237.696    62.694    -2.81    2.46
  89612.646    61.281    -3.77    2.61
  89987.616    59.302    -5.28    2.61
  90362.607    57.618    -4.49    2.94
  90737.618    54.520    -8.26    3.84
  91112.649    51.647    -7.66    4.46
  91487.701    47.890   -10.02    4.66
  91862.773    44.542    -8.93    3.25
  92237.865    42.803    -4.64    1.94
  92612.978    42.800    -0.01    2.04
  92988.111    44.035     3.29    2.61
  93363.265    45.990     5.21    2.86
  93738.439    47.734     4.65    2.35
  94113.634    49.813     5.54    3.13
  94488.849    51.232     3.78    3.16
  94864.084    52.902     4.45    3.10
  95239.340    53.879     2.61    3.00
  95614.616    54.485     1.61    3.58
  95989.912    55.096     1.63    4.90
  96365.229    55.606     1.36    6.56
  96740.567    55.635     0.08    5.91
  97115.925    57.013     3.67    5.97
  97491.303    57.457     1.18    4.74
  97866.702    59.499     5.44    4.24
  98242.122    60.252     2.01    3.87
  98617.561    60.042    -0.56    4.01
  98993.022    59.678    -0.97    3.48
  99368.503    59.724     0.12    2.75
  99744.004    60.900     3.13    2.75
 100119.526    61.520     1.65    2.32
 100495.068    61.455    -0.17    2.65
 100870.631    60.800    -1.74    3.49
 101246.214    58.673    -5.66    3.92
 101621.818    56.118    -6.80    3.33
 101997.442    54.724    -3.71    3.90
 102373.087    53.435    -3.43    3.99
 102748.753    51.279    -5.74    3.73
 103124.439    50.070    -3.22    3.08
 103500.145    49.277    -2.11    1.78
 103875.872    49.835     1.48    2.15
 104251.620    51.325     3.97    2.68
 104627.388    52.760     3.82    2.92
 105003.177    54.257     3.99    2.53
 105378.986    55.573     3.50    2.58
 105754.816    56.781     3.22    2.36
 106130.666    58.118     3.56    2.52
 106506.538    60.520     6.39    3.10
 106882.429    62.502     5.27    2.77
 107258.342    64.070     4.17    2.27
 107634.274    64.902     2.21    1.95
 108010.228    64.926     0.07    2.40
 108386.202    64.968     0.11    2.53
 108762.197    65.106     0.37    2.53
 109138.212    65.790     1.82    2.58
 109514.248    66.568     2.07    2.59
 109890.305    67.531     2.56    2.74
 110266.382    69.190     4.41    2.74
 110642.480    70.559     3.64    2.42
 111018.598    71.709     3.06    2.08
 111394.738    72.858     3.05    1.49
 111770.897    73.524     1.77    1.40
 112147.078    73.999     1.26    1.42
 112523.279    74.324     0.86    1.28
 112899.501    74.738     1.10    1.36
 113275.744    75.019     0.75    1.25
 113652.007    75.124     0.28    1.45
 114028.291    75.232     0.29    1.64
 114404.595    74.946    -0.76    1.98
 114780.921    75.673     1.93    1.47
 115157.267    76.027     0.94    1.48
 115533.634    76.597     1.51    1.43
 115910.021    77.173     1.53    1.31
 116286.429    77.542     0.98    1.32
 116662.858    78.257     1.90    1.34
 117039.308    78.823     1.50    1.45
 117415.779    79.586     2.03    1.44
 117792.270    79.982     1.05    1.50
 118168.782    79.985     0.01    1.84
 118545.314    79.933    -0.14    2.54
 118921.868    80.070     0.36    3.61
 119298.442    78.702    -3.64    3.75
 119675.037    77.440    -3.35    3.36
 120051.653    75.781    -4.40    3.11
 120428.290    73.416    -6.28    3.29
 120804.947    71.013    -6.38    3.48
 121181.625    68.502    -6.67    3.06
 121558.324    66.624    -4.98    2.04
 121935.044    66.390    -0.62    1.74
 122311.784    66.940     1.46    2.11
 122688.546    68.732     4.76    2.53
 123065.328    71.304     6.83    2.60
 123442.131    73.027     4.57    2.23
 123818.955    74.760     4.60    2.24
 124195.800    76.596     4.87    2.07
 124572.665    77.607     2.69    1.93
 124949.552    78.440     2.21    1.72
 125326.459    78.586     0.39    1.99
 125703.387    78.542    -0.12    2.10
 126080.336    78.629     0.23    1.89
 126457.306    79.281     1.73    1.92
 126834.297    79.936     1.74    2.03
 127211.309    81.049     2.95    1.97
 127588.341    81.857     2.14    1.98
 127965.394    82.502     1.71    1.74
 128341.359    83.146     1.71    1.48
 128714.320    83.641     1.33    1.17
 129087.302    83.673     0.08    1.15
 129460.305    83.959     0.77    1.13
 129833.327    84.070     0.30    1.06
 130206.371    84.064    -0.02    1.05
 130579.434    84.113     0.13    0.99
 130952.518    84.146     0.09    0.90
 131325.623    83.982    -0.44    0.99
 131698.748    83.679    -0.81    1.08
 132071.893    83.511    -0.45    1.12
 132445.059    83.194    -0.85    1.16
 132818.246    83.146    -0.13    1.38
 133191.453    82.694    -1.21    1.55
 133564.680    82.414    -0.75    1.60
 133937.928    81.900    -1.38    2.06
 134311.197    81.414    -1.30    2.35
 134684.485    81.019    -1.06    2.66
 135057.795    80.846    -0.47    2.37
 135431.125    81.249     1.08    2.21
 135804.475    81.813     1.51    2.14
 136177.846    82.590     2.08    1.69
 136551.238    83.146     1.49    1.59
 136924.650    83.946     2.14    1.53
 137298.082    84.647     1.88    1.33
 137671.535    85.118     1.26    1.10
 138045.009    85.182     0.17    1.01
 138418.503    85.102    -0.22    1.10
 138792.018    84.716    -1.03    1.27
 139165.553    84.391    -0.87    1.44
 139539.109    83.825    -1.52    1.92
 139912.686    83.323    -1.34    2.10
 140286.283    81.912    -3.78    2.50
 140659.901    80.783    -3.02    2.29
 141033.539    80.057    -1.94    1.77
 141407.198    79.902    -0.42    1.24
 141780.877    80.390     1.31    1.32
 142154.577    81.049     1.76    1.53
 142528.298    81.564     1.38    1.42
 142902.039    81.889     0.87    1.40
 143275.801    82.027     0.37    1.49
 143649.584    82.304     0.74    1.51
 144023.387    82.641     0.90    1.48
 144397.211    83.146     1.35    1.62
 144771.055    83.803     1.76    1.36
 145144.920    84.542     1.98    1.40
 145518.806    84.943     1.07    1.41
 145892.713    85.505     1.50    1.11
 146266.640    85.694     0.51    1.10
 146640.588    85.868     0.47    1.11
 147014.556    85.879     0.03    1.16
 147388.545    86.146     0.71    0.97
 147762.555    86.186     0.11    0.99
 148136.586    86.433     0.66    1.04
 148510.637    86.391    -0.11    1.07
 148884.709    86.681     0.77    1.15
 149258.801    86.716     0.09    1.22
 149632.915    86.673    -0.12    1.19
 150007.049    86.596    -0.21    1.18
 150381.204    86.281    -0.84    1.19
 150755.379    86.146    -0.36    0.93
 151129.575    86.027    -0.32    0.82
 151503.793    85.607    -1.12    1.21
 151878.030    85.073    -1.43    1.21
 152252.289    84.746    -0.87    1.13
 152626.568    84.479    -0.71    1.07
 153000.868    84.346    -0.36    1.19
 153375.189    84.213    -0.35    1.24
 153749.530    84.249     0.10    1.21
 154123.893    84.005    -0.65    1.12
 154498.276    83.823    -0.49    1.07
 154872.680    83.835     0.03    0.92
 155247.105    84.124     0.77    1.07
 155621.550    84.527     1.08    0.89
 155996.016    84.999     1.26    1.02
 156370.504    85.416     1.11    0.94
 156745.012    85.457     0.11    0.90
 157119.540    85.438    -0.05    0.91
 157494.090    85.324    -0.30    0.93
 157868.660    85.155    -0.45    0.93
 158243.252    85.064    -0.24    0.99
 158617.864    85.049    -0.04    0.86
 158992.497    84.982    -0.18    0.87
 159367.151    85.070     0.24    1.21
 159741.825    85.232     0.43    1.23
 160116.521    85.235     0.01    1.38
 160491.237    85.190    -0.12    1.47
 160865.975    85.042    -0.40    1.10
 161240.733    85.134     0.25    1.25
 161615.512    85.073    -0.16    1.27
 161990.312    84.781    -0.78    1.17
 162365.133    84.499    -0.75    1.28
 162739.974    84.412    -0.23    1.59
 163114.837    84.279    -0.35    1.50
 163489.721    84.255    -0.07    1.63
 163864.625    83.890    -0.97    1.85
 164239.551    82.891    -2.66    1.64
 164614.497    82.411    -1.28    1.64
 164989.464    81.716    -1.85    1.42
 165364.452    81.347    -0.99    1.41
 165739.462    80.912    -1.16    1.29
 166114.492    80.459    -1.21    1.24
 166489.543    80.255    -0.55    1.47
 166864.615    80.089    -0.44    1.45
 167239.708    80.079    -0.03    1.52
 167614.822    80.618     1.44    2.00
 167989.957    80.879     0.70    2.24
 168365.113    80.924     0.12    2.47
 168740.290    81.035     0.30    2.54
 169115.488    81.257     0.59    2.46
 169490.707    81.050    -0.55    2.67
 169865.946    80.946    -0.28    2.35
 170241.207    80.943    -0.01    2.02
 170616.489    80.868    -0.20    1.59
 170991.792    80.687    -0.48    1.52
 171367.116    79.857    -2.21    2.01
 171742.461    79.129    -1.94    2.40
 172117.828    78.005    -3.00    2.62
 172493.215    77.835    -0.45    2.47
 172868.623    77.324    -1.36    2.79
 173244.052    77.346     0.06    2.93
 173619.502    76.538    -2.15    2.91
 173994.974    75.936    -1.60    2.67
 174370.466    74.977    -2.56    2.17
 174745.980    74.368    -1.62    1.70
 175121.514    74.198    -0.45    1.69
 175497.070    74.746     1.46    2.39
 175872.647    75.914     3.11    2.81
 176248.245    77.912     5.32    2.20
 176623.864    79.164     3.33    1.62
 176999.504    79.773     1.62    1.48
 177375.165    80.433     1.76    1.45
 177750.847    80.977     1.45    1.31
 178126.551    81.390     1.10    1.09
 178502.275    81.914     1.39    0.90
 178878.021    81.936     0.06    0.82
 179253.788    81.810    -0.34    1.45
 179629.576    81.524    -0.76    1.97
 180005.385    81.257    -0.71    2.26
 180381.215    81.990     1.95    2.48
 180757.067    82.325     0.89    2.09
 181132.939    83.083     2.02    2.11
 181508.833    83.564     1.28    2.02
 181884.748    84.050     1.29    1.93
 182260.685    84.924     2.32    1.69
 182636.642    85.709     2.09    1.39
 183012.621    86.238     1.41    1.64
 183388.620    86.794     1.48    1.56
 183764.641    86.914     0.32    1.72
 184140.684    85.890    -2.72    2.80
 184516.747    85.186    -1.87    2.81
 184892.832    84.790    -1.05    2.70
 185268.937    84.781    -0.02    2.24
 185645.065    85.477     1.85    2.09
 186021.213    86.368     2.37    1.65
 186397.383    87.164     2.11    1.41
 186773.573    87.985     2.18    1.50
 187149.786    88.738     2.00    1.48
 187526.019    89.542     2.14    1.37
 187902.274    90.390     2.26    1.36
 188278.550    90.987     1.59    1.21
 188654.847    92.173     3.15    1.72
 189031.165    92.914     1.97    1.63
 189407.505    93.542     1.67    1.87
 189783.866    94.168     1.66    2.06
 190160.249    94.346     0.47    2.05
 190536.652    94.413     0.18    2.34
 190913.077    94.368    -0.12    2.15
 191289.524    94.527     0.42    2.08
 191665.991    94.635     0.29    2.09
 192042.480    94.702     0.18    1.99
 192418.991    94.607    -0.25    1.54
 192795.522    94.568    -0.10    1.12
 193172.075    94.868     0.80    1.38
 193548.650    95.083     0.57    1.27
 193925.245    95.079    -0.01    1.04
 194301.862    94.912    -0.45    0.91
 194678.501    94.847    -0.17    0.94
 195055.161    94.687    -0.42    1.02
 195431.842    94.300    -1.03    1.07
 195808.545    94.035    -0.70    1.02
 196185.269    93.520    -1.37    1.15
 196562.014    92.900    -1.65    1.40
 196938.781    92.079    -2.18    1.50
 197315.569    91.391    -1.83    1.32
 197692.379    90.738    -1.73    1.32
 198069.210    90.482    -0.68    1.28
 198446.062    90.049    -1.15    1.11
 198822.936    89.781    -0.71    1.15
 199199.831    89.666    -0.31    1.16
 199576.748    89.477    -0.50    1.40
 199953.686    89.368    -0.29    1.50
 200330.646    89.190    -0.47    1.32
 200707.627    88.903    -0.76    1.10
 201084.630    88.679    -0.59    1.29
 201461.654    88.368    -0.83    1.52
 201838.699    88.027    -0.90    1.51
 202215.766    87.586    -1.17    1.53
 202592.855    87.563    -0.06    1.27
 202969.965    87.302    -0.69    1.14
 203343.953    87.155    -0.39    1.04
 203716.856    87.020    -0.36    1.12
 204089.781    87.113     0.25    1.33
 204462.726    87.194     0.22    1.37
 204835.692    87.327     0.35    1.29
 205208.679    87.550     0.60    1.26
 205581.687    87.900     0.94    1.10
 205954.716    88.255     0.95    1.19
 206327.766    88.724     1.26    1.28
 206700.838    89.455     1.96    1.46
 207073.930    90.129     1.81    1.42
 207447.043    90.517     1.04    1.30
 207820.177    90.709     0.51    1.33
 208193.333    90.654    -0.15    1.58
 208566.509    89.977    -1.81    1.67
 208939.707    89.687    -0.78    1.59
 209312.925    89.368    -0.86    1.40
 209686.165    89.035    -0.89    1.33
 210059.426    88.455    -1.55    1.59
 210432.708    88.186    -0.72    1.53
 210806.011    88.020    -0.44    1.40
 211179.335    88.050     0.08    1.20
 211552.680    88.241     0.51    1.48
 211926.046    88.564     0.87    1.68
 212299.434    88.517    -0.13    1.72
 212672.842    88.390    -0.34    1.67
 213046.272    88.050    -0.91    1.39
 213419.722    87.857    -0.52    1.34
 213793.194    87.759    -0.26    1.18
 214166.687    87.347    -1.10    1.41
 214540.202    86.414    -2.50    2.24
 214913.737    85.613    -2.14    2.66
 215287.293    84.835    -2.08    2.54
 215660.871    84.527    -0.82    2.52
 216034.470    84.657     0.35    2.56
 216408.090    85.487     2.22    2.30
 216781.731    85.914     1.14    1.72
 217155.393    85.879    -0.09    1.58
 217529.077    85.657    -0.59    1.47
 217902.782    85.453    -0.55    1.54
 218276.508    84.999    -1.22    1.54
 218650.255    84.943    -0.15    1.47
 219024.023    84.527    -1.11    1.40
 219397.813    84.499    -0.08    1.57
 219771.624    84.159    -0.91    1.46
 220145.456    83.790    -0.99    1.57
 220519.309    83.347    -1.19    1.71
 220893.184    82.847    -1.34    1.76
 221267.080    82.262    -1.56    1.91
 221640.997    81.846    -1.11    1.82
 222014.935    81.347    -1.33    1.76
 222388.894    80.542    -2.15    2.12
 222762.875    79.858    -1.83    2.68
 223136.877    78.679    -3.15    2.60
 223510.901    78.368    -0.83    2.68
 223884.945    78.194    -0.47    2.69
 224259.011    78.057    -0.37    2.98
 224633.099    78.730     1.80    3.40
 225007.207    79.324     1.59    3.43
 225381.337    80.134     2.17    3.04
 225755.488    80.129    -0.01    3.29
 226129.661    80.113    -0.04    3.44
 226503.855    79.102    -2.70    3.43
 226878.070    78.618    -1.29    3.20
 227252.306    78.173    -1.19    3.05
 227626.564    77.996    -0.47    2.50
 228000.843    78.238     0.65    2.32
 228375.144    78.686     1.20    2.15
 228749.466    79.102     1.11    2.31
 229123.809    78.368    -1.96    2.36
 229498.174    78.005    -0.97    2.54
 229872.560    77.664    -0.91    2.35
 230246.967    76.647    -2.72    2.00
 230621.396    75.990    -1.75    2.14
 230995.846    75.794    -0.53    1.95
 231370.318    75.102    -1.85    1.88
 231744.811    74.858    -0.65    1.65
 232119.325    74.768    -0.24    1.45
 232493.861    75.129     0.96    1.48
 232868.418    75.459     0.88    1.63
 233242.997    75.825     0.98    1.63
 233617.597    76.134     0.83    1.68
 233992.218    76.235     0.27    1.42
 234366.861    76.283     0.13    1.52
 234741.526    76.412     0.34    1.50
 235116.212    76.613     0.54    1.60
 235490.919    76.835     0.59    1.59
 235865.648    76.709    -0.34    1.65
 236240.398    76.255    -1.21    2.36
 236615.170    75.813    -1.18    2.12
 236989.963    75.475    -0.90    1.58
 237364.777    75.435    -0.11    1.47
 237739.614    75.049    -1.03    1.37
 238114.471    74.813    -0.63    1.39
 238489.350    74.219    -1.58    1.49
 238864.251    74.086    -0.36    1.50
 239239.173    73.964    -0.32    1.54
 239614.117    74.079     0.31    1.55
 239989.082    74.618     1.44    1.57
 240364.069    74.868     0.67    1.55
 240739.077    75.205     0.90    1.29
 241114.107    75.390     0.49    1.50
 241489.159    75.413     0.06    1.40
 241864.232    75.641     0.61    1.63
 242239.326    76.129     1.30    1.79
 242614.442    76.987     2.29    1.67
 242989.580    77.768     2.08    1.92
 243364.739    78.414     1.72    2.36
 243739.920    78.933     1.39    2.59
 244115.122    78.836    -0.26    2.55
 244490.346    78.607    -0.61    2.34
 244865.592    78.283    -0.86    1.60
 245240.859    77.891    -1.05    1.39
 245616.148    78.035     0.38    1.58
 245991.458    78.186     0.40    1.63
 246366.790    78.279     0.25    1.43
 246742.144    78.477     0.53    1.49
 247117.519    78.803     0.87    1.33
 247492.916    79.181     1.01    1.61
 247868.335    79.596     1.11    1.61
 248243.775    79.815     0.58    1.67
 248619.237    79.999     0.49    1.57
 248994.721    80.134     0.36    1.27
 249370.226    80.499     0.97    1.36
 249745.753    80.868     0.98    1.37
 250121.301    81.042     0.46    1.30
 250496.872    81.011    -0.08    1.36
 250872.464    81.028     0.04    1.34
 251248.077    81.459     1.15    1.38
 251623.713    82.013     1.47    1.64
 251999.370    82.086     0.19    1.75
 252375.048    81.732    -0.94    1.81
 252750.749    81.027    -1.88    1.35
 253126.471    80.914    -0.30    1.34
 253502.215    81.042     0.34    1.23
 253877.981    81.134     0.25    1.20
 254253.768    81.303     0.45    1.24
 254629.577    81.560     0.68    1.31
 255005.408    81.277    -0.75    1.76
 255381.261    81.129    -0.39    1.95
 255757.135    80.823    -0.82    2.03
 256133.031    80.102    -1.92    2.10
 256508.949    79.836    -0.71    1.84
 256884.889    79.977     0.37    2.03
 257260.851    79.722    -0.68    1.74
 257636.834    79.596    -0.34    2.24
 258012.839    78.432    -3.09    2.40
 258388.866    77.781    -1.73    2.18
 258764.915    77.304    -1.27    1.94
 259140.985    77.412     0.29    1.49
 259517.078    77.764     0.94    1.40
 259893.192    77.760    -0.01    1.50
 260269.328    77.823     0.17    1.47
 260645.486    78.281     1.22    2.61
 261021.666    78.118    -0.43    2.74
 261397.867    78.303     0.49    2.66
 261774.091    78.413     0.29    2.45
 262150.336    78.255    -0.42    1.62
 262526.603    78.005    -0.66    1.50
 262902.892    77.990    -0.04    1.45
 263279.203    77.933    -0.15    1.47
 263655.536    77.889    -0.12    1.44
 264031.890    77.977     0.23    1.47
 264408.267    78.077     0.26    1.30
 264784.665    77.777    -0.80    1.32
 265161.086    77.687    -0.24    1.37
 265537.528    77.777     0.24    1.34
 265913.992    77.546    -0.61    1.61
 266290.479    77.113    -1.15    1.69
 266666.987    77.086    -0.07    1.80
 267043.517    77.181     0.25    1.78
 267420.069    76.823    -0.95    1.92
 267796.642    76.624    -0.53    2.28
 268173.238    76.260    -0.97    2.08
 268549.856    76.432     0.46    2.05
 268926.496    76.479     0.13    2.16
 269303.158    76.868     1.03    2.27
 269679.841    77.238     0.98    2.23
 270056.547    77.323     0.23    2.06
 270433.275    77.151    -0.46    1.99
 270810.024    77.213     0.16    1.97
 271186.796    77.482     0.71    2.15
 271563.590    78.190     1.88    2.29
 271940.405    78.322     0.35    2.32
 272317.243    78.079    -0.64    2.52
 272694.103    77.517    -1.49    2.23
 273070.985    77.673     0.41    2.25
 273447.888    77.836     0.43    2.12
 273824.814    77.891     0.15    1.96
 274201.762    77.538    -0.94    1.93
 274578.732    77.020    -1.37    2.08
 274955.724    76.477    -1.44    2.22
 275332.738    75.968    -1.35    2.21
 275709.774    75.629    -0.90    2.15
 276086.832    75.722     0.25    2.10
 276463.913    75.846     0.33    2.05
 276841.015    76.155     0.82    2.06
 277218.140    75.890    -0.70    2.18
 277595.286    75.921     0.08    2.01
 277971.531    75.694    -0.60    2.29
 278344.358    76.164     1.26    2.15
 278717.206    75.781    -1.03    2.15
 279090.077    75.438    -0.92    2.16
 279462.968    75.890     1.21    2.19
 279835.882    75.686    -0.55    2.15
 280208.817    75.702     0.04    2.25
 280581.773    76.213     1.37    2.22
 280954.751    75.879    -0.89    2.38
 281327.751    75.657    -0.60    2.29
 281700.772    75.487    -0.46    2.14
 282073.815    75.746     0.69    2.05
 282446.880    75.879     0.36    2.29
 282819.966    75.803    -0.20    2.43
 283193.074    75.858     0.15    2.53
 283566.204    75.803    -0.15    2.66
 283939.355    76.092     0.77    2.24
 284312.528    76.346     0.68    2.24
 284685.722    76.260    -0.23    2.28
 285058.938    76.300     0.11    1.98
 285432.176    76.070    -0.62    2.24
 285805.436    75.999    -0.19    2.08
 286178.717    76.302     0.81    2.04
 286552.020    76.730     1.15    2.03
 286925.345    76.716    -0.04    1.77
 287298.691    76.760     0.12    2.46
 287672.059    76.846     0.23    2.81
 288045.449    77.304     1.23    2.97
 288418.860    77.433     0.35    2.72
 288792.293    77.538     0.28    2.71
 289165.748    77.013    -1.41    2.81
 289539.225    76.596    -1.12    2.77
 289912.723    76.999     1.08    2.18
 290286.244    76.732    -0.71    2.40
 290659.785    76.639    -0.25    2.20
 291033.349    77.042     1.08    2.26
 291406.935    76.858    -0.49    2.38
 291780.542    76.890     0.09    2.42
 292154.171    77.134     0.65    2.57
 292527.822    77.368     0.63    2.76
 292901.494    78.416     2.80    2.43
 293275.188    78.924     1.36    2.28
 293648.905    79.209     0.76    2.10
 294022.643    79.173    -0.10    1.95
 294396.402    78.086    -2.91    2.32
 294770.184    77.755    -0.89    2.48
 295143.987    77.496    -0.69    2.58
 295517.813    77.436    -0.16    2.56
 295891.660    77.716     0.75    2.55
 296265.529    77.868     0.41    2.73
 296639.419    77.902     0.09    2.36
 297013.332    77.368    -1.43    2.18
 297387.266    76.977    -1.05    2.05
 297761.223    77.007     0.08    2.08
 298135.201    77.477     1.26    2.37
 298509.201    78.056     1.55    2.20
 298883.223    78.618     1.50    2.50
 299257.267    78.432    -0.50    2.77
 299631.332    78.482     0.13    2.96
 300005.420    78.724     0.65    2.92
 300379.530    78.347    -1.01    2.63
 300753.661    77.781    -1.51    2.62
 301127.814    77.264    -1.38    2.74
 301501.990    76.914    -0.94    2.24
 301876.187    77.092     0.48    2.53
 302250.406    77.151     0.16    2.50
 302624.647    76.709    -1.18    2.61
 302998.910    76.654    -0.15    2.60
 303373.195    76.525    -0.35    2.36
