# NaN NaN NaN ;Mean Elev.(m), Avg Gradient(m/km), RMS Gradient(m/km) - SRTM1     
#    5.351  -0.182   4.397 ;Mean Elev.(m), Avg Gradient(m/km), RMS Gradient(m/km) - ASTER GDEM
#    5.320   0.364   1.823 ;Mean Elev.(m), Avg Gradient(m/km), RMS Gradient(m/km) - GMTED2010 
  7 299.221680 -32.503854     8.901     8.973  9 52466.57038193 38.606
  8 299.222967 -32.504405     7.747     7.864 10 52501.57037480 31.828
  9 299.215833 -32.503542     7.407     7.438  7 52536.57036119 21.638
 10 299.219762 -32.502474     8.799     8.802  8 52571.57039658 51.815
 11 299.225637 -32.504087     8.099     8.358 11 52606.57035962 32.002
 12 299.218093 -32.502821     9.532     9.644  8 52641.57035419 39.239
 13 299.225439 -32.504564     8.618     8.749 11 52676.57034283 32.467
 14 299.217974 -32.503821     9.754     9.721  8 52711.57037105 39.435
 15 299.215583 -32.503488     9.601     9.624  7 52746.57039797 35.291
 16 299.216528 -32.502268     9.211     9.258  7 52781.57033595 27.061
 17 299.215223 -32.503767     7.949     7.937  7 52816.57041662 21.424
 18 299.220776 -32.502154     7.198     7.177  9 52851.57046723 35.378
 19 299.218531 -32.501620     6.992     7.012  8 52886.57050157 24.969
 20 299.224195 -32.505090     7.336     7.410 10 52921.57045759 32.548
 21 299.224251 -32.504518     7.501     7.539 10 52956.57042248 33.220
 22 299.226013 -32.504844     7.486     7.507 11 52991.57044105 26.824
 23 299.232322 -32.505077     8.467     8.484 14 53026.57040692 35.554
 24 299.228036 -32.504802     7.360     7.351 12 53061.57041668 47.762
 25 299.219501 -32.501804     7.067     7.071  8 53096.57044249 25.012
 26 299.227798 -32.506574     7.488     7.551 12 53131.57041578 33.879
 28 299.220979 -32.502865     7.551     7.711  9 53201.57049230 31.277
 29 299.230866 -32.506388     7.894     7.996 14 53236.57046176 35.284
 30 299.219516 -32.502781     6.904     6.849  9 53271.57041986 33.085
 31 299.214303 -32.502711     7.051     7.061  6 53306.57048430 21.652
 32 299.223129 -32.503925     9.117     9.127  9 53341.57045179 44.256
 33 299.228079 -32.505214     8.207     8.401 12 53376.57038389 33.328
 34 299.225064 -32.504607     8.356     8.489 10 53411.57042707 31.848
 35 299.216842 -32.502561     8.425     8.292  8 53446.57040954 29.997
 36 299.213632 -32.503197     8.336     8.375  7 53481.57049478 31.940
 37 299.223084 -32.504296     7.732     7.861  9 53516.57049788 30.082
 38 299.217129 -32.502453     8.233     8.234  8 53551.57051854 35.573
 39 299.226652 -32.505345     7.471     7.535 12 53586.57047435 32.484
 40 299.211263 -32.503456     7.369     7.313  6 53621.57043762 23.790
 41 299.218754 -32.502459     7.434     7.508  8 53656.57046569 24.719
 42 299.221764 -32.502900     9.063     9.074  8 53691.57045332 40.337
 43 299.228634 -32.506037     7.480     7.647 12 53726.57037738 32.718
 44 299.226071 -32.505058     7.589     7.593 11 53761.57032850 31.131
 45 299.228144 -32.505261     7.161     7.247 12 53796.57034223 32.608
 47 299.218223 -32.502561     8.165     8.270  7 53866.57039963 43.829
 48 299.221409 -32.502238     7.709     7.738  9 53901.57042829 32.804
 49 299.211942 -32.503032     7.187     7.166  6 53936.57046829 29.395
 50 299.220265 -32.503049     6.974     7.025  9 53971.57043426 28.844
 51 299.220557 -32.503281     7.088     7.205  9 54006.57041619 31.024
 52 299.224696 -32.502680     7.598     7.745 10 54041.57044357 36.401
 53 299.223944 -32.505101     7.893     7.901 10 54076.57043805 33.015
 54 299.226413 -32.503981     8.303     8.344 11 54111.57037836 31.452
 55 299.220410 -32.502619     9.148     9.049  8 54146.57037910 33.816
 56 299.225586 -32.504566     9.823    10.093 10 54181.57036601 31.327
 57 299.219858 -32.502564     9.223     9.115  8 54216.57038666 31.428
 58 299.221281 -32.502404     9.260     9.273  9 54251.57041311 39.567
 59 299.224800 -32.502844     8.390     8.401 10 54286.57041933 38.646
 60 299.224171 -32.503721     7.563     7.680 10 54321.57041623 29.418
 61 299.226916 -32.505479     7.436     7.547 12 54356.57037643 30.632
 62 299.223058 -32.503293     7.265     7.296 10 54391.57035703 47.921
 63 299.225026 -32.503462     6.843     7.515 10 54426.57032647 35.243
 64 299.221482 -32.503788     7.520     7.686  9 54461.57033422 31.898
 65 299.225406 -32.503827     7.573     7.636 10 54496.57033384 38.756
 66 299.223388 -32.503697     7.667     7.852 10 54531.57034709 36.716
 67 299.226529 -32.504597     7.901     7.923 11 54566.57033884 41.882
 68 299.221517 -32.504173     8.077     8.397  9 54601.57034260 36.201
 69 299.221483 -32.503653     7.464     7.602  9 54636.57035446 31.804
 70 299.222504 -32.503323     7.251     7.341 10 54671.57035764 28.047
 71 299.225992 -32.506202     7.691     7.777 11 54706.57031862 34.022
 72 299.221505 -32.503148     6.986     6.978  8 54741.57032267 29.261
 73 299.225493 -32.504450     7.931     8.053 11 54776.57029991 39.524
 74 299.220220 -32.502919     7.713     7.724  9 54811.57031546 28.554
 75 299.224440 -32.504377     6.233     6.190 10 54846.57029989 42.420
 76 299.220269 -32.503320     7.000     7.054  8 54881.57031954 35.482
 77 299.224058 -32.503905     7.361     7.344 10 54916.57030243 50.298
 78 299.220658 -32.503716     6.710     6.737  9 54951.57031209 26.217
 79 299.219533 -32.503368     6.680     6.668  8 54986.57033728 27.721
 80 299.224547 -32.505188     6.954     7.000 10 55021.57033004 26.517
 81 299.223875 -32.505810     8.025     8.026 10 55056.57032656 40.407
 82 299.225065 -32.504163     7.606     7.747 10 55091.57028408 35.732
 83 299.222208 -32.503846     8.587     8.584  9 55126.57026619 38.414
 84 299.223520 -32.504927     8.905     9.094 10 55161.57024527 31.677
 85 299.220253 -32.502753    10.048     9.951  8 55196.57025658 32.724
 86 299.223951 -32.505719    10.089    10.330 10 55231.57024942 29.897
 87 299.222561 -32.503591    10.403    10.509 10 55266.57025132 38.350
 88 299.226669 -32.505777     9.402     9.527 11 55301.57022940 27.310
 89 299.223074 -32.503113     9.448     9.570 10 55336.57022664 33.257
 90 299.224282 -32.503891     8.780     8.904 10 55371.57021678 26.566
 91 299.222881 -32.503931     8.013     8.056  9 55406.57023579 36.655
 92 299.224331 -32.504989     7.408     7.509 10 55441.57023582 28.600
 93 299.227214 -32.505336     7.182     7.273 11 55476.57017841 26.128
