-301486.563    34.687     0.00    2.10
-301113.463    34.845     0.42    2.13
-300740.385    35.033     0.51    1.99
-300367.330    34.823    -0.56    1.84
-299994.298    34.953     0.35    1.52
-299621.289    34.821    -0.36    1.63
-299248.302    34.936     0.31    1.68
-298875.338    34.799    -0.37    1.78
-298502.397    34.691    -0.29    1.70
-298129.478    34.402    -0.78    1.65
-297756.582    34.127    -0.74    1.44
-297383.709    33.798    -0.88    1.67
-297010.858    33.584    -0.57    1.73
-296638.031    33.055    -1.42    1.63
-296265.225    32.627    -1.15    1.67
-295892.443    32.528    -0.27    1.72
-295519.683    32.584     0.15    1.68
-295146.946    32.282    -0.81    1.76
-294774.231    32.192    -0.24    1.53
-294401.539    32.152    -0.11    1.32
-294024.948    31.892    -0.69    1.48
-293647.715    31.693    -0.53    1.47
-293270.505    31.191    -1.33    1.23
-292893.319    30.991    -0.53    1.26
-292516.155    30.892    -0.26    1.45
-292139.015    30.648    -0.65    1.44
-291761.898    30.735     0.23    1.39
-291384.804    31.192     1.21    1.56
-291007.734    31.089    -0.27    1.48
-290630.686    31.214     0.33    1.37
-290253.662    31.089    -0.33    1.36
-289876.661    31.084    -0.01    1.20
-289499.683    30.991    -0.25    1.30
-289122.728    30.888    -0.27    1.58
-288745.796    30.669    -0.58    1.79
-288368.887    30.562    -0.28    1.94
-287992.002    30.203    -0.95    2.00
-287615.140    30.536     0.88    2.45
-287238.300    29.948    -1.56    2.39
-286861.484    29.627    -0.85    2.55
-286484.691    30.152     1.39    3.25
-286107.921    30.669     1.37    3.55
-285731.174    30.416    -0.67    3.89
-285354.451    29.736    -1.81    3.53
-284977.750    28.736    -2.66    2.99
-284601.073    27.818    -2.44    1.34
-284224.418    27.801    -0.05    1.31
-283847.787    28.067     0.71    1.76
-283471.178    28.225     0.42    2.00
-283094.593    28.571     0.92    2.03
-282718.030    28.845     0.73    1.90
-282341.491    28.991     0.39    1.50
-281964.975    29.225     0.62    1.22
-281588.482    29.156    -0.18    1.45
-281212.011    28.845    -0.83    1.64
-280835.564    28.388    -1.21    1.55
-280459.140    28.403     0.04    1.61
-280082.739    28.204    -0.53    1.49
-279706.361    28.010    -0.52    1.50
-279330.005    27.866    -0.38    1.49
-278953.673    27.823    -0.12    1.29
-278577.364    27.845     0.06    1.38
-278201.078    28.048     0.54    1.56
-277824.814    28.323     0.73    1.61
-277448.574    28.673     0.93    1.54
-277072.356    28.714     0.11    1.25
-276696.162    28.891     0.47    0.97
-276319.990    28.941     0.14    1.03
-275943.842    28.714    -0.60    1.11
-275567.716    28.627    -0.23    1.07
-275191.613    28.277    -0.93    0.99
-274815.533    27.981    -0.79    1.01
-274439.476    27.758    -0.59    1.09
-274063.442    27.540    -0.58    1.25
-273687.431    27.714     0.46    1.31
-273311.443    27.519    -0.52    1.28
-272935.478    27.314    -0.54    1.25
-272559.535    27.159    -0.41    1.50
-272183.615    26.953    -0.55    1.54
-271807.719    26.828    -0.33    1.65
-271431.845    26.975     0.39    1.74
-271055.994    27.149     0.46    1.33
-270680.165    27.097    -0.14    1.21
-270304.360    26.943    -0.41    1.28
-269928.577    26.845    -0.26    1.22
-269552.818    27.234     1.04    1.39
-269177.081    27.464     0.61    1.43
-268801.367    27.568     0.28    1.35
-268425.675    27.779     0.56    1.42
-268050.007    27.884     0.28    1.36
-267674.361    28.092     0.55    1.37
-267298.738    28.292     0.53    1.80
-266923.138    28.416     0.33    1.69
-266547.561    28.169    -0.66    1.73
-266172.006    27.842    -0.87    1.85
-265796.474    27.181    -1.76    1.36
-265420.965    27.006    -0.47    1.38
-265045.479    26.714    -0.78    1.46
-264670.015    26.805     0.24    1.54
-264294.575    27.136     0.88    1.57
-263919.157    27.781     1.72    1.79
-263543.761    28.866     2.89    2.54
-263168.389    29.298     1.15    2.13
-262793.039    29.692     1.05    1.94
-262417.712    29.267    -1.13    1.80
-262042.407    28.851    -1.11    1.23
-261667.125    28.693    -0.42    1.79
-261291.866    28.181    -1.36    1.31
-260916.630    28.225     0.12    1.23
-260541.416    27.975    -0.67    1.25
-260166.225    27.981     0.02    1.30
-259791.057    27.798    -0.49    1.25
-259415.911    27.532    -0.71    1.47
-259040.788    27.110    -1.13    1.40
-258665.688    27.171     0.16    1.66
-258290.610    27.506     0.89    1.86
-257915.555    27.562     0.15    1.89
-257540.522    27.672     0.29    1.76
-257165.512    27.475    -0.52    1.32
-256790.525    27.691     0.58    1.42
-256415.561    27.823     0.35    1.32
-256040.619    28.270     1.19    1.45
-255665.699    28.181    -0.24    1.46
-255290.802    28.587     1.08    1.66
-254915.928    29.101     1.37    1.51
-254541.076    29.182     0.22    1.40
-254166.247    29.305     0.33    1.32
-253791.441    29.475     0.45    1.73
-253416.657    29.279    -0.52    2.46
-253041.896    29.544     0.71    2.38
-252667.157    29.381    -0.44    2.39
-252292.441    29.171    -0.56    2.08
-251917.747    29.367     0.52    1.33
-251543.076    29.328    -0.11    1.30
-251168.427    29.514     0.50    1.43
-250793.801    29.323    -0.51    1.58
-250419.197    29.214    -0.29    1.53
-250044.616    29.149    -0.17    1.64
-249670.058    29.070    -0.21    1.35
-249295.522    29.105     0.10    1.57
-248921.008    28.964    -0.38    1.31
-248546.517    29.182     0.58    1.25
-248172.048    29.214     0.09    1.28
-247797.602    29.204    -0.03    1.40
-247423.179    29.801     1.60    2.13
-247048.778    30.006     0.55    2.27
-246674.399    30.425     1.12    1.82
-246300.043    31.156     1.95    1.78
-245925.709    31.159     0.01    1.53
-245551.397    30.425    -1.96    1.77
-245177.108    29.845    -1.55    1.60
-244802.842    30.048     0.54    2.01
-244428.598    30.040    -0.02    1.97
-244054.376    30.161     0.32    1.91
-243680.177    30.191     0.08    1.47
-243306.000    30.055    -0.37    1.48
-242931.846    29.936    -0.32    1.46
-242557.713    30.019     0.22    1.58
-242183.604    29.932    -0.23    1.56
-241809.517    29.848    -0.22    1.67
-241435.452    29.799    -0.13    1.92
-241061.409    29.892     0.25    2.00
-240687.389    29.694    -0.53    1.77
-240313.391    29.448    -0.66    1.76
-239939.416    29.173    -0.74    1.54
-239565.462    28.801    -0.99    1.50
-239191.532    29.352     1.47    2.66
-238817.623    30.114     2.04    3.08
-238443.737    31.328     3.25    3.83
-238069.873    32.279     2.55    4.04
-237696.032    32.419     0.37    3.80
-237322.213    32.246    -0.46    3.73
-236948.416    31.623    -1.67    2.72
-236574.641    30.649    -2.61    1.72
-236200.889    30.803     0.41    1.61
-235827.159    30.870     0.18    1.83
-235453.451    31.105     0.63    1.81
-235079.766    31.714     1.63    1.95
-234706.103    32.092     1.01    1.90
-234332.462    32.629     1.44    1.43
-233958.843    32.652     0.06    1.26
-233585.247    32.818     0.45    1.34
-233211.673    32.910     0.24    1.44
-232838.121    33.068     0.42    1.48
-232464.591    33.305     0.63    1.39
-232091.084    33.277    -0.08    1.38
-231717.599    33.366     0.24    1.58
-231344.136    33.149    -0.58    1.59
-230970.695    32.892    -0.69    1.51
-230597.277    33.092     0.54    1.53
-230223.880    33.650     1.50    1.77
-229850.506    33.691     0.11    1.56
-229477.154    33.818     0.34    1.49
-229103.824    33.692    -0.34    1.51
-228730.517    33.193    -1.34    1.15
-228357.231    33.149    -0.12    1.29
-227983.968    33.523     1.00    1.57
-227610.727    33.758     0.63    1.74
-227237.508    34.032     0.74    1.68
-226864.311    34.236     0.55    1.67
-226491.136    34.336     0.27    1.54
-226117.984    34.267    -0.19    1.50
-225744.853    34.510     0.65    1.49
-225371.745    34.845     0.90    1.61
-224998.659    34.848     0.01    1.56
-224625.595    34.381    -1.25    1.46
-224252.553    34.040    -0.91    1.46
-223879.533    33.601    -1.18    1.26
-223506.535    33.292    -0.83    1.31
-223133.560    33.314     0.06    1.57
-222760.606    33.388     0.20    1.54
-222387.675    33.608     0.59    1.42
-222014.765    33.562    -0.12    1.23
-221641.878    33.714     0.41    1.12
-221269.013    33.670    -0.12    1.22
-220896.169    33.778     0.29    1.26
-220523.348    33.870     0.25    1.33
-220150.549    34.246     1.01    2.02
-219777.772    34.601     0.95    2.21
-219403.605    34.692     0.24    2.09
-219026.414    34.523    -0.45    1.75
-218649.245    34.070    -1.20    1.07
-218272.099    34.464     1.05    1.41
-217894.976    34.823     0.95    1.55
-217517.875    34.839     0.04    1.59
-217140.796    34.910     0.19    1.77
-216763.740    34.863    -0.12    1.65
-216386.707    34.581    -0.75    1.98
-216009.696    35.532     2.52    4.12
-215632.708    35.279    -0.67    3.80
-215255.742    35.492     0.56    2.88
-214878.799    35.625     0.35    2.82
-214501.878    35.605    -0.05    2.51
-214124.980    36.373     2.04    3.51
-213748.104    36.105    -0.71    2.89
-213371.251    36.292     0.49    3.02
-212994.421    36.279    -0.03    3.30
-212617.612    35.131    -3.05    2.24
-212240.827    34.736    -1.05    2.39
-211864.063    34.173    -1.50    2.57
-211487.323    33.214    -2.54    2.09
-211110.604    32.326    -2.36    2.36
-210733.909    31.366    -2.55    2.26
-210357.235    30.587    -2.07    1.50
-209980.584    30.359    -0.61    1.23
-209603.956    30.270    -0.24    1.32
-209227.350    30.258    -0.03    1.33
-208850.766    30.328     0.19    1.38
-208474.205    30.589     0.69    1.23
-208097.666    31.225     1.69    1.44
-207721.150    32.055     2.20    1.84
-207344.656    32.559     1.34    1.95
-206968.184    33.032     1.26    1.90
-206591.735    33.055     0.06    1.74
-206215.308    33.470     1.10    2.10
-205838.904    33.584     0.30    2.43
-205462.522    33.110    -1.26    2.39
-205086.162    32.475    -1.69    2.12
-204709.825    31.777    -1.86    1.64
-204333.510    31.578    -0.53    1.42
-203957.218    31.214    -0.97    1.41
-203580.947    31.032    -0.48    1.47
-203204.700    31.225     0.51    1.47
-202828.474    31.480     0.68    1.60
-202452.271    31.779     0.80    1.51
-202076.090    32.048     0.71    1.49
-201699.931    31.941    -0.28    1.52
-201323.795    31.860    -0.22    1.47
-200947.681    31.671    -0.50    1.48
-200571.590    31.735     0.17    1.33
-200195.520    32.127     1.04    1.36
-199819.473    32.351     0.59    1.43
-199443.448    33.084     1.95    1.29
-199067.446    33.601     1.37    1.35
-198691.466    33.936     0.89    1.36
-198315.508    34.359     1.12    1.55
-197939.572    34.896     1.43    1.43
-197563.658    35.388     1.31    1.51
-197187.767    35.873     1.29    1.80
-196811.898    36.214     0.91    1.83
-196436.052    36.760     1.45    1.83
-196060.227    37.289     1.41    2.05
-195684.425    37.565     0.74    1.89
-195308.645    37.671     0.28    1.83
-194932.887    37.735     0.17    1.83
-194557.151    37.941     0.55    1.38
-194181.438    38.027     0.23    1.45
-193805.746    38.127     0.27    1.39
-193430.077    38.076    -0.14    1.44
-193054.431    38.192     0.31    1.70
-192678.806    38.779     1.56    1.88
-192303.203    39.501     1.92    1.53
-191927.623    40.078     1.53    1.31
-191552.065    40.672     1.58    1.25
-191176.529    40.845     0.46    1.36
-190801.015    41.480     1.69    1.39
-190425.523    41.910     1.14    1.45
-190050.053    41.919     0.02    1.32
-189674.606    41.873    -0.12    1.51
-189299.180    41.782    -0.24    1.48
-188923.777    41.649    -0.36    1.37
-188548.396    41.672     0.06    1.44
-188173.037    41.737     0.17    1.27
-187797.700    41.799     0.17    1.16
-187422.385    41.805     0.02    1.12
-187047.092    41.823     0.05    1.22
-186671.822    42.010     0.50    1.36
-186296.573    42.171     0.43    1.26
-185921.347    42.193     0.06    1.25
-185546.142    42.453     0.69    1.42
-185170.960    42.443    -0.03    1.38
-184795.799    42.396    -0.13    1.46
-184420.661    42.423     0.07    1.18
-184045.545    42.345    -0.21    1.10
-183670.451    42.204    -0.38    1.02
-183295.378    41.981    -0.59    1.56
-182920.328    41.669    -0.83    1.83
-182545.300    40.948    -1.92    2.10
-182170.294    39.896    -2.81    1.57
-181795.310    39.131    -2.04    1.43
-181420.348    38.519    -1.63    1.36
-181045.408    38.097    -1.12    1.36
-180670.489    37.497    -1.60    1.43
-180295.593    37.192    -0.81    1.31
-179920.719    36.648    -1.45    1.05
-179545.867    36.357    -0.78    0.93
-179171.037    36.381     0.06    0.95
-178796.228    36.692     0.83    1.08
-178421.442    36.959     0.71    1.25
-178046.678    37.204     0.65    1.30
-177671.935    37.601     1.06    1.40
-177297.215    37.975     1.00    1.60
-176922.516    38.123     0.40    1.37
-176547.840    38.453     0.88    1.37
-176173.185    38.345    -0.29    1.54
-175798.552    38.779     1.16    1.45
-175423.941    39.589     2.16    1.75
-175049.352    40.519     2.48    1.77
-174674.785    41.423     2.41    2.12
-174300.240    42.169     1.99    1.89
-173925.717    42.610     1.18    1.98
-173551.215    42.605    -0.01    1.46
-173176.736    42.608     0.01    1.46
-172802.278    42.625     0.05    1.50
-172427.842    42.691     0.18    1.25
-172053.428    42.587    -0.28    1.13
-171679.036    42.851     0.71    1.05
-171304.666    42.839    -0.03    1.16
-170930.317    42.779    -0.16    1.29
-170555.991    42.818     0.10    1.22
-170181.686    43.279     1.23    1.86
-169807.403    43.693     1.10    1.89
-169433.142    44.270     1.54    1.94
-169058.903    45.000     1.95    2.08
-168684.685    45.048     0.13    2.00
-168310.490    45.114     0.18    1.97
-167936.316    45.070    -0.12    1.91
-167562.164    45.181     0.30    1.44
-167188.033    45.351     0.45    1.45
-166813.925    45.279    -0.19    1.44
-166439.838    45.156    -0.33    1.42
-166065.773    45.127    -0.08    1.29
-165691.730    45.101    -0.07    1.33
-165317.708    44.649    -1.21    1.54
-164943.708    44.629    -0.05    1.61
-164569.730    44.171    -1.23    1.59
-164195.774    43.799    -0.99    1.59
-163821.840    43.396    -1.08    1.39
-163447.927    43.235    -0.43    1.46
-163074.036    43.062    -0.46    1.49
-162700.166    43.127     0.17    1.61
-162326.319    43.203     0.20    1.85
-161952.493    43.691     1.31    2.56
-161578.689    43.842     0.40    2.49
-161204.906    43.805    -0.10    2.38
-160831.145    43.964     0.43    1.51
-160457.406    44.127     0.44    1.47
-160083.688    44.587     1.23    1.41
-159709.993    45.019     1.16    1.46
-159336.318    45.480     1.24    1.59
-158962.666    46.203     1.94    1.69
-158589.035    46.805     1.61    1.65
-158215.426    47.214     1.10    1.30
-157841.838    47.296     0.22    1.28
-157468.272    47.480     0.49    1.31
-157094.728    47.487     0.02    1.34
-156721.205    47.757     0.72    1.32
-156347.704    47.692    -0.17    1.32
-155974.225    47.555    -0.37    1.40
-155600.767    47.181    -1.00    1.04
-155227.331    47.190     0.03    0.92
-154853.916    47.114    -0.20    1.14
-154480.523    46.845    -0.72    1.47
-154107.151    46.497    -0.93    1.70
-153733.801    45.693    -2.15    1.94
-153360.473    44.801    -2.39    1.49
-152987.166    44.118    -1.83    1.44
-152613.881    43.919    -0.54    1.37
-152240.618    43.845    -0.20    1.22
-151867.375    43.448    -1.06    1.23
-151494.155    42.997    -1.21    1.33
-151120.956    42.548    -1.20    1.33
-150747.778    42.279    -0.72    1.24
-150374.623    42.395     0.31    1.11
-150001.488    42.396     0.00    1.05
-149628.375    42.490     0.25    1.07
-149255.284    42.581     0.24    1.06
-148882.214    43.267     1.84    3.07
-148509.166    43.237    -0.08    3.41
-148136.139    42.892    -0.92    3.58
-147763.133    42.453    -1.18    3.68
-147390.149    41.410    -2.80    2.70
-147017.187    40.799    -1.64    1.74
-146644.246    40.714    -0.23    1.29
-146271.327    41.118     1.08    1.25
-145898.428    41.736     1.66    1.26
-145525.552    41.991     0.68    1.16
-145152.697    42.366     1.01    1.18
-144779.863    42.671     0.82    1.05
-144403.682    43.159     1.30    1.29
-144026.548    43.669     1.35    1.35
-143649.435    43.801     0.35    1.11
-143272.345    44.055     0.67    0.96
-142895.276    44.225     0.45    1.14
-142518.229    44.625     1.06    1.10
-142141.204    45.203     1.53    1.26
-141764.201    45.975     2.05    1.61
-141387.220    46.691     1.90    1.65
-141010.261    47.562     2.31    1.84
-140633.324    48.395     2.21    1.77
-140256.409    49.040     1.71    1.40
-139879.515    49.374     0.88    1.13
-139502.644    49.260    -0.30    1.17
-139125.795    49.235    -0.07    1.11
-138748.967    49.464     0.61    1.08
-138372.161    49.603     0.37    1.05
-137995.377    49.736     0.35    0.98
-137618.615    49.910     0.46    0.88
-137241.875    50.097     0.50    0.99
-136865.157    50.159     0.16    0.97
-136488.460    50.068    -0.24    0.89
-136111.786    49.975    -0.25    0.93
-135735.133    50.118     0.38    1.04
-135358.502    50.114    -0.01    1.07
-134981.893    50.226     0.30    1.14
-134605.306    50.497     0.72    1.01
-134228.740    50.805     0.82    1.03
-133852.197    51.248     1.18    1.06
-133475.675    51.336     0.24    1.03
-133099.175    51.601     0.70    1.42
-132722.697    52.149     1.46    2.14
-132346.240    52.040    -0.29    2.22
-131969.806    52.159     0.32    2.15
-131593.393    51.927    -0.62    1.21
-131217.002    51.866    -0.16    1.11
-130840.633    52.097     0.61    1.23
-130464.285    52.146     0.13    1.28
-130087.959    52.182     0.10    1.40
-129711.655    51.910    -0.72    1.39
-129335.373    51.519    -1.04    1.34
-128959.112    51.114    -1.07    1.21
-128582.874    50.737    -1.00    1.13
-128206.657    50.131    -1.61    1.41
-127830.461    49.805    -0.87    1.44
-127454.288    49.298    -1.35    1.33
-127078.136    48.845    -1.20    1.34
-126702.005    48.863     0.05    2.34
-126325.897    48.562    -0.80    2.43
-125949.810    48.396    -0.44    1.84
-125573.745    48.514     0.31    2.24
-125197.702    48.548     0.09    2.36
-124821.680    48.279    -0.71    2.21
-124445.680    47.536    -1.98    2.37
-124069.701    47.203    -0.89    1.62
-123693.744    46.953    -0.66    1.73
-123317.809    47.412     1.22    1.82
-122941.896    47.779     0.98    1.88
-122566.004    47.896     0.31    2.00
-122190.134    48.562     1.77    1.99
-121814.285    49.012     1.20    1.83
-121438.458    49.562     1.46    1.99
-121062.653    49.629     0.18    2.01
-120686.869    49.282    -0.92    2.02
-120311.107    48.839    -1.18    2.37
-119935.367    47.510    -3.54    1.98
-119559.648    46.670    -2.24    2.15
-119183.951    45.605    -2.83    2.10
-118808.275    45.062    -1.45    1.78
-118432.621    44.902    -0.43    2.36
-118056.988    44.714    -0.50    2.27
-117681.377    44.485    -0.61    2.49
-117305.788    43.953    -1.42    2.23
-116930.220    43.799    -0.41    2.31
-116554.674    43.403    -1.06    2.23
-116179.149    43.133    -0.72    2.06
-115803.646    42.279    -2.27    2.41
-115428.164    40.714    -4.17    2.28
-115052.704    39.884    -2.21    2.31
-114677.265    38.873    -2.69    1.55
-114301.848    38.519    -0.95    1.28
-113926.453    38.848     0.88    1.59
-113551.079    39.260     1.10    2.08
-113175.726    40.396     3.03    2.73
-112800.395    41.389     2.64    2.82
-112425.085    42.403     2.70    2.99
-112049.797    42.948     1.45    2.77
-111674.531    43.559     1.63    2.88
-111299.285    44.352     2.12    2.85
-110924.062    44.760     1.09    2.59
-110548.860    45.453     1.85    2.29
-110173.679    46.040     1.56    1.74
-109798.520    46.870     2.21    1.61
-109423.382    47.714     2.25    1.38
-109048.265    48.084     0.99    1.37
-108673.170    48.118     0.09    1.93
-108298.097    48.282     0.44    2.04
-107923.045    48.964     1.82    2.45
-107548.014    49.171     0.55    2.22
-107173.005    49.587     1.11    1.81
-106798.017    49.692     0.28    1.37
-106423.050    49.623    -0.18    1.33
-106048.105    49.714     0.24    1.32
-105673.181    49.782     0.18    1.21
-105298.279    49.589    -0.52    1.28
-104923.398    49.584    -0.01    1.29
-104548.539    49.497    -0.23    1.30
-104173.700    49.714     0.58    1.79
-103798.884    50.025     0.83    1.70
-103424.088    49.825    -0.53    1.75
-103049.314    49.809    -0.04    1.81
-102674.561    49.559    -0.67    1.59
-102299.830    49.328    -0.62    1.33
-101925.120    49.670     0.91    1.22
-101550.431    49.959     0.77    1.38
-101175.763    50.351     1.05    1.57
-100801.117    50.562     0.56    1.51
-100426.493    50.598     0.10    1.37
-100051.889    50.714     0.31    1.33
 -99677.307    50.693    -0.06    1.24
 -99302.746    50.759     0.18    1.40
 -98928.206    50.608    -0.40    1.51
 -98553.688    50.671     0.17    1.59
 -98179.191    50.693     0.06    1.56
 -97804.715    50.828     0.36    1.45
 -97430.261    50.672    -0.42    1.32
 -97055.827    50.737     0.17    1.13
 -96681.415    50.425    -0.83    1.18
 -96307.025    49.927    -1.33    1.52
 -95932.655    49.627    -0.80    1.81
 -95558.307    49.214    -1.10    1.86
 -95183.980    48.691    -1.40    2.41
 -94809.674    48.866     0.47    2.94
 -94435.390    47.975    -2.38    3.17
 -94061.126    47.523    -1.21    3.36
 -93686.884    46.670    -2.28    3.64
 -93312.663    45.941    -1.95    3.70
 -92938.463    43.975    -5.26    2.92
 -92564.285    42.805    -3.13    2.74
 -92190.128    41.110    -4.53    3.22
 -91815.991    39.214    -5.07    4.26
 -91441.876    36.562    -7.09    4.94
 -91067.783    33.997    -6.86    5.28
 -90693.710    32.625    -3.67    4.72
 -90319.659    31.225    -3.74    4.68
 -89945.628    30.476    -2.00    4.43
 -89571.619    30.648     0.46    5.00
 -89197.631    31.828     3.16    5.69
 -88823.664    33.403     4.21    4.54
 -88449.719    33.581     0.48    3.55
 -88075.794    32.805    -2.07    2.96
 -87701.890    30.870    -5.18    2.69
 -87328.008    29.365    -4.02    3.21
 -86954.147    28.136    -3.29    3.32
 -86580.307    26.759    -3.69    3.42
 -86206.488    25.388    -3.67    3.63
 -85832.690    24.948    -1.18    3.47
 -85458.913    24.997     0.13    3.32
 -85085.157    25.735     1.98    2.96
 -84711.423    26.919     3.17    2.62
 -84337.709    26.127    -2.12    3.07
 -83964.017    25.237    -2.38    3.54
 -83590.345    23.536    -4.55    3.71
 -83216.695    21.097    -6.53    2.89
 -82843.065    19.736    -3.64    2.29
 -82469.457    18.605    -3.03    2.37
 -82095.870    17.737    -2.33    1.85
 -81722.304    18.360     1.67    2.74
 -81348.758    19.736     3.68    3.96
 -80975.234    22.289     6.83    5.14
 -80601.731    23.419     3.03    5.46
 -80228.249    23.936     1.39    5.31
 -79854.788    25.105     3.13    4.87
 -79481.348    25.092    -0.04    4.21
 -79107.929    25.948     2.29    3.97
 -78734.531    27.828     5.03    4.87
 -78361.154    29.821     5.34    5.50
 -77987.797    31.562     4.66    5.18
 -77614.462    32.587     2.74    4.73
 -77241.148    32.514    -0.19    4.72
 -76867.855    32.691     0.47    4.51
 -76494.583    33.279     1.58    4.29
 -76121.331    34.214     2.50    4.15
 -75748.101    35.584     3.67    4.70
 -75374.892    37.873     6.14    5.21
 -75001.703    40.301     6.51    5.15
 -74628.536    42.825     6.76    5.39
 -74255.389    44.492     4.47    5.52
 -73882.264    46.691     5.90    5.07
 -73509.159    48.309     4.34    4.38
 -73136.075    50.214     5.11    4.18
 -72763.012    52.319     5.64    3.50
 -72389.970    53.648     3.56    2.84
 -72016.949    54.403     2.03    2.15
 -71643.949    54.214    -0.51    2.02
 -71270.969    53.629    -1.57    2.01
 -70898.011    53.238    -1.05    2.29
 -70525.073    52.953    -0.76    2.97
 -70152.157    52.441    -1.37    3.17
 -69778.270    51.781    -1.77    3.33
 -69401.173    50.416    -3.62    3.37
 -69024.098    49.127    -3.42    2.70
 -68647.044    47.672    -3.86    1.74
 -68270.011    46.601    -2.84    1.65
 -67893.000    45.587    -2.69    1.74
 -67516.010    44.623    -2.56    1.41
 -67139.041    43.959    -1.76    1.60
 -66762.094    43.127    -2.21    1.90
 -66385.168    42.453    -1.79    2.15
 -66008.263    41.360    -2.90    2.42
 -65631.379    40.623    -1.95    2.21
 -65254.517    39.927    -1.85    2.29
 -64877.677    39.649    -0.74    2.25
 -64500.857    39.497    -0.40    2.46
 -64124.059    39.314    -0.48    2.19
 -63747.282    38.619    -1.85    2.38
 -63370.526    38.019    -1.59    2.51
 -62993.792    37.441    -1.53    2.25
 -62617.079    37.627     0.49    2.10
 -62240.387    38.603     2.59    2.46
 -61863.716    39.784     3.14    2.32
 -61487.067    41.010     3.25    2.46
 -61110.439    42.095     2.88    2.39
 -60733.832    43.381     3.41    2.16
 -60357.246    44.432     2.79    1.56
 -59980.682    45.078     1.72    1.01
 -59604.138    45.432     0.94    1.09
 -59227.616    45.854     1.12    1.13
 -58851.116    46.301     1.19    0.98
 -58474.636    46.548     0.65    1.17
 -58098.178    46.848     0.80    1.34
 -57721.740    47.019     0.45    1.33
 -57345.324    47.062     0.12    1.43
 -56968.930    46.932    -0.35    1.30
 -56592.556    46.714    -0.58    1.14
 -56216.203    46.374    -0.90    1.17
 -55839.872    45.845    -1.41    1.19
 -55463.562    45.270    -1.53    1.52
 -55087.273    44.359    -2.42    1.98
 -54711.005    43.532    -2.20    2.05
 -54334.759    42.171    -3.62    2.17
 -53958.533    40.692    -3.93    2.73
 -53582.329    38.629    -5.48    2.86
 -53206.145    36.759    -4.97    2.13
 -52829.983    36.204    -1.48    1.69
 -52453.842    37.470     3.37    2.92
 -52077.722    39.405     5.14    3.22
 -51701.623    41.336     5.14    3.04
 -51325.546    43.249     5.09    2.22
 -50949.489    44.736     3.96    1.90
 -50573.453    45.670     2.48    1.65
 -50197.439    46.510     2.23    1.47
 -49821.446    47.448     2.49    1.44
 -49445.473    48.714     3.37    1.62
 -49069.522    49.936     3.25    1.98
 -48693.592    51.140     3.20    1.75
 -48317.683    52.025     2.36    1.29
 -47941.795    52.416     1.04    1.10
 -47565.928    52.848     1.15    1.01
 -47190.082    52.932     0.22    1.17
 -46814.257    53.032     0.27    1.27
 -46438.453    53.025    -0.02    1.22
 -46062.670    53.048     0.06    1.15
 -45686.908    53.191     0.38    1.00
 -45311.167    53.118    -0.19    1.12
 -44935.447    52.964    -0.41    1.10
 -44559.749    52.470    -1.32    1.23
 -44184.071    51.845    -1.66    1.31
 -43808.414    51.540    -0.81    1.34
 -43432.778    51.159    -1.02    1.31
 -43057.163    50.987    -0.46    1.48
 -42681.569    51.301     0.84    1.39
 -42305.996    50.896    -1.08    1.33
 -41930.444    50.416    -1.28    1.46
 -41554.913    49.910    -1.35    1.63
 -41179.403    49.605    -0.81    1.49
 -40803.914    49.323    -0.75    1.56
 -40428.446    49.146    -0.47    1.59
 -40052.999    49.646     1.33    1.74
 -39677.572    49.738     0.25    1.73
 -39302.167    49.648    -0.24    1.78
 -38926.782    48.782    -2.30    2.18
 -38551.419    47.692    -2.91    2.35
 -38176.076    46.581    -2.96    2.28
 -37800.755    45.262    -3.51    2.06
 -37425.454    44.282    -2.61    1.70
 -37050.174    43.441    -2.24    1.60
 -36674.915    43.870     1.14    1.59
 -36299.677    44.012     0.38    1.77
 -35924.459    44.105     0.25    1.82
 -35549.263    44.161     0.15    1.79
 -35174.087    44.010    -0.40    1.46
 -34798.933    43.475    -1.43    1.49
 -34423.799    42.877    -1.59    1.53
 -34048.686    42.181    -1.86    1.63
 -33673.594    41.523    -1.75    1.54
 -33298.522    40.845    -1.81    1.80
 -32923.472    40.062    -2.09    1.89
 -32548.442    39.555    -1.35    1.96
 -32173.434    39.068    -1.30    1.86
 -31798.446    38.975    -0.25    2.05
 -31423.478    38.953    -0.06    2.04
 -31048.532    38.959     0.01    1.88
 -30673.606    38.669    -0.77    1.68
 -30298.702    38.055    -1.64    1.88
 -29923.818    37.328    -1.94    1.91
 -29548.955    36.610    -1.91    2.01
 -29174.112    35.345    -3.38    2.10
 -28799.291    34.204    -3.04    2.24
 -28424.490    32.279    -5.13    2.31
 -28049.710    31.314    -2.58    2.23
 -27674.950    31.181    -0.36    2.43
 -27300.212    31.262     0.22    2.48
 -26925.494    31.953     1.85    2.56
 -26550.797    32.305     0.94    2.04
 -26176.120    31.936    -0.98    1.82
 -25801.465    31.648    -0.77    1.63
 -25426.830    31.226    -1.13    1.80
 -25052.216    30.464    -2.03    2.26
 -24677.622    28.976    -3.97    3.29
 -24303.050    26.625    -6.28    3.99
 -23928.498    25.441    -3.16    3.52
 -23553.966    26.470     2.75    4.15
 -23179.456    29.062     6.92    3.92
 -22804.966    31.396     6.23    2.56
 -22430.496    32.519     3.00    1.94
 -22056.048    32.934     1.11    1.64
 -21681.620    33.003     0.19    1.62
 -21307.213    33.159     0.42    1.73
 -20932.826    33.025    -0.36    1.69
 -20558.460    33.267     0.65    1.79
 -20184.115    33.605     0.90    1.55
 -19809.790    33.631     0.07    1.61
 -19435.486    34.010     1.01    1.71
 -19061.203    34.118     0.29    1.83
 -18686.940    33.805    -0.84    1.84
 -18312.698    33.936     0.35    1.65
 -17938.477    33.523    -1.11    1.58
 -17564.276    33.366    -0.42    1.91
 -17190.096    32.627    -1.98    2.00
 -16815.936    31.532    -2.93    2.26
 -16441.797    29.475    -5.50    2.95
 -16067.678    27.171    -6.16    3.61
 -15693.581    25.062    -5.64    3.77
 -15319.503    23.048    -5.39    3.43
 -14945.447    22.646    -1.07    3.66
 -14571.411    23.475     2.22    4.61
 -14197.395    24.873     3.74    4.90
 -13823.400    26.480     4.30    3.82
 -13449.426    26.605     0.34    3.09
 -13075.472    26.608     0.01    3.50
 -12701.538    26.914     0.82    3.89
 -12327.626    28.319     3.76    4.47
 -11953.733    30.270     5.22    3.33
 -11579.862    31.214     2.53    2.37
 -11206.010    31.932     1.92    1.59
 -10832.180    31.328    -1.62    1.83
 -10458.370    31.019    -0.83    2.00
 -10084.580    30.136    -2.36    2.11
  -9710.811    29.601    -1.43    1.90
  -9337.062    29.146    -1.22    2.03
  -8963.334    28.905    -0.65    1.95
  -8589.626    28.025    -2.35    2.29
  -8215.939    26.598    -3.82    2.06
  -7842.273    25.292    -3.49    1.98
  -7468.626    23.870    -3.81    1.74
  -7095.001    22.896    -2.61    1.77
  -6721.395    21.448    -3.88    1.79
  -6347.810    20.251    -3.20    1.94
  -5974.246    18.760    -3.99    2.29
  -5600.702    16.669    -5.60    2.28
  -5227.179    15.758    -2.44    2.33
  -4853.676    14.997    -2.04    3.28
  -4480.193    13.964    -2.76    5.37
  -4106.731    13.258    -1.89    6.75
  -3733.289    13.923     1.78    7.68
  -3359.868    13.953     0.08    8.28
  -2986.467    15.309     3.63    7.92
  -2613.086    15.336     0.07    8.17
  -2239.726    13.453    -5.04    9.20
  -1866.386    12.214    -3.32    9.59
  -1493.067     9.823    -6.41    9.72
  -1119.768     7.648    -5.83    9.29
   -746.489     4.884    -7.40    8.47
   -373.231     3.270    -4.33    7.16
      0.007     1.366    -5.10    4.21
    373.224     0.737    -1.69    2.61
    746.422     1.470     1.96    2.46
   1119.598     2.105     1.70    2.20
   1492.755     2.366     0.70    1.59
   1865.891     2.161    -0.55    1.49
   2239.007     2.169     0.02    1.52
   2612.102     2.192     0.06    1.26
   2985.177     2.301     0.29    1.24
   3358.232     2.105    -0.52    1.13
   3731.267     2.181     0.20    1.12
   4104.281     2.373     0.52    0.96
   4477.275     2.459     0.23    1.03
   4850.248     2.396    -0.17    1.22
   5226.039     1.544    -2.27    2.26
   5603.076     0.823    -1.91    2.40
   5980.092     0.331    -1.30    2.39
   6357.088     0.092    -0.63    2.12
   6734.063     0.621     1.40    2.06
   7111.017     1.519     2.38    1.60
   7487.950     2.024     1.34    0.92
   7864.862     2.225     0.53    1.16
   8241.754     1.936    -0.77    1.65
   8618.625     1.691    -0.65    1.93
   8995.476     1.203    -1.29    2.23
   9372.305     1.381     0.47    2.45
   9749.114     1.760     1.01    2.33
  10125.902     1.536    -0.59    2.15
  10502.670     1.648     0.29    2.10
  10879.417     1.975     0.87    2.02
  11256.143     2.114     0.37    2.11
  11632.848     1.801    -0.83    2.42
  12009.533     1.428    -0.99    2.53
  12386.197     1.759     0.88    2.61
  12762.841     2.714     2.54    1.98
  13139.463     3.258     1.44    1.36
  13516.065     3.381     0.33    1.28
  13892.647     3.373    -0.02    1.20
  14269.208     3.589     0.57    1.25
  14645.748     3.492    -0.26    1.26
  15022.267     3.514     0.06    1.16
  15398.766     3.448    -0.18    0.99
  15775.245     3.305    -0.38    0.95
  16151.702     3.540     0.62    0.90
  16528.139     3.578     0.10    0.88
  16904.556     3.605     0.07    0.85
  17280.951     3.627     0.06    0.96
  17657.327     3.714     0.23    0.99
  18033.681     3.625    -0.24    1.02
  18410.015     3.714     0.24    0.96
  18786.329     3.671    -0.12    0.79
  19162.622     3.714     0.12    0.94
  19538.894     3.514    -0.53    1.42
  19915.146     2.781    -1.95    1.84
  20291.377     2.078    -1.87    1.92
  20667.588     1.646    -1.15    1.70
  21043.778     1.809     0.43    2.17
  21419.947     2.581     2.05    2.31
  21796.096     3.156     1.53    2.31
  22172.225     3.270     0.30    2.22
  22548.333     3.136    -0.35    1.79
  22924.420     3.024    -0.30    2.15
  23300.487     2.801    -0.59    2.17
  23676.533     2.809     0.02    2.22
  24052.559     2.892     0.22    2.19
  24428.565     2.587    -0.81    1.93
  24804.550     2.279    -0.82    1.82
  25180.514     2.019    -0.69    1.87
  25556.458     2.078     0.16    1.82
  25932.381     2.475     1.06    1.84
  26308.284     2.805     0.88    1.52
  26684.167     3.181     1.00    1.20
  27060.029     3.492     0.83    1.06
  27435.870     3.410    -0.22    1.05
  27811.691     3.388    -0.06    1.10
  28187.492     3.351    -0.10    1.10
  28563.272     3.301    -0.13    1.09
  28939.032     3.258    -0.12    1.03
  29314.771     3.555     0.79    1.03
  29690.490     3.292    -0.70    1.20
  30066.188     3.249    -0.11    1.10
  30441.867     2.953    -0.79    1.16
  30817.524     2.825    -0.34    0.93
  31193.161     2.953     0.34    1.02
  31568.778     2.936    -0.05    1.02
  31944.375     2.842    -0.25    0.97
  32319.951     2.803    -0.10    1.06
  32695.506     2.839     0.10    1.24
  33071.042     3.025     0.50    1.22
  33446.556     3.086     0.16    1.36
  33822.051     2.981    -0.28    1.34
  34197.525     2.936    -0.12    1.18
  34572.979     2.877    -0.16    1.11
  34948.412     2.825    -0.14    1.01
  35323.825     2.786    -0.11    1.07
  35699.218     3.010     0.60    1.05
  36074.590     3.010     0.00    1.17
  36449.943     2.914    -0.25    1.27
  36825.274     3.019     0.28    1.36
  37200.586     3.123     0.28    1.57
  37575.877     3.236     0.30    1.43
  37951.148     3.348     0.30    1.43
  38326.398     3.270    -0.21    0.94
  38701.628     3.136    -0.36    0.94
  39076.838     3.136     0.00    0.89
  39452.028     2.932    -0.55    0.76
  39827.197     2.758    -0.46    0.84
  40202.346     2.758     0.00    0.94
  40577.475     2.828     0.19    0.89
  40952.583     2.892     0.17    1.05
  41327.671     3.048     0.41    1.04
  41702.739     2.896    -0.40    1.04
  42077.787     2.975     0.21    1.06
  42452.814     2.873    -0.27    1.03
  42827.821     2.714    -0.42    1.06
  43202.808     2.845     0.35    1.05
  43577.775     2.845     0.00    1.00
  43952.721     2.714    -0.35    0.83
  44327.648     2.851     0.36    1.00
  44702.554     2.863     0.03    1.12
  45077.439     2.828    -0.09    1.15
  45452.305     2.888     0.16    1.14
  45827.150     2.714    -0.46    1.01
  46201.976     2.758     0.12    1.01
  46576.781     2.646    -0.30    1.19
  46951.565     2.737     0.24    1.23
  47326.330     2.714    -0.06    1.19
  47701.074     2.476    -0.64    1.14
  48075.799     2.410    -0.18    1.11
  48450.503     2.441     0.08    0.87
  48825.187     2.388    -0.14    0.99
  49199.850     2.492     0.28    1.06
  49574.494     2.441    -0.13    1.02
  49949.118     2.510     0.18    1.11
  50323.721     2.643     0.36    1.07
  50698.304     2.492    -0.40    1.06
  51072.867     2.435    -0.15    1.03
  51447.410     2.403    -0.09    1.04
  51821.933     2.603     0.53    0.96
  52196.436     2.668     0.17    0.95
  52570.918     2.736     0.18    1.10
  52945.381     2.639    -0.26    1.12
  53319.823     2.737     0.26    1.05
  53694.245     2.453    -0.76    0.88
  54068.647     2.181    -0.73    1.32
  54443.029     2.114    -0.18    1.36
  54817.391     2.101    -0.04    1.47
  55191.733     2.388     0.77    1.51
  55566.055     2.643     0.68    1.02
  55940.357     2.559    -0.22    0.98
  56314.639     2.482    -0.21    1.00
  56688.900     2.396    -0.23    1.01
  57063.142     2.475     0.21    1.04
  57437.364     2.497     0.06    0.96
  57811.565     2.714     0.58    0.86
  58185.747     2.851     0.36    0.98
  58559.908     3.055     0.55    1.07
  58934.050     3.146     0.24    1.04
  59308.171     3.203     0.15    1.04
  59682.272     3.248     0.12    0.97
  60056.354     3.236    -0.03    1.07
  60430.415     3.159    -0.21    1.10
  60804.457     3.055    -0.28    1.06
  61178.478     2.997    -0.16    1.03
  61552.480     2.987    -0.03    0.97
  61926.461     3.092     0.28    1.03
  62300.422     3.270     0.48    0.94
  62674.364     3.578     0.82    1.07
  63048.285     3.778     0.54    1.13
  63422.187     4.123     0.92    1.13
  63796.069     4.314     0.51    1.10
  64169.930     4.388     0.20    1.06
  64543.772     4.345    -0.12    0.93
  64917.594     4.314    -0.08    1.10
  65291.395     4.342     0.07    1.22
  65665.177     4.345     0.01    1.24
  66038.939     4.238    -0.29    1.35
  66412.681     4.076    -0.43    1.29
  66786.403     3.714    -0.97    1.15
  67160.106     3.497    -0.58    1.01
  67533.788     3.225    -0.73    0.84
  67907.450     3.191    -0.09    0.70
  68281.093     3.203     0.03    0.84
  68654.715     3.202    -0.00    0.90
  69028.318     3.301     0.27    0.93
  69401.901     3.328     0.07    0.99
  69775.464     3.225    -0.27    0.94
  70149.007     3.181    -0.12    0.84
  70522.530     3.203     0.06    0.82
  70896.033     2.851    -0.94    0.85
  71269.517     2.643    -0.56    0.92
  71642.980     2.441    -0.54    1.00
  72016.424     2.428    -0.03    0.99
  72389.848     2.359    -0.19    1.03
  72763.252     2.248    -0.30    0.94
  73136.637     2.249     0.00    0.91
  73510.001     2.270     0.06    0.92
  73883.346     2.373     0.28    1.11
  74256.670     2.464     0.24    0.92
  74629.975     2.551     0.23    1.00
  75003.261     2.381    -0.46    0.95
  75376.526     2.214    -0.45    0.88
  75749.772     2.146    -0.18    0.85
  76122.997     2.070    -0.20    0.80
  76496.203     2.071     0.00    0.91
  76869.390     2.055    -0.04    0.86
  77242.556     2.251     0.52    0.90
  77615.703     2.214    -0.10    1.05
  77988.830     2.366     0.41    1.12
  78361.937     2.441     0.20    1.17
  78735.024     2.559     0.31    1.26
  79108.092     2.648     0.24    1.21
  79481.140     2.779     0.35    1.24
  79854.749     3.080     0.80    1.22
  80231.755     3.181     0.27    1.18
  80608.740     3.441     0.69    0.79
  80985.705     3.470     0.08    0.88
  81362.651     3.536     0.18    0.86
  81739.576     3.441    -0.25    0.82
  82116.481     3.888     1.18    1.29
  82493.365     4.419     1.41    1.50
  82870.230     4.381    -0.10    1.73
  83247.074     4.203    -0.47    1.93
  83623.899     3.648    -1.47    1.89
  84000.703     3.152    -1.32    1.62
  84377.487     2.987    -0.44    1.35
  84754.251     3.025     0.10    1.24
  85130.994     3.470     1.18    1.21
  85507.718     3.782     0.83    1.21
  85884.422     2.981    -2.13    2.15
  86261.105     1.909    -2.84    2.41
  86637.768     0.888    -2.71    2.00
  87014.411     0.181    -1.88    1.20
  87391.035     0.225     0.12    1.14
  87767.638     0.646     1.12    1.68
  88144.221     1.040     1.05    2.02
  88520.783     1.328     0.76    2.25
  88897.326     1.739     1.09    2.40
  89273.849     1.225    -1.36    2.29
  89650.352     0.873    -0.93    2.06
  90026.834     0.336    -1.43    1.47
  90403.297     0.470     0.35    1.67
  90779.739     0.428    -0.11    1.67
  91156.162     0.419    -0.03    1.69
  91532.564     0.272    -0.39    1.47
  91908.947     0.070    -0.54    1.11
  92285.309     0.048    -0.06    1.07
  92661.652     0.101     0.14    1.02
  93037.974     0.345     0.65    1.29
  93414.276     0.452     0.29    1.34
  93790.559     0.848     1.05    1.52
  94166.821     1.226     1.01    1.50
  94543.063     1.805     1.54    1.39
  94919.286     2.248     1.18    1.39
  95295.488     2.649     1.07    1.12
  95671.670     2.649     0.00    1.27
  96047.833     2.601    -0.13    1.40
  96423.975     2.603     0.01    1.37
  96800.098     2.536    -0.18    1.45
  97176.200     2.691     0.41    1.36
  97552.283     2.892     0.53    1.34
  97928.346     2.873    -0.05    1.20
  98304.388     2.892     0.05    1.11
  98680.411     2.671    -0.59    1.01
  99056.414     2.625    -0.12    1.10
  99432.397     2.492    -0.35    1.15
  99808.360     2.389    -0.27    1.17
 100184.303     2.149    -0.64    1.17
 100560.226     2.032    -0.31    1.09
 100936.129     2.181     0.39    1.34
 101312.012     2.736     1.48    1.50
 101687.876     3.519     2.08    1.64
 102063.719     4.781     3.36    1.56
 102439.543     5.809     2.74    1.71
 102815.347     7.019     3.22    2.23
 103191.131     8.238     3.24    2.13
 103566.895     9.003     2.04    2.11
 103942.639     9.670     1.77    2.11
 104318.363    10.055     1.03    2.21
 104694.068    10.464     1.09    2.13
 105069.752    10.643     0.48    2.30
 105445.417    10.873     0.61    2.18
 105821.062    11.249     1.00    2.06
 106196.687    12.048     2.13    2.55
 106572.292    12.514     1.24    2.31
 106947.877    12.644     0.35    2.50
 107323.443    14.848     5.87    6.13
 107698.989    17.589     7.30    8.73
 108074.515    21.260     9.77    9.64
 108450.021    25.301    10.76    9.01
 108825.507    27.191     5.03    8.39
 109200.974    25.714    -3.93    7.75
 109576.421    24.691    -2.72    7.66
 109951.847    25.171     1.28    8.05
 110327.255    27.214     5.44    9.73
 110702.642    32.248    13.41   12.47
 111078.010    39.092    18.23   12.14
 111453.358    44.475    14.34   11.05
 111828.686    47.825     8.93    9.31
 112203.994    48.101     0.73    7.67
 112579.283    48.084    -0.04    6.84
 112954.552    49.010     2.47    7.90
 113329.801    51.181     5.79    7.82
 113705.030    51.714     1.42    7.22
 114080.240    51.669    -0.12    7.57
 114455.430    49.258    -6.43    8.54
 114830.600    47.873    -3.69    7.99
 115205.750    50.625     7.33    8.18
 115580.881    54.492    10.31    7.43
 115955.992    57.578     8.23    7.93
 116331.083    59.670     5.58    7.58
 116706.155    60.555     2.36    7.59
 117081.207    57.236    -8.85    8.43
 117456.239    55.419    -4.84    6.78
 117831.252    52.323    -8.25    7.70
 118206.245    48.866    -9.22    8.21
 118581.218    45.171    -9.85    8.45
 118956.172    42.136    -8.09    7.69
 119331.106    41.500    -1.70    7.17
 119706.020    40.519    -2.62    6.28
 120080.915    41.601     2.89    5.76
 120455.790    45.192     9.58    6.50
 120830.645    49.373    11.15    8.11
 121205.481    52.671     8.80    7.79
 121580.297    56.532    10.30    6.00
 121955.093    57.056     1.40    5.80
 122329.870    57.578     1.39    5.39
 122704.627    59.071     3.98    5.48
 123079.365    61.448     6.34    6.52
 123454.083    63.136     4.51    7.12
 123828.781    63.578     1.18    6.82
 124203.460    64.203     1.67    6.21
 124578.119    64.203    -0.00    5.30
 124952.759    65.623     3.79    5.16
 125327.379    68.190     6.85    5.80
 125701.979    71.781     9.58    6.80
 126076.560    76.536    12.69    7.06
 126451.122    79.214     7.15    6.46
 126825.664    82.536     8.87    6.15
 127200.186    86.389    10.29    5.42
 127574.688    89.396     8.03    5.54
 127949.171    91.575     5.82    5.28
 128323.635    94.225     7.08    5.08
 128698.079    96.314     5.58    5.59
 129072.504    98.169     4.95    5.13
 129446.909    99.866     4.53    4.65
 129821.294   101.119     3.35    4.71
 130195.660   103.136     5.39    4.79
 130570.006   104.952     4.85    4.37
 130944.333   105.623     1.79    4.06
 131318.641   104.936    -1.83    4.31
 131692.929   101.497    -9.19    5.53
 132067.197    97.214   -11.44    5.95
 132441.446    94.548    -7.12    6.05
 132815.676    91.779    -7.40    6.32
 133189.886    90.296    -3.96    6.80
 133564.076    89.114    -3.16    7.61
 133938.247    88.359    -2.02    7.63
 134312.399    87.236    -3.00    6.92
 134686.531    86.136    -2.94    6.29
 135060.644    82.669    -9.27    6.81
 135434.737    79.842    -7.56    6.80
 135808.811    77.351    -6.66    6.30
 136182.865    76.403    -2.53    7.04
 136556.900    77.419     2.72    7.40
 136930.915    77.092    -0.87    6.49
 137304.911    77.536     1.19    6.02
 137678.888    76.578    -2.56    5.53
 138052.845    73.136    -9.20    6.43
 138426.783    70.248    -7.72    6.18
 138800.701    68.381    -4.99    5.45
 139174.601    68.648     0.71    7.44
 139548.480    69.601     2.55    8.14
 139922.340    72.214     6.99    7.10
 140296.181    71.441    -2.07    6.52
 140670.003    70.048    -3.73    6.94
 141043.805    68.823    -3.28    7.19
 141417.588    67.781    -2.79    7.50
 141791.351    67.981     0.54    7.10
 142165.095    68.737     2.02    5.25
 142538.820    67.953    -2.10    5.13
 142912.525    65.598    -6.30    5.69
 143286.211    63.161    -6.52    7.44
 143659.878    57.692   -14.63    7.88
 144033.525    53.536   -11.12    8.27
 144407.153    50.282    -8.71    7.31
 144780.761    46.482   -10.17    7.57
 145154.351    43.136    -8.95    9.51
 145527.921    40.214    -7.82    9.94
 145901.471    36.671    -9.48    8.79
 146275.003    34.248    -6.49    7.52
 146648.515    35.292     2.80    8.70
 147022.008    39.110    10.22    9.70
 147395.481    44.981    15.72    9.04
 147768.935    50.314    14.28    6.83
 148142.370    53.543     8.65    5.83
 148515.786    55.214     4.47    5.70
 148889.182    56.738     4.08    6.27
 149262.559    56.236    -1.34    7.83
 149635.917    53.146    -8.27    9.69
 150009.256    48.292   -13.00   10.52
 150382.575    44.305   -10.68    9.50
 150755.875    42.300    -5.37    7.68
 151129.156    40.737    -4.19    5.62
 151502.418    41.595     2.30    5.47
 151875.660    43.914     6.21    6.72
 152248.883    47.055     8.41    6.94
 152622.087    50.828    10.11    6.42
 152995.272    55.803    13.33    7.73
 153368.438    60.095    11.50    7.16
 153741.584    64.191    10.98    6.53
 154114.711    68.470    11.47    6.85
 154487.819    71.825     8.99    6.77
 154863.235    73.592     4.71    5.65
 155240.187    75.502     5.07    6.19
