-152568.805    20.882     0.00    2.42
-152192.971    20.501    -1.01    2.08
-151817.123    20.058    -1.18    1.80
-151441.260    19.704    -0.94    1.70
-151065.382    20.358     1.74    2.50
-150689.489    20.954     1.58    2.97
-150313.581    21.597     1.71    3.15
-149937.659    21.893     0.79    2.81
-149561.721    21.381    -1.36    2.46
-149185.769    20.965    -1.10    2.22
-148809.802    20.771    -0.52    2.18
-148433.821    20.570    -0.53    1.76
-148057.824    20.478    -0.24    1.72
-147681.812    20.882     1.07    2.05
-147305.786    20.673    -0.56    2.13
-146929.745    20.175    -1.33    2.20
-146553.689    20.137    -0.10    1.95
-146177.618    20.025    -0.30    1.99
-145801.532    19.811    -0.57    2.00
-145425.431    19.954     0.38    1.80
-145049.316    19.590    -0.97    2.43
-144673.185    19.210    -1.01    2.88
-144297.040    19.168    -0.11    3.09
-143920.880    19.406     0.63    3.02
-143544.705    19.629     0.59    2.56
-143168.515    19.454    -0.47    1.79
-142792.310    20.043     1.57    2.45
-142416.090    20.811     2.04    2.98
-142039.855    20.597    -0.57    3.40
-141663.606    20.686     0.24    3.52
-141287.341    20.803     0.31    3.37
-140911.062    21.351     1.46    3.47
-140534.767    21.181    -0.45    3.51
-140158.458    19.930    -3.32    3.17
-139782.134    18.617    -3.49    2.45
-139405.795    18.919     0.80    2.84
-139029.440    19.691     2.05    2.94
-138653.071    19.522    -0.45    2.60
-138276.687    19.479    -0.11    2.19
-137900.289    19.478    -0.00    1.84
-137523.875    19.311    -0.44    2.13
-137147.446    19.274    -0.10    2.34
-136771.002    19.545     0.72    2.34
-136394.543    19.479    -0.17    2.27
-136018.070    19.787     0.82    2.34
-135641.581    19.803     0.04    2.17
-135265.077    18.929    -2.32    1.95
-134888.559    17.954    -2.59    2.12
-134512.025    17.691    -0.70    2.67
-134135.477    17.317    -0.99    2.47
-133758.913    17.430     0.30    2.48
-133382.335    17.570     0.37    2.06
-133005.741    18.181     1.62    2.17
-132629.132    18.813     1.68    2.25
-132252.509    18.658    -0.41    2.27
-131875.870    19.179     1.38    2.80
-131499.217    19.151    -0.07    2.68
-131122.548    20.168     2.70    2.67
-130745.865    19.890    -0.74    2.53
-130369.166    19.567    -0.86    2.55
-129992.453    20.223     1.74    2.75
-129615.724    20.088    -0.36    2.62
-129238.980    19.882    -0.55    2.78
-128862.221    19.405    -1.27    3.07
-128485.448    18.090    -3.49    2.58
-128108.659    17.401    -1.83    2.08
-127731.855    16.787    -1.63    1.39
-127357.396    16.407    -1.01    1.15
-126983.553    16.430     0.06    1.12
-126609.696    16.787     0.96    1.36
-126235.824    16.761    -0.07    1.36
-125861.937    17.175     1.11    1.20
-125488.035    17.504     0.88    1.28
-125114.118    17.429    -0.20    1.44
-124740.186    17.335    -0.25    1.47
-124366.240    17.573     0.64    1.55
-123992.279    17.168    -1.08    1.71
-123618.303    17.105    -0.17    1.48
-123244.312    17.287     0.49    1.59
-122870.306    17.358     0.19    1.83
-122496.286    18.012     1.75    2.11
-122122.250    18.025     0.04    2.61
-121748.200    17.756    -0.72    2.73
-121374.135    16.896    -2.30    2.31
-121000.055    17.175     0.75    2.69
-120625.960    18.478     3.48    3.37
-120251.851    19.210     1.96    3.29
-119877.726    19.858     1.73    2.87
-119503.587    19.311    -1.46    2.74
-119129.433    18.120    -3.18    1.98
-118755.263    17.593    -1.41    1.70
-118381.079    17.835     0.65    2.20
-118006.880    17.858     0.06    2.29
-117632.667    18.406     1.46    2.84
-117258.438    18.644     0.64    2.80
-116884.194    18.771     0.34    2.67
-116509.936    18.168    -1.61    2.69
-116135.662    17.088    -2.89    2.72
-115761.374    16.179    -2.43    2.10
-115387.071    15.779    -1.07    1.64
-115012.753    15.582    -0.53    1.78
-114638.420    15.906     0.87    1.63
-114264.072    15.811    -0.25    1.85
-113889.709    15.919     0.29    1.83
-113515.331    15.756    -0.43    1.86
-113140.938    15.612    -0.39    1.84
-112766.530    15.681     0.19    1.83
-112392.108    16.429     2.00    2.15
-112017.670    16.549     0.32    1.83
-111643.218    16.113    -1.16    2.12
-111268.750    15.608    -1.35    2.18
-110894.268    15.636     0.07    2.17
-110519.770    15.664     0.08    2.58
-110145.258    16.181     1.38    2.54
-109770.731    16.965     2.09    2.38
-109396.188    17.105     0.37    2.66
-109021.631    17.012    -0.25    2.59
-108647.059    17.377     0.97    2.72
-108272.472    17.363    -0.04    2.59
-107897.870    16.954    -1.09    2.68
-107523.252    16.358    -1.59    2.63
-107148.620    15.185    -3.13    1.83
-106773.973    14.649    -1.43    1.31
-106399.311    14.249    -1.07    0.76
-106024.634    14.191    -0.16    0.64
-105649.941    13.978    -0.57    0.71
-105275.234    13.942    -0.09    0.77
-104900.512    13.668    -0.73    0.87
-104525.775    13.620    -0.13    0.85
-104151.023    13.679     0.16    0.86
-103776.255    13.640    -0.10    0.73
-103401.473    13.779     0.37    0.66
-103026.676    13.746    -0.09    1.01
-102651.863    13.882     0.36    1.50
-102277.036    13.954     0.19    1.66
-101902.194    14.168     0.57    1.97
-101527.336    14.430     0.70    1.88
-101152.464    14.503     0.19    1.86
-100777.576    14.771     0.72    2.43
-100402.673    15.216     1.19    2.43
-100027.756    15.779     1.50    2.47
 -99652.823    16.314     1.43    2.52
 -99277.875    16.001    -0.83    2.46
 -98902.912    14.882    -2.98    2.30
 -98527.934    14.283    -1.60    2.05
 -98152.941    13.384    -2.40    1.65
 -97777.933    12.965    -1.12    0.94
 -97402.910    12.965     0.00    0.98
 -97027.871    12.989     0.06    1.01
 -96652.818    13.244     0.68    1.55
 -96277.750    14.216     2.59    2.17
 -95902.666    15.739     4.06    2.89
 -95527.567    16.710     2.59    3.46
 -95152.453    17.406     1.86    3.33
 -94777.324    17.025    -1.02    3.50
 -94402.180    17.067     0.11    3.35
 -94027.021    16.858    -0.56    3.33
 -93651.847    15.576    -3.42    2.87
 -93276.658    15.120    -1.21    2.92
 -92901.453    13.868    -3.34    2.40
 -92526.233    13.858    -0.03    2.58
 -92150.999    13.668    -0.51    2.71
 -91775.749    12.990    -1.81    2.18
 -91400.484    12.525    -1.24    1.42
 -91025.203    13.172     1.72    2.91
 -90649.908    13.593     1.12    3.53
 -90274.597    14.739     3.05    3.49
 -89899.272    15.268     1.41    3.59
 -89523.931    15.430     0.43    3.11
 -89148.575    15.006    -1.13    2.91
 -88773.203    14.204    -2.14    2.68
 -88397.817    13.112    -2.91    1.61
 -88022.416    12.698    -1.10    1.61
 -87646.999    12.547    -0.40    1.62
 -87271.567    12.161    -1.03    1.38
 -86896.120    12.795     1.69    1.99
 -86520.657    13.351     1.48    2.25
 -86145.180    13.136    -0.57    2.09
 -85769.687    14.221     2.89    2.54
 -85394.179    14.989     2.04    2.75
 -85018.656    15.522     1.42    2.86
 -84643.118    16.085     1.50    3.19
 -84267.564    15.795    -0.77    3.34
 -83891.995    16.429     1.69    3.56
 -83516.412    16.840     1.10    3.30
 -83140.812    17.120     0.75    3.50
 -82765.198    17.556     1.16    3.30
 -82389.568    17.317    -0.64    3.36
 -82013.923    16.402    -2.44    3.49
 -81638.263    15.168    -3.29    3.73
 -81262.588    13.244    -5.12    2.49
 -80886.897    12.311    -2.48    1.57
 -80511.191    11.840    -1.25    1.02
 -80135.470    11.848     0.02    0.95
 -79759.734    11.522    -0.87    1.11
 -79383.982    11.454    -0.18    1.15
 -79008.215    11.454     0.00    1.21
 -78632.433    11.314    -0.37    1.28
 -78256.635    11.659     0.92    1.03
 -77880.822    11.386    -0.73    0.90
 -77504.994    11.304    -0.22    1.00
 -77129.151    10.811    -1.31    1.23
 -76753.292    10.597    -0.57    1.12
 -76377.418    10.771     0.46    1.31
 -76001.529    11.022     0.67    1.34
 -75625.625    11.505     1.29    1.21
 -75249.705    11.525     0.05    1.28
 -74873.770    11.710     0.49    1.63
 -74497.819    12.025     0.84    1.70
 -74121.854    11.787    -0.63    1.80
 -73745.872    11.659    -0.34    1.63
 -73369.876    11.477    -0.48    1.75
 -72993.864    11.704     0.60    1.92
 -72617.837    11.311    -1.04    2.08
 -72241.795    10.882    -1.14    2.04
 -71865.737    10.844    -0.10    2.12
 -71489.664    10.644    -0.53    1.78
 -71113.576    10.624    -0.05    1.43
 -70737.472    10.524    -0.27    1.33
 -70361.353    10.954     1.14    1.61
 -69985.218    11.549     1.58    2.31
 -69609.068    11.617     0.18    2.33
 -69232.903    11.872     0.68    2.26
 -68856.723    11.954     0.22    2.41
 -68480.527    11.692    -0.70    2.59
 -68104.315    10.942    -1.99    2.47
 -67728.089    10.168    -2.06    1.94
 -67351.847    10.012    -0.41    1.26
 -66975.589    11.097     2.88    2.45
 -66599.316    11.942     2.25    2.51
 -66223.028    12.597     1.74    2.53
 -65846.724    12.314    -0.75    2.95
 -65470.405    11.906    -1.08    2.51
 -65094.071    11.733    -0.46    2.40
 -64717.721    11.477    -0.68    2.15
 -64341.356    11.168    -0.82    1.98
 -63964.975    10.551    -1.64    1.76
 -63588.579    10.216    -0.89    1.30
 -63212.167     9.989    -0.60    1.30
 -62835.740     9.872    -0.31    1.31
 -62459.298     9.882     0.03    1.45
 -62082.840    10.049     0.44    1.50
 -61706.367    11.001     2.53    2.23
 -61329.878    11.337     0.89    2.24
 -60953.374    10.803    -1.42    2.27
 -60576.854    10.733    -0.19    2.22
 -60200.319    10.384    -0.93    2.18
 -59823.769    10.746     0.96    2.49
 -59447.203    11.128     1.01    2.60
 -59070.621    11.593     1.24    2.56
 -58694.024    11.431    -0.43    2.61
 -58317.412    11.337    -0.25    2.44
 -57940.784    10.989    -0.93    2.38
 -57564.141    10.811    -0.47    2.24
 -57187.482    10.356    -1.21    2.06
 -56810.807     9.896    -1.22    1.84
 -56434.118     9.710    -0.49    1.76
 -56057.412     9.454    -0.68    1.45
 -55680.691     9.549     0.25    1.51
 -55303.955     9.216    -0.88    1.32
 -54927.203     8.896    -0.85    1.18
 -54550.436     9.105     0.56    1.91
 -54173.653    10.477     3.64    3.32
 -53796.855    11.686     3.21    3.57
 -53420.041    12.906     3.24    3.17
 -53043.211    12.835    -0.19    2.85
 -52667.108    12.335    -1.33    2.71
 -52293.331    11.406    -2.48    2.69
 -51919.539    10.739    -1.78    2.59
 -51545.731    10.640    -0.27    2.55
 -51171.908    10.337    -0.81    2.10
 -50798.070    10.849     1.37    1.98
 -50424.217    10.966     0.31    1.98
 -50050.348    11.477     1.37    2.98
 -49676.464    12.234     2.03    3.09
 -49302.564    12.882     1.73    3.33
 -48928.650    14.097     3.25    3.46
 -48554.720    14.454     0.96    3.09
 -48180.775    14.022    -1.15    3.43
 -47806.814    12.992    -2.75    3.77
 -47432.838    11.022    -5.27    3.35
 -47058.847     9.137    -5.04    2.24
 -46684.840     8.361    -2.07    1.80
 -46310.819     8.965     1.62    2.66
 -45936.781    10.377     3.77    3.30
 -45562.729    12.226     4.94    3.36
 -45188.661    13.761     4.10    2.57
 -44814.578    14.151     1.04    2.45
 -44440.479    13.942    -0.56    2.49
 -44066.366    12.756    -3.17    3.14
 -43692.236    11.636    -2.99    3.25
 -43318.092     9.927    -4.57    2.75
 -42943.932     9.386    -1.45    2.98
 -42569.757     9.354    -0.09    3.05
 -42195.566     9.976     1.66    3.29
 -41821.360    10.835     2.29    3.10
 -41447.138    11.379     1.45    3.11
 -41072.902    11.863     1.29    2.81
 -40698.649    11.717    -0.39    3.06
 -40324.382    10.826    -2.38    3.37
 -39950.099     9.617    -3.23    2.74
 -39575.801     9.358    -0.69    2.55
 -39201.487     9.930     1.53    2.67
 -38827.158     9.582    -0.93    2.75
 -38452.813     9.840     0.69    2.98
 -38078.453    10.254     1.10    3.20
 -37704.078    10.501     0.66    3.55
 -37329.687    11.058     1.49    3.70
 -36955.281    10.478    -1.55    3.53
 -36580.859     9.919    -1.49    3.32
 -36206.422     9.527    -1.05    3.17
 -35831.970     9.382    -0.39    3.09
 -35457.502    10.551     3.12    3.48
 -35083.019    10.407    -0.38    3.39
 -34708.520     9.692    -1.91    3.86
 -34334.006     8.663    -2.75    4.16
 -33959.476     7.617    -2.79    3.64
 -33584.931     7.287    -0.88    3.77
 -33210.370     7.311     0.06    3.52
 -32835.794     7.545     0.62    3.40
 -32461.203     7.216    -0.88    3.79
 -32086.596     7.361     0.39    3.85
 -31711.974     7.175    -0.50    3.68
 -31337.336     7.382     0.55    3.95
 -30962.682     8.097     1.91    4.18
 -30588.013     7.763    -0.89    4.15
 -30213.329     7.756    -0.02    4.22
 -29838.629     7.570    -0.50    4.08
 -29463.914     6.221    -3.60    2.92
 -29089.183     5.989    -0.62    2.61
 -28714.437     5.477    -1.37    2.46
 -28339.675     4.739    -1.97    2.09
 -27964.898     3.692    -2.80    2.05
 -27590.105     4.198     1.35    3.17
 -27215.296     3.990    -0.55    3.29
 -26840.472     3.406    -1.56    3.29
 -26465.633     4.272     2.31    3.86
 -26090.778     6.158     5.03    5.00
 -25715.908     7.525     3.65    5.67
 -25341.022     7.906     1.02    5.32
 -24966.120     7.382    -1.40    5.02
 -24591.203     6.049    -3.56    4.55
 -24216.270     4.501    -4.13    2.75
 -23841.322     4.551     0.13    3.20
 -23466.358     4.668     0.31    3.45
 -23091.379     4.354    -0.84    3.19
 -22716.384     3.849    -1.35    2.80
 -22341.374     3.234    -1.64    2.27
 -21966.348     2.710    -1.40    2.18
 -21591.306     1.906    -2.14    1.67
 -21216.249     1.304    -1.61    1.33
 -20841.176     1.704     1.07    2.29
 -20466.088     2.379     1.80    2.63
 -20090.984     2.549     0.45    2.66
 -19715.864     2.779     0.61    2.86
 -19340.729     3.430     1.74    2.92
 -18965.579     4.295     2.30    3.09
 -18590.412     4.941     1.72    2.91
 -18215.230     5.386     1.19    2.44
 -17840.033     4.942    -1.18    2.76
 -17464.820     4.872    -0.18    2.58
 -17089.591     4.593    -0.74    2.40
 -16714.347     5.554     2.56    3.22
 -16339.087     5.931     1.01    3.37
 -15963.811     5.377    -1.48    3.50
 -15588.520     4.384    -2.65    3.64
 -15213.213     3.663    -1.92    2.96
 -14837.890     4.035     0.99    2.74
 -14462.552     5.295     3.36    3.00
 -14087.198     6.006     1.90    3.42
 -13711.829     5.681    -0.87    3.90
 -13336.444     5.097    -1.56    3.73
 -12961.043     4.886    -0.56    3.61
 -12585.626     5.454     1.51    2.91
 -12210.194     6.223     2.05    2.64
 -11834.746     6.931     1.89    2.41
 -11459.283     6.582    -0.93    2.92
 -11083.804     4.739    -4.91    4.13
 -10708.309     2.849    -5.03    3.72
 -10332.798     2.049    -2.13    3.31
  -9957.272     1.340    -1.89    3.05
  -9581.730     1.664     0.86    2.98
  -9206.173     2.113     1.19    3.30
  -8830.599     2.919     2.15    3.83
  -8455.010     3.686     2.04    3.82
  -8079.405     4.035     0.93    3.67
  -7703.785     3.915    -0.32    3.42
  -7328.149     3.295    -1.65    3.05
  -6952.497     2.804    -1.31    2.74
  -6576.829     2.430    -0.99    2.99
  -6201.146     2.268    -0.43    3.11
  -5825.447     1.673    -1.58    2.36
  -5449.732     1.886     0.57    2.55
  -5074.001     2.069     0.49    2.20
  -4698.255     2.567     1.33    2.34
  -4322.493     2.989     1.12    2.37
  -3946.715     3.058     0.19    2.37
  -3570.922     4.573     4.03    3.46
  -3195.112     4.761     0.50    3.63
  -2819.287     5.022     0.69    3.41
  -2443.446     3.929    -2.91    3.75
  -2067.590     2.216    -4.56    3.58
  -1691.717     0.430    -4.75    2.11
  -1315.829     0.966     1.43    3.59
   -939.925     1.340     1.00    3.93
   -564.005     1.624     0.76    4.05
   -188.070     1.311    -0.83    3.75
    187.882     0.478    -2.22    2.51
    563.849    -0.165    -1.71    1.59
    939.832    -0.475    -0.82    0.46
   1315.831    -0.096     1.01    1.80
   1691.845     1.045     3.03    3.66
   2067.875     1.904     2.28    3.95
   2443.922     3.001     2.92    4.10
   2819.984     4.686     4.48    4.44
   3196.062     6.893     5.87    4.77
   3572.155     9.826     7.80    3.63
   3948.265    11.120     3.44    3.14
   4324.390    11.763     1.71    1.69
   4700.531    11.710    -0.14    1.22
   5076.688    11.849     0.37    1.18
   5452.861    12.168     0.85    1.42
   5829.050    12.644     1.27    1.50
   6205.255    13.192     1.46    1.42
   6581.475    13.406     0.57    1.53
   6957.711    13.779     0.99    1.60
   7333.964    13.858     0.21    1.78
   7710.232    13.930     0.19    1.78
   8086.516    13.954     0.06    1.60
   8462.816    13.716    -0.63    1.40
   8839.131    14.386     1.78    1.98
   9215.463    15.090     1.87    2.23
   9591.810    15.073    -0.05    2.40
   9968.174    15.930     2.28    2.50
  10344.553    15.989     0.16    2.29
  10720.948    15.763    -0.60    2.76
  11097.359    14.978    -2.09    2.83
  11473.786    14.663    -0.84    2.95
  11850.229    14.500    -0.43    2.90
  12226.688    16.012     4.02    3.59
  12603.163    17.942     5.13    4.04
  12979.654    18.882     2.50    3.46
  13356.160    18.073    -2.15    3.97
  13732.683    16.545    -4.06    4.59
  14109.221    15.073    -3.91    3.78
  14485.776    14.431    -1.70    3.50
  14862.346    14.756     0.86    3.58
  15238.933    16.454     4.51    3.99
  15615.535    16.311    -0.38    4.05
  15992.153    15.151    -3.08    4.73
  16368.787    14.361    -2.10    4.48
  16745.438    13.756    -1.61    3.31
  17122.104    14.549     2.11    2.73
  17498.786    15.382     2.21    2.15
  17875.484    15.035    -0.92    2.22
  18252.198    14.919    -0.31    2.20
  18628.928    14.291    -1.67    2.13
  19005.674    14.499     0.55    2.19
  19382.436    15.082     1.55    2.35
  19759.215    15.168     0.23    2.20
  20136.009    15.454     0.76    2.10
  20512.819    15.239    -0.57    2.10
  20889.645    15.221    -0.05    1.78
  21266.487    15.524     0.80    1.88
  21643.345    15.239    -0.75    1.98
  22020.219    14.930    -0.82    2.04
  22394.904    14.454    -1.27    1.90
  22768.631    14.221    -0.62    2.06
  23142.373    14.035    -0.50    2.43
  23516.131    12.886    -3.08    3.32
  23889.905    11.244    -4.39    3.45
  24263.694     8.593    -7.09    3.73
  24637.500     5.978    -7.00    3.44
  25011.321     5.597    -1.02    3.73
  25385.158     7.058     3.91    5.06
  25759.011     9.795     7.32    5.72
  26132.879    12.978     8.51    4.36
  26506.763    14.272     3.46    2.94
  26880.663    14.620     0.93    2.33
  27254.579    14.549    -0.19    1.94
  27628.511    14.454    -0.25    2.00
  28002.458    14.597     0.38    1.84
  28376.421    14.835     0.64    1.68
  28750.400    15.547     1.90    2.01
  29124.395    15.617     0.19    2.08
  29498.406    15.826     0.56    2.19
  29872.432    15.779    -0.13    2.14
  30246.474    15.067    -1.90    2.06
  30620.533    15.283     0.58    1.95
  30994.606    15.097    -0.50    1.92
  31368.696    15.198     0.27    2.26
  31742.802    15.192    -0.02    2.44
  32116.923    14.749    -1.18    2.08
  32491.061    15.069     0.86    2.23
  32865.214    15.499     1.15    2.11
  33239.383    15.210    -0.77    2.09
  33613.567    14.872    -0.90    2.22
  33987.768    14.942     0.19    2.51
  34361.985    15.210     0.72    2.43
  34736.217    15.499     0.77    2.01
  35110.465    15.582     0.22    1.63
  35484.730    15.181    -1.07    1.47
  35859.010    14.989    -0.51    1.18
  36233.306    15.082     0.25    1.13
  36607.617    15.090     0.02    1.04
  36981.945    15.069    -0.06    1.16
  37356.289    15.067    -0.00    2.40
  37730.648    15.197     0.35    3.58
  38105.023    15.192    -0.01    3.84
  38479.415    15.454     0.70    3.61
  38853.822    15.549     0.25    2.62
  39228.245    15.317    -0.62    1.34
  39602.684    15.506     0.50    1.14
  39977.139    15.908     1.07    0.95
  40351.610    16.128     0.59    1.30
  40726.097    16.317     0.51    1.36
  41100.599    16.407     0.24    1.41
  41475.118    16.197    -0.56    1.41
  41849.653    16.204     0.02    1.24
  42224.203    16.348     0.39    1.20
  42598.770    16.593     0.65    1.64
  42973.352    16.849     0.68    1.65
  43347.951    16.733    -0.31    1.72
  43722.565    16.593    -0.37    1.82
  44097.195    16.300    -0.78    1.74
  44471.842    16.022    -0.74    1.35
  44846.504    15.654    -0.98    0.82
  45221.182    15.787     0.36    0.95
  45595.876    15.849     0.17    1.18
  45970.587    15.722    -0.34    1.48
  46345.313    15.658    -0.17    1.68
  46720.055    15.844     0.50    1.56
  47094.813    15.858     0.04    1.40
  47469.587    16.382     1.40    1.35
  47844.378    16.525     0.38    1.31
  48219.184    16.597     0.19    1.46
  48594.006    16.795     0.53    1.39
  48968.844    16.704    -0.24    1.06
  49343.698    16.729     0.07    1.04
  49718.569    16.763     0.09    0.98
  50093.455    16.726    -0.10    1.04
  50468.357    16.644    -0.22    1.02
  50843.276    16.663     0.05    1.01
  51218.210    16.756     0.25    0.96
  51593.160    16.686    -0.19    0.97
  51968.127    16.668    -0.05    0.98
  52343.109    16.547    -0.32    0.97
  52718.108    16.524    -0.06    1.12
  53093.123    16.477    -0.12    1.37
  53468.153    16.198    -0.74    1.60
  53843.200    15.930    -0.71    1.58
  54218.263    15.658    -0.72    1.58
  54593.342    15.244    -1.10    1.17
  54968.437    15.198    -0.12    1.16
  55343.548    15.175    -0.06    1.12
  55718.675    15.407     0.62    1.23
  56093.818    15.478     0.19    1.33
  56468.978    15.525     0.13    1.85
  56844.153    15.358    -0.44    1.65
  57219.345    14.886    -1.26    1.15
  57594.552    14.779    -0.28    1.17
  57969.776    15.022     0.65    1.26
  58345.016    15.128     0.28    1.23
  58720.272    15.221     0.25    2.20
  59095.544    14.204    -2.71    3.94
  59470.832    11.942    -6.03    4.84
  59846.136     8.756    -8.49    5.57
  60221.457     4.681   -10.86    5.03
  60596.793     4.151    -1.41    5.63
  60972.146     5.710     4.15    6.61
  61347.515     9.917    11.21    7.05
  61722.900    14.573    12.40    4.12
  62098.301    16.454     5.01    2.59
  62473.719    16.826     0.99    2.31
  62849.152    15.407    -3.78    3.50
  63224.602    14.477    -2.48    3.41
  63600.068    13.989    -1.30    3.22
  63975.550    15.128     3.04    4.16
  64351.048    15.198     0.19    6.21
  64726.562    12.454    -7.31    9.69
  65102.093     9.872    -6.87   11.22
  65477.639     6.613    -8.68   11.75
  65853.202     4.570    -5.44   11.32
  66228.782     3.263    -3.48   11.13
  66604.377     0.406    -7.61    9.39
  66979.988    -0.639    -2.78    8.02
  67355.616    -1.137    -1.33    6.42
  67731.260    -1.616    -1.27    7.22
  68106.920    -0.478     3.03    8.96
  68482.597    -2.228    -4.66    7.86
  68858.289    -2.665    -1.16    7.98
  69233.998    -1.895     2.05    8.95
  69609.723    -0.686     3.22    9.93
  69985.464     0.919     4.27   10.93
  70361.222     0.268    -1.73    9.77
  70736.996     0.239    -0.08    9.22
  71112.786    -2.407    -7.04    7.24
  71488.592    -4.314    -5.07    5.43
  71864.415    -5.094    -2.08    4.36
  72240.253    -5.802    -1.88    3.64
  72616.108    -5.924    -0.32    3.58
  72991.980    -6.637    -1.90    3.29
  73367.867    -6.380     0.69    4.76
  73743.771    -5.918     1.23    5.60
  74119.691    -6.523    -1.61    4.42
  74495.628    -6.713    -0.51    3.84
  74871.581    -6.732    -0.05    4.24
  75247.550    -6.665     0.18    4.31
  75623.535    -7.478    -2.16    2.69
  75999.536    -8.081    -1.60    1.49
  76375.554    -8.267    -0.49    1.40
  76751.589    -7.360     2.41    3.06
  77127.639    -6.592     2.04    3.75
  77503.706    -6.796    -0.54    3.38
  77879.789    -7.427    -1.68    2.60
  78255.889    -7.849    -1.12    1.98
  78632.004    -8.261    -1.10    1.29
  79008.137    -8.213     0.13    1.52
  79384.285    -8.383    -0.45    1.07
  79760.450    -8.083     0.80    1.69
  80136.631    -7.616     1.24    2.48
  80512.828    -7.593     0.06    2.42
  80889.042    -6.825     2.04    3.18
  81265.273    -5.825     2.66    3.72
  81641.519    -5.011     2.16    3.83
  82017.782    -4.197     2.16    3.82
  82394.061    -3.156     2.77    3.81
  82770.357    -1.756     3.72    4.61
  83146.669     0.763     6.69    5.67
  83522.998     2.906     5.69    7.18
  83899.342     6.817    10.39    7.22
  84275.704     9.649     7.52    5.95
  84652.081    11.268     4.30    4.84
  85028.475    11.803     1.42    4.66
  85404.886    11.954     0.40    4.64
  85781.312    11.337    -1.64    4.63
  86157.756     9.896    -3.83    5.01
  86534.215     7.803    -5.56    5.25
  86910.691     5.835    -5.23    4.59
  87287.184     5.849     0.04    4.76
  87663.692     6.501     1.73    5.98
  88040.218     7.906     3.73    6.66
  88416.759     9.067     3.08    6.90
  88793.318    10.161     2.90    6.84
  89169.892     9.749    -1.09    6.70
  89546.483     8.525    -3.25    6.98
  89923.091     8.192    -0.89    7.16
  90299.715     7.291    -2.39    6.97
  90676.355     7.663     0.99    6.87
  91053.012     7.919     0.68    6.54
  91429.685     7.763    -0.41    6.38
  91806.375     8.221     1.22    6.65
  92183.081     7.763    -1.22    6.54
  92559.804     7.430    -0.88    7.00
  92936.543     7.268    -0.43    7.43
  93313.299     7.097    -0.45    7.62
  93690.071     6.431    -1.77    6.64
  94066.860     4.668    -4.68    5.87
  94443.665     2.978    -4.49    4.24
  94820.487     1.989    -2.62    2.65
  95197.325     1.640    -0.93    1.56
  95574.180     3.477     4.88    4.68
  95951.051     5.573     5.56    6.28
  96327.939     8.035     6.53    6.72
  96704.843     8.930     2.37    6.89
  97081.277     8.500    -1.14    7.04
  97454.937     7.221    -3.42    6.54
  97828.613     6.287    -2.50    6.12
  98202.305     7.136     2.27    6.15
  98576.014     6.097    -2.78    6.43
  98949.739     6.168     0.19    5.98
  99323.480     6.454     0.76    6.29
  99697.238     7.035     1.56    6.58
 100071.011     8.221     3.17    6.47
 100444.801     8.679     1.22    7.03
 100818.608     8.545    -0.36    6.85
 101192.430     7.329    -3.25    7.00
 101566.269     6.168    -3.11    6.82
 101940.124     4.686    -3.96    5.71
 102313.995     3.896    -2.12    5.32
 102687.883     4.317     1.13    5.86
 103061.786     3.804    -1.37    6.32
 103435.707     4.204     1.07    6.45
 103809.643     3.979    -0.60    6.09
 104183.596     3.942    -0.10    6.08
 104557.565     5.613     4.47    7.17
 104931.550     6.175     1.50    7.76
 105305.552     8.499     6.22    8.31
 105679.570    10.427     5.16    8.26
 106053.604    10.317    -0.29    8.28
 106427.655    10.049    -0.72    7.73
 106801.721     8.749    -3.48    7.25
 107175.805     5.779    -7.94    6.49
 107549.904     3.404    -6.35    5.78
 107924.020     0.999    -6.43    4.08
 108298.152     0.770    -0.61    3.91
 108672.301     3.113     6.26    5.46
 109046.466     6.617     9.36    6.42
 109420.647     9.726     8.31    6.25
 109794.845    11.896     5.80    4.71
 110169.059    13.172     3.41    3.68
 110543.289    13.431     0.69    3.88
 110917.536    14.004     1.53    4.18
 111291.799    15.454     3.87    4.41
 111666.079    16.477     2.73    3.76
 112040.375    17.500     2.73    2.82
 112414.687    18.067     1.52    1.77
 112789.015    17.992    -0.20    1.50
 113163.361    17.749    -0.65    1.52
 113537.722    17.501    -0.66    1.50
 113912.100    17.386    -0.31    1.15
 114286.494    17.181    -0.55    1.23
 114660.905    17.210     0.08    1.43
 115035.332    17.545     0.89    1.44
 115409.775    17.710     0.44    1.37
 115784.235    17.636    -0.20    1.43
 116158.711    17.640     0.01    1.30
 116533.204    17.733     0.25    1.35
 116907.713    17.668    -0.17    1.30
 117282.239    17.754     0.23    1.30
 117656.781    18.022     0.72    1.30
 118031.340    17.804    -0.58    1.10
 118405.915    17.999     0.52    1.44
 118780.506    18.035     0.10    1.42
 119155.114    18.144     0.29    1.57
 119529.738    18.192     0.13    1.61
 119904.379    18.604     1.10    1.94
 120279.036    19.386     2.09    2.27
 120653.710    20.185     2.14    2.12
 121028.400    20.573     1.03    2.03
 121403.107    21.113     1.44    2.02
 121777.830    21.525     1.10    2.13
 122152.570    21.617     0.24    2.13
 122527.326    22.239     1.66    1.83
 122902.099    22.012    -0.61    1.79
 123276.888    22.722     1.90    1.95
 123651.693    23.268     1.46    2.05
 124026.516    23.382     0.31    1.89
 124401.354    23.175    -0.55    2.47
 124776.209    22.733    -1.18    2.94
 125151.081    21.787    -2.52    3.56
 125525.969    20.749    -2.77    3.64
 125900.874    20.165    -1.56    3.29
 126275.796    20.151    -0.04    3.07
 126650.733    20.311     0.43    2.82
 127025.688    20.337     0.07    2.69
 127400.659    20.547     0.56    2.72
 127775.646    21.192     1.72    2.80
 128150.650    22.384     3.18    2.49
 128525.671    22.886     1.34    2.12
 128900.708    23.012     0.34    1.56
 129275.762    22.204    -2.15    1.91
 129650.832    21.733    -1.26    1.87
 130025.919    21.896     0.43    1.94
 130401.022    22.668     2.06    2.38
 130776.142    22.407    -0.70    2.83
 131151.279    21.567    -2.24    3.56
 131526.432    20.942    -1.67    3.72
 131901.602    20.221    -1.92    2.95
 132276.788    20.716     1.32    2.67
 132651.991    19.976    -1.97    3.02
 133027.211    19.522    -1.21    2.98
 133402.447    18.896    -1.67    3.12
 133777.700    18.476    -1.12    3.08
 134152.970    18.965     1.30    3.37
 134528.256    20.049     2.89    3.55
 134903.558    21.120     2.86    3.23
 135278.878    21.756     1.69    3.19
 135654.214    21.543    -0.57    3.03
 136029.566    20.617    -2.47    2.44
 136404.936    20.749     0.35    2.77
 136780.322    20.710    -0.11    2.25
 137155.724    20.314    -1.05    2.58
 137531.143    20.198    -0.31    2.52
 137906.579    19.919    -0.74    2.57
 138282.032    19.704    -0.57    2.31
 138657.501    19.113    -1.57    1.75
 139032.987    18.908    -0.54    2.19
 139408.489    18.358    -1.46    2.16
 139784.009    17.978    -1.01    2.13
 140159.545    17.632    -0.92    2.06
 140535.097    16.965    -1.77    1.70
 140910.666    16.430    -1.42    1.20
 141286.252    16.151    -0.74    0.89
 141661.855    16.361     0.56    0.89
 142037.475    16.668     0.82    1.00
 142413.111    17.128     1.23    1.17
 142788.763    17.249     0.32    1.17
 143164.433    17.408     0.42    1.28
 143540.119    17.249    -0.42    1.30
 143915.822    17.175    -0.20    1.26
 144291.542    16.896    -0.74    1.40
 144667.278    16.408    -1.30    1.35
 145043.032    16.226    -0.48    1.24
 145418.802    16.035    -0.51    1.16
 145794.588    15.826    -0.56    1.13
 146170.392    15.896     0.19    1.03
 146546.212    15.835    -0.16    0.88
 146922.049    16.128     0.78    0.99
 147297.903    16.387     0.69    1.05
 147673.773    16.570     0.49    1.29
 148049.660    16.931     0.96    1.25
 148425.564    17.221     0.77    1.15
 148801.485    17.268     0.12    1.35
 149177.423    17.340     0.19    1.35
 149553.377    17.386     0.12    1.40
 149929.348    17.244    -0.38    1.41
 150305.336    17.590     0.92    2.00
 150681.341    17.863     0.73    1.96
 151057.363    18.175     0.83    2.03
 151433.401    18.429     0.68    1.96
 151809.456    18.320    -0.29    1.24
 152185.528    18.570     0.66    1.20
 152561.617    18.704     0.36    1.16
 152937.723    18.454    -0.66    1.35
 153313.845    18.012    -1.17    1.52
 153689.984    17.636    -1.00    1.65
 154066.140    18.151     1.37    2.14
 154442.313    18.431     0.74    2.26
 154818.503    18.954     1.39    2.18
 155194.710    18.795    -0.42    2.11
 155570.934    18.049    -1.98    1.65
 155947.174    18.295     0.65    1.79
 156323.431    18.698     1.07    2.07
 156699.705    18.942     0.65    1.97
 157075.996    18.772    -0.45    1.97
 157452.304    18.198    -1.53    1.69
 157828.629    17.644    -1.47    1.15
 158204.971    17.263    -1.01    1.04
 158581.329    17.151    -0.30    1.06
 158957.704    16.931    -0.59    1.09
 159334.097    16.681    -0.66    1.12
 159710.506    16.295    -1.03    0.99
 160086.932    16.168    -0.34    0.92
 160463.375    15.886    -0.75    0.95
 160839.835    15.787    -0.26    0.85
 161216.312    15.817     0.08    1.01
 161592.806    16.136     0.85    1.12
 161969.316    16.384     0.66    1.22
 162345.844    16.478     0.25    1.16
 162722.388    16.430    -0.13    1.32
 163098.950    16.896     1.24    1.82
 163475.528    17.636     1.97    2.48
 163852.124    18.965     3.53    3.04
 164228.736    19.272     0.81    3.52
 164605.365    18.835    -1.16    3.89
 164982.012    17.681    -3.06    3.92
 165358.675    16.876    -2.14    3.62
 165735.355    16.128    -1.99    3.01
 166112.052    15.337    -2.10    1.58
 166488.766    15.291    -0.12    1.33
 166865.497    15.113    -0.47    1.03
 167242.245    14.858    -0.68    1.06
 167619.010    14.954     0.25    1.05
 167995.792    15.025     0.19    1.21
 168372.592    15.035     0.03    1.22
 168749.408    15.058     0.06    1.20
 169126.241    15.239     0.48    1.39
 169503.091    15.817     1.53    1.95
 169879.958    16.408     1.57    2.10
 170256.842    16.663     0.68    1.99
 170633.743    16.454    -0.56    1.84
 171010.661    16.175    -0.74    1.89
 171387.596    15.976    -0.53    1.92
 171764.548    15.673    -0.80    1.65
 172139.474    15.522    -0.40    1.30
 172513.083    15.314    -0.56    1.39
 172886.708    15.216    -0.26    1.43
 173260.350    15.198    -0.05    1.47
 173634.009    15.287     0.24    1.50
 174007.685    14.454    -2.23    2.06
 174381.377    13.787    -1.78    2.33
 174755.086    12.872    -2.45    2.32
 175128.812    12.175    -1.87    2.36
 175502.554    11.710    -1.24    2.14
 175876.314    11.113    -1.60    1.54
 176250.090    11.311     0.53    2.08
 176623.883    11.158    -0.41    2.31
 176997.692    10.989    -0.45    2.59
 177371.519    11.082     0.25    2.28
 177745.362    10.749    -0.89    1.75
 178119.222    10.749     0.00    1.69
 178493.099    10.779     0.08    1.71
 178866.992    10.549    -0.62    1.57
 179240.903     9.863    -1.84    1.90
 179614.830     9.249    -1.64    1.95
 179988.774     8.454    -2.13    2.00
 180362.735     7.863    -1.58    1.66
 180736.712     7.908     0.12    1.66
 181110.707     7.999     0.24    1.70
 181484.718     7.849    -0.40    1.97
 181858.746     7.882     0.09    2.62
 182232.791     8.151     0.72    3.92
 182606.852     7.593    -1.49    4.11
 182980.931     6.477    -2.98    4.67
 183355.026     5.105    -3.67    4.75
 183729.138     3.105    -5.35    4.49
 184103.267     1.386    -4.60    4.65
 184477.413     0.137    -3.34    4.44
 184851.576    -0.933    -2.86    3.50
 185225.755    -1.205    -0.73    3.09
 185599.952    -1.592    -1.03    2.94
 185974.165    -2.174    -1.56    2.62
 186348.395    -2.683    -1.36    2.65
 186722.643    -3.478    -2.13    2.43
 187096.906    -4.058    -1.55    2.25
 187471.187    -4.035     0.06    2.57
 187845.485    -3.751     0.76    2.96
 188219.800    -3.342     1.09    3.25
 188594.131    -3.933    -1.58    2.96
 188968.480    -4.523    -1.58    2.24
 189342.845    -4.616    -0.25    2.46
 189717.227    -4.728    -0.30    2.54
 190091.626    -4.616     0.30    2.65
 190466.042    -4.592     0.06    2.64
 190840.475    -4.872    -0.75    2.13
 191214.925    -5.342    -1.26    1.84
 191589.392    -5.430    -0.24    1.71
 191963.876    -5.308     0.33    1.85
 192338.376    -4.825     1.29    2.00
 192712.894    -4.314     1.37    2.35
 193087.429    -3.302     2.70    3.18
 193461.980    -1.942     3.63    4.22
 193836.549    -0.455     3.97    4.95
 194211.134     0.522     2.61    4.54
 194585.737     1.644     3.00    4.71
 194960.356     3.151     4.02    4.82
 195334.992     4.407     3.35    4.35
 195709.646     5.268     2.30    4.00
 196084.316     5.756     1.30    3.65
 196459.003     5.809     0.14    3.30
 196833.708     6.113     0.81    2.96
 197208.429     6.917     2.15    2.16
 197583.167     7.181     0.70    1.93
 197957.922     7.272     0.24    1.33
 198332.695     7.620     0.93    1.21
 198707.484     7.942     0.86    1.24
 199082.290     8.226     0.76    1.33
 199457.114     8.772     1.46    1.78
 199831.954     9.311     1.44    1.76
 200206.811     9.999     1.84    1.76
 200581.686    10.500     1.34    1.46
 200956.577    11.001     1.34    1.11
 201331.485    11.658     1.75    1.21
 201706.411    12.168     1.36    1.24
 202081.354    13.295     3.01    2.16
 202456.313    14.882     4.23    3.06
 202831.290    16.965     5.56    3.87
 203206.284    18.811     4.92    3.65
 203581.294    19.749     2.50    3.48
 203956.322    20.384     1.69    2.81
 204331.367    20.358    -0.07    2.37
 204706.429    20.787     1.14    1.82
 205081.508    20.733    -0.14    1.65
 205456.604    20.311    -1.13    2.13
 205831.718    19.733    -1.54    3.09
 206206.848    18.520    -3.23    3.38
 206581.995    17.863    -1.75    3.29
 206957.160    16.649    -3.24    3.93
 207332.342    15.432    -3.25    3.80
 207707.540    13.942    -3.97    3.35
 208082.756    13.620    -0.86    3.30
 208457.989    13.499    -0.32    2.70
 208833.239    13.872     0.99    2.60
 209208.506    14.476     1.61    2.68
 209583.791    15.692     3.24    2.68
 209959.092    16.733     2.77    2.60
 210334.411    17.500     2.05    1.91
 210709.747    17.803     0.81    1.82
 211085.100    17.795    -0.02    1.84
 211460.470    17.787    -0.02    1.66
 211835.857    18.076     0.77    1.51
 212211.261    18.524     1.19    1.42
 212586.683    18.896     0.99    1.47
 212962.122    18.663    -0.62    1.63
 213337.578    18.454    -0.56    2.02
 213713.051    18.204    -0.67    1.84
 214088.541    17.966    -0.63    1.80
 214464.048    18.054     0.23    1.81
 214839.573    18.181     0.34    1.53
 215215.115    17.882    -0.80    1.63
 215590.674    17.547    -0.89    1.72
 215966.250    17.384    -0.43    1.42
 216341.844    17.454     0.19    1.41
 216717.454    17.073    -1.01    1.59
 217093.082    16.476    -1.59    1.65
 217468.727    15.593    -2.35    1.55
 217844.390    15.226    -0.98    1.44
 218220.069    14.886    -0.91    1.37
 218595.766    15.001     0.31    1.40
 218971.480    15.272     0.72    1.45
 219347.211    15.198    -0.20    1.27
 219722.960    15.136    -0.17    1.62
 220098.725    15.012    -0.33    1.61
 220474.508    15.276     0.70    1.77
 220850.309    15.704     1.14    1.48
 221226.126    15.649    -0.15    1.35
 221601.961    15.613    -0.10    1.40
 221977.813    15.454    -0.42    1.38
 222353.682    15.272    -0.48    1.19
 222729.569    15.524     0.67    1.16
 223105.473    15.361    -0.43    1.19
 223481.394    15.226    -0.36    1.12
 223857.333    15.337     0.30    1.14
 224233.288    15.209    -0.34    1.21
 224609.262    15.384     0.46    1.37
 224985.252    15.276    -0.29    1.50
 225361.260    15.476     0.53    1.78
 225737.285    15.406    -0.19    1.90
 226113.327    14.593    -2.16    2.54
 226489.387    13.756    -2.23    2.47
 226865.464    13.090    -1.77    2.97
 227241.558    12.704    -1.03    3.31
 227617.670    12.999     0.79    3.76
 227993.799    13.158     0.42    3.59
 228369.945    13.012    -0.39    2.89
 228746.109    13.408     1.05    2.35
 229122.290    13.817     1.09    1.88
 229498.488    13.681    -0.36    2.01
 229874.704    12.908    -2.05    2.15
 230250.937    12.136    -2.05    2.23
 230627.187    11.658    -1.27    1.87
 231003.455    12.314     1.74    3.28
 231379.740    12.226    -0.23    3.33
 231756.043    12.704     1.27    3.49
 232132.363    12.567    -0.36    3.51
 232508.700    11.283    -3.41    3.13
 232885.055    10.343    -2.50    2.59
 233261.427     9.817    -1.40    2.75
 233637.817     8.636    -3.14    3.22
 234014.224     7.407    -3.26    3.48
 234390.648     6.249    -3.08    3.87
 234767.090     4.817    -3.80    3.75
 235143.549     3.636    -3.14    3.55
 235520.026     2.386    -3.32    2.76
 235896.520     1.681    -1.87    1.71
 236273.032     0.999    -1.81    1.45
 236649.561     0.787    -0.56    1.00
 237026.107     1.249     1.23    1.32
 237402.671     1.975     1.93    1.82
 237779.252     2.704     1.93    1.81
 238155.851     3.232     1.40    1.69
 238532.467     3.593     0.96    1.60
 238909.101     3.499    -0.25    1.52
 239285.752     3.668     0.45    1.52
 239662.421     3.363    -0.81    1.60
 240039.107     3.570     0.55    1.40
 240415.811     3.500    -0.19    1.40
 240792.532     3.545     0.12    1.31
 241169.270     3.549     0.01    1.57
 241546.026     2.817    -1.94    2.32
 241922.800     2.054    -2.03    2.50
 242299.591     1.477    -1.53    2.93
 242676.400     0.501    -2.59    2.95
 243053.226    -0.035    -1.42    2.58
 243430.069    -0.857    -2.18    2.58
 243806.930    -1.427    -1.51    2.37
 244183.809    -1.569    -0.38    2.16
 244560.705    -2.114    -1.45    1.92
 244937.619    -2.761    -1.71    1.97
 245314.550    -3.274    -1.36    1.97
 245691.499    -3.221     0.14    3.00
 246068.465    -2.813     1.08    2.82
 246445.449    -3.151    -0.90    2.01
 246822.231    -3.988    -2.22    1.33
 247195.771    -3.999    -0.03    1.40
 247569.327    -3.985     0.04    1.40
 247942.901    -4.342    -0.95    1.44
 248316.492    -4.146     0.52    1.30
 248690.101    -4.274    -0.34    1.30
 249063.726    -4.546    -0.73    1.43
 249437.369    -4.593    -0.12    1.53
 249811.029    -4.618    -0.07    1.64
 250184.706    -4.570     0.13    1.69
 250558.401    -4.274     0.79    1.69
 250932.113    -4.021     0.68    1.80
 251305.842    -3.902     0.32    1.52
 251679.588    -4.183    -0.75    1.73
 252053.352    -4.410    -0.61    1.71
 252427.133    -4.332     0.21    1.34
 252800.931    -4.500    -0.45    1.38
 253174.747    -4.274     0.61    1.52
 253548.579    -4.132     0.38    1.48
 253922.429    -4.887    -2.02    1.57
 254296.297    -5.001    -0.30    1.62
 254670.182    -5.337    -0.90    1.49
 255044.083    -5.594    -0.69    1.41
 255418.003    -5.802    -0.56    1.31
 255791.939    -5.991    -0.50    1.27
 256165.893    -6.165    -0.47    1.46
 256539.865    -6.570    -1.08    1.34
 256913.853    -6.791    -0.59    1.32
 257287.859    -6.709     0.22    1.41
 257661.882    -6.705     0.01    1.36
 258035.923    -6.802    -0.26    1.47
 258409.981    -7.013    -0.56    1.29
 258784.056    -7.261    -0.66    1.24
 259158.149    -7.251     0.03    1.19
 259532.259    -7.302    -0.14    1.37
 259906.386    -7.433    -0.35    1.48
 260280.531    -6.728     1.88    2.11
 260654.693    -5.942     2.10    2.17
 261028.872    -5.635     0.82    2.10
 261403.069    -4.380     3.36    4.78
 261777.283    -0.774     9.64   10.83
 262151.515     3.499    11.42   13.35
 262525.764     5.058     4.17   14.07
 262900.030     1.886    -8.48   12.96
 263274.314    -0.244    -5.69   12.05
 263648.615    -5.501   -14.05    7.75
 264022.934    -7.737    -5.97    1.45
 264397.270    -7.614     0.33    1.52
 264771.624    -7.680    -0.17    1.29
 265145.994    -7.476     0.54    1.33
 265520.383    -7.183     0.79    1.43
 265894.788    -6.942     0.64    1.45
 266269.212    -7.092    -0.40    1.44
 266643.652    -7.035     0.15    1.79
 267018.110    -6.864     0.45    1.67
 267392.586    -7.001    -0.36    1.66
 267767.079    -7.001     0.00    1.56
 268141.589    -7.569    -1.52    1.87
 268516.117    -8.213    -1.72    2.18
 268890.662    -8.796    -1.56    2.02
 269265.225    -9.500    -1.88    1.53
 269639.805    -9.942    -1.18    1.22
 270014.403    -9.933     0.02    1.26
 270389.018    -9.864     0.18    1.18
 270763.651    -9.933    -0.18    1.13
 271138.301    -9.808     0.33    1.06
 271512.969    -9.728     0.21    1.17
 271887.654    -9.657     0.19    1.13
 272262.357    -9.709    -0.14    1.07
 272637.077    -9.842    -0.35    1.15
 273011.815    -9.988    -0.39    1.10
 273386.570    -9.819     0.45    1.34
 273761.343    -9.356     1.24    1.44
 274136.133    -9.046     0.83    1.32
 274510.941    -8.835     0.56    1.42
 274885.766    -8.933    -0.26    1.60
 275260.609    -8.435     1.33    1.70
 275635.470    -7.663     2.06    1.87
 276010.348    -7.435     0.61    1.77
 276385.243    -7.237     0.53    1.33
 276760.156    -7.819    -1.55    2.26
 277135.087    -9.013    -3.19    3.04
 277510.035    -9.825    -2.17    3.68
 277885.001   -11.228    -3.74    4.30
 278259.984   -12.988    -4.69    4.15
 278634.985   -14.457    -3.92    3.78
 279010.004   -15.761    -3.48    2.71
 279385.040   -16.001    -0.64    2.37
 279760.094   -15.683     0.85    2.04
 280135.165   -14.570     2.97    2.33
 280510.254   -13.728     2.24    2.99
 280885.360   -12.570     3.09    3.39
 281260.484   -11.003     4.18    3.40
 281635.626    -9.819     3.16    2.81
 282010.785    -8.887     2.48    2.06
 282385.962    -8.594     0.78    1.50
 282761.157    -8.383     0.56    1.13
 283136.369    -8.480    -0.26    1.32
 283511.599    -8.668    -0.50    1.31
 283886.847    -8.791    -0.33    1.42
 284262.112    -9.191    -1.07    1.61
 284637.394    -9.228    -0.10    1.41
 285012.695    -8.832     1.06    1.49
 285388.013    -8.639     0.51    1.44
 285763.349    -8.346     0.78    1.31
 286138.702    -8.165     0.48    1.15
 286514.073    -8.364    -0.53    1.40
 286889.462    -8.614    -0.67    1.72
 287264.868    -8.849    -0.62    1.85
 287640.292    -8.290     1.49    2.20
 288015.734    -7.594     1.86    2.07
 288391.194    -7.137     1.22    1.63
 288766.671    -6.863     0.73    1.17
 289142.166    -7.069    -0.55    1.27
 289517.678    -7.342    -0.73    1.19
 289893.209    -7.595    -0.67    1.40
 290268.757    -7.660    -0.17    1.33
 290644.323    -7.571     0.24    1.21
 291019.906    -7.296     0.73    1.20
 291395.507    -7.104     0.51    1.18
 291771.126    -6.705     1.06    1.20
 292146.763    -6.380     0.87    1.17
 292522.417    -6.229     0.40    1.04
 292898.089    -6.842    -1.63    1.23
 293273.779    -7.046    -0.54    1.36
 293649.487    -7.280    -0.62    1.37
 294025.212    -7.174     0.28    1.43
 294400.955    -7.092     0.22    1.56
 294776.716    -7.205    -0.30    1.61
 295152.495    -7.521    -0.84    1.61
 295528.291    -7.933    -1.10    1.32
 295904.106    -8.132    -0.53    1.43
 296279.938    -8.183    -0.14    1.46
 296655.788    -8.387    -0.54    1.43
 297031.655    -8.478    -0.24    1.48
 297407.541    -8.705    -0.60    1.31
 297783.444    -8.809    -0.28    1.08
 298159.365    -8.864    -0.15    0.91
 298535.304    -8.686     0.48    0.83
 298911.260    -8.774    -0.23    0.99
 299287.235    -8.835    -0.16    0.99
 299663.227    -8.663     0.46    0.96
 300039.237    -8.751    -0.23    0.93
 300415.265    -8.777    -0.07    1.11
 300791.311    -8.705     0.19    1.35
 301167.375    -8.756    -0.13    1.39
 301543.456    -8.842    -0.23    1.68
 301919.555    -8.933    -0.24    1.98
 302295.673    -8.863     0.18    2.43
 302671.808    -9.471    -1.62    2.80
 303047.960    -9.694    -0.59    3.07
