# NaN NaN NaN ;Mean Elev.(m), Avg Gradient(m/km), RMS Gradient(m/km) - SRTM1     
#   31.846  -1.491   5.473 ;Mean Elev.(m), Avg Gradient(m/km), RMS Gradient(m/km) - ASTER GDEM
#   39.864  -1.234   4.416 ;Mean Elev.(m), Avg Gradient(m/km), RMS Gradient(m/km) - GMTED2010 
  7    24.518 52447.56750931 23.57 301.170103 -27.943971 16.065
  7    24.356 52447.56750996 22.02 301.169243 -27.947251 16.065
  7    24.300 52447.56751060 20.83 301.168383 -27.950541 16.065
  7    24.319 52447.56751125 19.91 301.167513 -27.953821 16.065
  7    24.762 52447.56751189 19.39 301.166653 -27.957101 16.065
  7    25.008 52447.56751254 22.15 301.165793 -27.960381 16.065
  7    24.924 52447.56751318 25.78 301.164923 -27.963671 16.065
  7    24.859 52447.56751383 28.49 301.164063 -27.966951 16.065
  7    24.842 52447.56751447 29.76 301.163203 -27.970231 16.065
  7    24.380 52447.56751512 32.17 301.162333 -27.973511 16.065
  7    24.812 52447.56751576 28.13 301.161473 -27.976801 16.065
  7    24.509 52447.56751641 24.50 301.160604 -27.980084 32.946
  7    24.524 52447.56751705 27.99 301.159744 -27.983364 32.946
  8    59.184 52482.56750133 15.97 301.174594 -27.958347 15.868
  8    59.930 52482.56750198 15.56 301.173734 -27.961627 15.868
  8    59.512 52482.56750262 16.31 301.172874 -27.964907 15.868
  8    44.844 52482.56750327 20.05 301.172004 -27.968197 15.868
  8    57.860 52482.56750391 19.60 301.171144 -27.971477 15.868
  8    57.581 52482.56750456 19.60 301.170284 -27.974757 15.868
  8    56.812 52482.56750520 18.71 301.169414 -27.978047 15.868
  8    58.540 52482.56750584 17.72 301.168554 -27.981327 15.868
  8    58.779 52482.56750649 18.05 301.167694 -27.984607 15.868
  8    42.895 52482.56750713 24.06 301.166824 -27.987887 15.868
  8    42.981 52482.56750778 29.89 301.165964 -27.991177 15.868
  9    46.412 52517.56745907 22.73 301.179541 -27.968557  5.783
  9    42.469 52517.56745972 28.50 301.178681 -27.971837  5.783
  9    46.752 52517.56746036 23.22 301.177821 -27.975117  5.783
  9    46.145 52517.56746101 21.97 301.176951 -27.978407  5.783
  9    46.343 52517.56746165 18.47 301.176091 -27.981687  5.783
  9    60.682 52517.56746230 15.58 301.175231 -27.984967  5.783
  9    60.627 52517.56746294 16.16 301.174361 -27.988257  5.783
  9    60.553 52517.56746359 14.98 301.173501 -27.991537  5.783
  9    60.265 52517.56746423 13.76 301.172641 -27.994817  5.783
  9    60.174 52517.56746488 13.93 301.171771 -27.998097  5.783
  9    60.072 52517.56746552 12.72 301.170911 -28.001387  5.783
 10    42.930 52552.56750433 24.03 301.171949 -27.945712 12.960
 10    42.925 52552.56750497 25.35 301.171079 -27.949002 12.960
 10    42.910 52552.56750562 17.82 301.170219 -27.952282 12.960
 10    42.473 52552.56750626 18.80 301.169359 -27.955562 12.960
 10    42.617 52552.56750691 18.78 301.168489 -27.958852 12.960
 10    42.728 52552.56750755 19.51 301.167629 -27.962132 12.960
 10    42.840 52552.56750820 20.53 301.166759 -27.965412 12.960
 10    44.157 52552.56750884 20.36 301.165899 -27.968692 12.960
 10    42.933 52552.56750949 22.48 301.165039 -27.971982 12.960
 10    43.146 52552.56751013 21.12 301.164175 -27.975255 27.054
 10    43.007 52552.56751078 19.19 301.163305 -27.978545 27.054
 10    42.631 52552.56751142 21.03 301.162445 -27.981825 27.054
 10    42.563 52552.56751206 20.76 301.161585 -27.985105 27.054
 11    61.089 52587.56748616 14.86 301.179783 -27.965584  6.241
 11    52.158 52587.56748681 18.99 301.178923 -27.968864  6.241
 11    46.874 52587.56748745 25.53 301.178053 -27.972144  6.241
 11    47.115 52587.56748810 20.52 301.177193 -27.975434  6.241
 11    46.851 52587.56748874 19.60 301.176333 -27.978714  6.241
 11    60.100 52587.56748939 16.88 301.175463 -27.981994  6.241
 11    60.556 52587.56749003 16.98 301.174603 -27.985284  6.241
 11    61.019 52587.56749068 13.87 301.173736 -27.988557  4.499
 11    60.896 52587.56749132 14.96 301.172876 -27.991847  4.499
 11    60.202 52587.56749197 16.41 301.172016 -27.995127  4.499
 11    61.060 52587.56749261 14.93 301.171146 -27.998407  4.499
 11    60.674 52587.56749325 14.47 301.170286 -28.001697  4.499
 12    44.752 52622.56744716 23.26 301.179742 -27.958412  7.770
 12    44.666 52622.56744780 22.94 301.178872 -27.961702  7.770
 12    44.660 52622.56744845 23.65 301.178012 -27.964982  7.770
 12    44.770 52622.56744909 23.46 301.177152 -27.968262  7.770
 12    45.366 52622.56744974 23.98 301.176292 -27.971552  7.770
 12    45.622 52622.56745038 25.46 301.175422 -27.974832  7.770
 12    45.376 52622.56745103 23.75 301.174562 -27.978112  7.770
 12    44.948 52622.56745167 23.50 301.173702 -27.981392  7.770
 12    44.717 52622.56745232 23.00 301.172832 -27.984682  7.770
 12    44.497 52622.56745296 22.71 301.171970 -27.987957  7.817
 12    44.181 52622.56745360 24.46 301.171110 -27.991247  7.817
 12    44.143 52622.56745425 25.19 301.170240 -27.994527  7.817
 12    44.218 52622.56745489 27.85 301.169380 -27.997807  7.817
 12    44.187 52622.56745554 27.07 301.168520 -28.001087  7.817
 13    52.636 52657.56745784 15.02 301.179200 -27.959981  8.265
 13    53.252 52657.56745849 13.50 301.178340 -27.963271  8.265
 13    42.677 52657.56745913 22.24 301.177470 -27.966551  8.265
 13    42.612 52657.56745978 27.02 301.176610 -27.969831  8.265
 13    46.121 52657.56746042 21.51 301.175750 -27.973121  8.265
 13    46.028 52657.56746107 19.70 301.174880 -27.976401  8.265
 13    45.956 52657.56746171 17.25 301.174020 -27.979681  8.265
 13    45.517 52657.56746235 17.10 301.173160 -27.982961  8.265
 13    60.211 52657.56746300 14.36 301.172290 -27.986251  8.265
 13    59.694 52657.56746364 16.75 301.171430 -27.989531  8.265
 13    59.256 52657.56746429 16.38 301.170560 -27.992811  8.265
 13    59.220 52657.56746493 16.38 301.169700 -27.996091  8.265
 13    58.835 52657.56746558 16.17 301.168840 -27.999381  8.265
 15    43.794 52727.56748229 26.23 301.179024 -27.959226  8.552
 15    48.983 52727.56748293 21.96 301.178164 -27.962506  8.552
 15    44.315 52727.56748358 22.98 301.177304 -27.965786  8.552
 15    44.075 52727.56748422 24.68 301.176434 -27.969066  8.552
 15    43.890 52727.56748486 24.06 301.175574 -27.972356  8.552
 15    45.553 52727.56748551 22.70 301.174707 -27.975629  5.583
 15    45.980 52727.56748615 21.19 301.173847 -27.978919  5.583
 15    45.399 52727.56748680 21.17 301.172987 -27.982199  5.583
 15    45.679 52727.56748744 19.10 301.172117 -27.985479  5.583
 15    44.096 52727.56748809 21.72 301.171257 -27.988769  5.583
 15    43.510 52727.56748873 26.11 301.170397 -27.992049  5.583
 15    43.492 52727.56748938 25.78 301.169527 -27.995329  5.583
 15    43.491 52727.56749002 25.73 301.168667 -27.998609  5.583
 15    43.396 52727.56749067 24.77 301.167807 -28.001899  5.583
 16    43.321 52762.56749377 45.37 301.173174 -27.948913 36.821
 16    43.255 52762.56749442 41.36 301.172304 -27.952203 36.821
 16    43.100 52762.56749506 43.05 301.171444 -27.955483 36.821
 16    43.115 52762.56749571 42.76 301.170584 -27.958763 36.821
 16    43.165 52762.56749635 44.72 301.169714 -27.962053 36.821
 16    43.159 52762.56749700 46.56 301.168854 -27.965333 36.821
 16    43.154 52762.56749764 46.96 301.167994 -27.968613 36.821
 16    43.119 52762.56749829 47.25 301.167134 -27.971893 36.821
 16    43.084 52762.56749893 49.12 301.166264 -27.975183 36.821
 16    43.057 52762.56749958 50.00 301.165405 -27.978459 32.144
 16    42.998 52762.56750022 48.44 301.164545 -27.981749 32.144
 16    42.970 52762.56750087 47.40 301.163675 -27.985029 32.144
 17    41.891 52797.56746142 20.79 301.179858 -27.961992  5.908
 17    42.224 52797.56746206 22.79 301.178998 -27.965282  5.908
 17    42.489 52797.56746271 24.88 301.178138 -27.968562  5.908
 17    46.618 52797.56746335 19.47 301.177268 -27.971842  5.908
 17    47.148 52797.56746400 16.91 301.176408 -27.975122  5.908
 17    46.302 52797.56746464 19.54 301.175548 -27.978412  5.908
 17    46.325 52797.56746529 18.52 301.174678 -27.981692  5.908
 17    60.238 52797.56746593 13.29 301.173818 -27.984972  5.908
 17    60.531 52797.56746658 12.71 301.172958 -27.988252  5.908
 17    60.118 52797.56746722 14.45 301.172088 -27.991542  5.908
 17    59.840 52797.56746787 13.54 301.171228 -27.994822  5.908
 17    59.668 52797.56746851 13.14 301.170358 -27.998102  5.908
 17    59.501 52797.56746916 11.96 301.169498 -28.001382  5.908
 18    42.137 52832.56753243 41.02 301.179703 -27.959785 19.991
 18    42.066 52832.56753308 42.63 301.178843 -27.963065 19.991
 18    42.100 52832.56753372 29.00 301.177973 -27.966345 19.991
 18    42.072 52832.56753437 32.20 301.177113 -27.969625 19.991
 18    41.993 52832.56753501 24.03 301.176253 -27.972915 19.991
 18    42.382 52832.56753566 19.30 301.175383 -27.976195 19.991
 18    44.893 52832.56753630 17.66 301.174523 -27.979475 19.991
 18    55.037 52832.56753695 14.77 301.173663 -27.982755 19.991
 18    57.626 52832.56753759 13.49 301.172793 -27.986045 19.991
 18    58.385 52832.56753824 14.45 301.171933 -27.989325 19.991
 18    58.460 52832.56753888 14.67 301.171063 -27.992605 19.991
 18    58.238 52832.56753952 16.20 301.170203 -27.995885 19.991
 18    41.847 52832.56754017 20.99 301.169343 -27.999175 19.991
 19    46.901 52867.56757895 18.54 301.178527 -27.979103  7.584
 19    41.970 52867.56757960 25.48 301.177667 -27.982393  7.584
 19    60.754 52867.56758024 14.40 301.176806 -27.985675  3.876
 19    60.931 52867.56758089 12.94 301.175936 -27.988955  3.876
 19    60.437 52867.56758153 12.58 301.175076 -27.992235  3.876
 19    60.376 52867.56758218 13.62 301.174206 -27.995515  3.876
 19    60.221 52867.56758282 12.29 301.173346 -27.998805  3.876
 19    60.238 52867.56758347 11.51 301.172486 -28.002085  3.876
 20    42.068 52902.56759450 14.42 301.177237 -27.959683 12.639
 20    42.028 52902.56759515 15.20 301.176377 -27.962963 12.639
 20    42.175 52902.56759579 20.69 301.175517 -27.966243 12.639
 20    42.412 52902.56759644 20.39 301.174647 -27.969523 12.639
 20    42.422 52902.56759708 19.41 301.173787 -27.972813 12.639
 20    44.752 52902.56759772 15.99 301.172924 -27.976087  8.399
 20    45.066 52902.56759837 14.38 301.172064 -27.979377  8.399
 20    52.820 52902.56759901 12.60 301.171204 -27.982657  8.399
 20    52.746 52902.56759966 11.19 301.170334 -27.985937  8.399
 20    41.608 52902.56760030 19.75 301.169474 -27.989227  8.399
 20    41.864 52902.56760095 20.71 301.168614 -27.992507  8.399
 20    42.742 52902.56760159 15.52 301.167744 -27.995787  8.399
 20    41.918 52902.56760224 14.07 301.166884 -27.999067  8.399
 21    60.715 52937.56753316 13.59 301.179705 -27.959111  9.418
 21    60.743 52937.56753381 14.37 301.178845 -27.962391  9.418
 21    60.258 52937.56753445 14.06 301.177975 -27.965681  9.418
 21    42.574 52937.56753510 19.86 301.177115 -27.968961  9.418
 21    42.474 52937.56753574 23.70 301.176255 -27.972241  9.418
 21    44.410 52937.56753639 18.68 301.175395 -27.975521  9.418
 21    43.048 52937.56753703 19.08 301.174525 -27.978811  9.418
 21    57.584 52937.56753767 16.84 301.173667 -27.982086  5.971
 21    60.171 52937.56753832 13.50 301.172807 -27.985376  5.971
 21    60.179 52937.56753896 13.36 301.171937 -27.988656  5.971
 21    59.471 52937.56753961 15.33 301.171077 -27.991936  5.971
 21    59.237 52937.56754025 17.00 301.170217 -27.995216  5.971
 21    59.093 52937.56754090 16.84 301.169347 -27.998506  5.971
 21    58.800 52937.56754154 15.01 301.168487 -28.001786  5.971
 22    44.492 52972.56756430 21.94 301.174306 -27.957497  9.577
 22    42.973 52972.56756495 23.64 301.173446 -27.960787  9.577
 22    42.760 52972.56756559 24.01 301.172586 -27.964067  9.577
 22    42.548 52972.56756624 25.24 301.171716 -27.967347  9.577
 22    42.282 52972.56756688 24.57 301.170856 -27.970627  9.577
 22    43.589 52972.56756753 20.90 301.169996 -27.973917  9.577
 22    56.897 52972.56756817 19.28 301.169126 -27.977197  9.577
 22    58.279 52972.56756882 17.34 301.168266 -27.980477  9.577
 22    58.684 52972.56756946 16.51 301.167406 -27.983767  9.577
 22    58.741 52972.56757011 17.10 301.166536 -27.987047  9.577
 23    43.747 53007.56757354 25.22 301.173348 -27.953576 19.920
 23    43.473 53007.56757419 24.33 301.172488 -27.956856 19.920
 23    43.436 53007.56757483 25.12 301.171628 -27.960136 19.920
 23    43.409 53007.56757548 25.21 301.170758 -27.963416 19.920
 23    43.279 53007.56757612 24.97 301.169898 -27.966706 19.920
 23    43.342 53007.56757677 25.40 301.169034 -27.969981 17.775
 23    43.381 53007.56757741 24.64 301.168174 -27.973271 17.775
 23    43.773 53007.56757805 22.76 301.167314 -27.976551 17.775
 23    43.497 53007.56757870 22.75 301.166444 -27.979831 17.775
 23    43.320 53007.56757934 22.33 301.165584 -27.983111 17.775
 23    43.958 53007.56757999 22.35 301.164724 -27.986401 17.775
 24    42.525 53042.56752834 46.81 301.173692 -27.949500 17.449
 24    42.327 53042.56752898 25.34 301.172822 -27.952780 17.449
 24    42.179 53042.56752962 23.09 301.171962 -27.956070 17.449
 24    41.923 53042.56753027 20.40 301.171092 -27.959352 14.670
 24    38.151 53042.56753091  5.39 301.170232 -27.962632 14.670
 24    44.979 53042.56753156 17.80 301.169372 -27.965912 14.670
 24    54.954 53042.56753220 17.44 301.168502 -27.969192 14.670
 24    44.761 53042.56753285 18.22 301.167642 -27.972482 14.670
 24    45.055 53042.56753349 18.64 301.166782 -27.975762 14.670
 24    55.220 53042.56753414 17.65 301.165912 -27.979042 14.670
 24    44.424 53042.56753478 18.55 301.165052 -27.982322 14.670
 24    44.425 53042.56753543 18.50 301.164192 -27.985612 14.670
 25    42.117 53077.56756327 39.02 301.173590 -27.958826 30.682
 25    41.950 53077.56756392 39.62 301.172730 -27.962116 30.682
 25    41.992 53077.56756456 37.65 301.171860 -27.965396 30.682
 25    41.742 53077.56756520 28.68 301.171000 -27.968676 30.682
 25    41.471 53077.56756585 25.16 301.170140 -27.971966 30.682
 25    41.689 53077.56756649 21.22 301.169270 -27.975246 30.682
 25    41.771 53077.56756714 21.69 301.168410 -27.978526 30.682
 25    41.798 53077.56756778 23.30 301.167550 -27.981806 30.682
 25    41.778 53077.56756843 27.09 301.166680 -27.985096 30.682
 26    42.289 53112.56753084 21.55 301.171542 -27.946144 13.312
 26    42.166 53112.56753148 22.78 301.170682 -27.949424 13.312
 26    42.057 53112.56753213 20.62 301.169812 -27.952704 13.312
 26    41.735 53112.56753277 21.79 301.168952 -27.955994 13.312
 26    41.792 53112.56753341 19.90 301.168092 -27.959274 13.312
 26    41.684 53112.56753406 19.86 301.167222 -27.962554 13.312
 26    41.506 53112.56753470 19.57 301.166362 -27.965844 13.312
 26    41.868 53112.56753535 19.05 301.165502 -27.969124 13.312
 26    41.548 53112.56753599 17.87 301.164632 -27.972404 13.312
 26    41.550 53112.56753664 16.42 301.163772 -27.975684 13.312
 26    42.412 53112.56753728 15.44 301.162912 -27.978974 13.312
 26    41.826 53112.56753793 14.13 301.162046 -27.982247 21.422
 27    42.963 53147.56757659 31.02 301.173779 -27.954816 15.544
 27    42.540 53147.56757724 29.98 301.172919 -27.958106 15.544
 27    42.226 53147.56757788 27.67 301.172059 -27.961386 15.544
 27    42.201 53147.56757852 26.67 301.171189 -27.964666 15.544
 27    42.493 53147.56757917 24.21 301.170329 -27.967946 15.544
 27    42.549 53147.56757981 23.33 301.169469 -27.971236 15.544
 27    42.722 53147.56758046 23.05 301.168599 -27.974516 15.544
 27    42.890 53147.56758110 27.23 301.167739 -27.977796 15.544
 27    42.828 53147.56758175 26.77 301.166879 -27.981086 15.544
 27    42.715 53147.56758239 27.14 301.166009 -27.984366 15.544
 28    43.120 53182.56758131 29.03 301.179165 -27.970529  8.317
 28    43.126 53182.56758196 28.98 301.178299 -27.973822  4.859
 28    46.074 53182.56758260 23.99 301.177439 -27.977102  4.859
 28    42.827 53182.56758325 27.39 301.176579 -27.980382  4.859
 28    60.714 53182.56758389 18.71 301.175709 -27.983662  4.859
 28    60.972 53182.56758454 15.47 301.174849 -27.986952  4.859
 28    61.085 53182.56758518 15.93 301.173989 -27.990232  4.859
 28    61.135 53182.56758583 17.25 301.173119 -27.993512  4.859
 28    60.969 53182.56758647 17.43 301.172259 -27.996792  4.859
 28    61.306 53182.56758711 16.49 301.171389 -28.000082  4.859
 29    43.774 53217.56760301 51.84 301.176434 -27.958685 41.016
 29    43.723 53217.56760365 47.77 301.175564 -27.961965 41.016
 29    43.713 53217.56760429 45.04 301.174704 -27.965255 41.016
 29    43.615 53217.56760494 40.33 301.173840 -27.968529 40.519
 29    43.573 53217.56760558 42.69 301.172980 -27.971819 40.519
 29    43.558 53217.56760623 44.69 301.172120 -27.975099 40.519
 29    43.531 53217.56760687 46.01 301.171250 -27.978379 40.519
 29    43.509 53217.56760752 46.46 301.170390 -27.981669 40.519
 29    43.488 53217.56760816 45.05 301.169530 -27.984949 40.519
 29    43.460 53217.56760881 45.07 301.168660 -27.988229 40.519
 29    43.441 53217.56760945 46.11 301.167800 -27.991509 40.519
 29    43.426 53217.56761010 47.85 301.166940 -27.994799 40.519
 29    43.405 53217.56761074 47.54 301.166070 -27.998079 40.519
 29    43.381 53217.56761139 50.12 301.165210 -28.001359 40.519
 30    42.059 53252.56758106 16.92 301.176124 -27.959558 14.800
 30    42.123 53252.56758170 15.26 301.175254 -27.962848 14.800
 30    42.276 53252.56758235 20.03 301.174394 -27.966128 14.800
 30    42.402 53252.56758299 18.85 301.173534 -27.969408 14.800
 30    42.191 53252.56758364 18.34 301.172674 -27.972698 14.800
 30    42.153 53252.56758428 17.07 301.171804 -27.975978 14.800
 30    44.980 53252.56758493 15.20 301.170944 -27.979258 14.800
 30    42.313 53252.56758557 14.61 301.170084 -27.982538 14.800
 30    42.880 53252.56758622 14.69 301.169214 -27.985828 14.800
 30    42.817 53252.56758686 16.04 301.168354 -27.989108 14.800
 30    42.220 53252.56758750 23.70 301.167494 -27.992388 14.800
 30    42.645 53252.56758815 21.92 301.166624 -27.995668 14.800
 30    42.095 53252.56758879 25.41 301.165764 -27.998958 14.800
 31    42.579 53287.56757718 19.43 301.171127 -27.945218 15.175
 31    41.786 53287.56757782 24.39 301.170259 -27.948491 13.290
 31    41.775 53287.56757847 26.34 301.169399 -27.951781 13.290
 31    41.758 53287.56757911 33.33 301.168539 -27.955061 13.290
 31    41.718 53287.56757976 25.79 301.167669 -27.958341 13.290
 31    41.700 53287.56758040 20.38 301.166809 -27.961621 13.290
 31    41.872 53287.56758105 20.90 301.165949 -27.964911 13.290
 31    42.385 53287.56758169 19.04 301.165079 -27.968191 13.290
 31    42.248 53287.56758234 17.16 301.164219 -27.971471 13.290
 31    41.878 53287.56758298 18.24 301.163359 -27.974761 13.290
 31    41.702 53287.56758363 22.33 301.162489 -27.978041 13.290
 31    41.751 53287.56758427 17.99 301.161629 -27.981321 13.290
 31    41.977 53287.56758491 17.86 301.160759 -27.984601 13.290
 32    44.504 53322.56755969 33.52 301.178801 -27.980418 13.240
 32    44.339 53322.56756034 29.87 301.177941 -27.983708 13.240
 32    60.693 53322.56756098 20.96 301.177071 -27.986988 13.240
 32    60.783 53322.56756162 21.16 301.176211 -27.990268 13.240
 32    61.751 53322.56756227 19.43 301.175351 -27.993548 13.240
 32    61.630 53322.56756291 18.92 301.174481 -27.996838 13.240
 32    61.629 53322.56756356 19.66 301.173621 -28.000118 13.240
 34    43.423 53392.56753635 26.84 301.173427 -27.957596 16.942
 34    43.412 53392.56753699 27.44 301.172557 -27.960876 16.942
 34    43.333 53392.56753764 27.45 301.171697 -27.964166 16.942
 34    43.262 53392.56753828 27.83 301.170837 -27.967446 16.942
 34    43.279 53392.56753892 27.50 301.169967 -27.970726 16.942
 34    43.256 53392.56753957 28.11 301.169107 -27.974006 16.942
 34    43.384 53392.56754021 27.48 301.168237 -27.977296 16.942
 34    43.464 53392.56754086 28.21 301.167377 -27.980576 16.942
 34    43.373 53392.56754150 28.45 301.166517 -27.983856 16.942
 34    43.355 53392.56754215 30.61 301.165647 -27.987136 16.942
 35    43.148 53427.56753405 31.66 301.179366 -27.972261 11.365
 35    43.225 53427.56753470 28.10 301.178506 -27.975541 11.365
 35    43.008 53427.56753534 24.87 301.177646 -27.978821 11.365
 35    42.870 53427.56753599 28.40 301.176776 -27.982111 11.365
 35    42.999 53427.56753663 21.56 301.175916 -27.985391 11.365
 35    42.905 53427.56753728 24.88 301.175056 -27.988671 11.365
 35    42.860 53427.56753792 17.73 301.174196 -27.991951 11.365
 35    42.768 53427.56753857 18.03 301.173326 -27.995241 11.365
 35    42.776 53427.56753921 17.09 301.172466 -27.998521 11.365
 35    42.705 53427.56753986 18.71 301.171606 -28.001801 11.365
 36    61.626 53462.56754838 16.79 301.177460 -27.960330  7.257
 36    61.186 53462.56754902 16.50 301.176590 -27.963610  7.257
 36    60.889 53462.56754967 16.48 301.175730 -27.966890  7.257
 36    43.115 53462.56755031 20.56 301.174870 -27.970180  7.257
 36    50.791 53462.56755096 17.60 301.174000 -27.973460  7.257
 36    58.191 53462.56755160 15.43 301.173140 -27.976740  7.257
 36    52.477 53462.56755225 15.76 301.172270 -27.980020  7.257
 36    59.452 53462.56755289 14.38 301.171410 -27.983310  7.257
 36    59.840 53462.56755354 12.87 301.170550 -27.986590  7.257
 36    58.181 53462.56755418 14.02 301.169680 -27.989870  7.257
 36    42.324 53462.56755483 18.91 301.168820 -27.993160  7.257
 36    57.391 53462.56755547 17.26 301.167960 -27.996440  7.257
 36    42.643 53462.56755612 20.39 301.167090 -27.999720  7.257
 37    43.569 53497.56761874 20.59 301.172344 -27.946612  9.345
 37    42.846 53497.56761938 22.26 301.171484 -27.949902  9.345
 37    42.626 53497.56762003 23.73 301.170621 -27.953176 12.814
 37    42.570 53497.56762067 26.25 301.169761 -27.956466 12.814
 37    43.565 53497.56762132 23.41 301.168901 -27.959746 12.814
 37    43.579 53497.56762196 22.08 301.168031 -27.963026 12.814
 37    43.715 53497.56762261 22.23 301.167171 -27.966306 12.814
 37    55.715 53497.56762325 21.78 301.166311 -27.969596 12.814
 37    56.265 53497.56762390 20.55 301.165441 -27.972876 12.814
 37    43.266 53497.56762454 21.43 301.164581 -27.976156 12.814
 37    55.818 53497.56762519 20.42 301.163721 -27.979446 12.814
 37    42.854 53497.56762583 22.41 301.162851 -27.982726 12.814
 38    42.771 53532.56760349 44.53 301.179921 -27.966271 13.438
 38    42.856 53532.56760414 43.91 301.179051 -27.969551 13.438
 38    42.376 53532.56760478 34.28 301.178191 -27.972831 13.438
 38    61.748 53532.56760865 17.44 301.173011 -27.992531 13.438
 38    61.847 53532.56760929 17.38 301.172151 -27.995811 13.438
 38    61.810 53532.56760994 18.43 301.171281 -27.999101 13.438
 38    61.124 53532.56761058 21.49 301.170421 -28.002381 13.438
 40    41.769 53602.56756893 47.90 301.179772 -27.965684 22.741
 40    41.743 53602.56756957 42.59 301.178912 -27.968964 22.741
 40    41.728 53602.56757022 35.21 301.178042 -27.972254 22.741
 40    41.662 53602.56757086 25.00 301.177182 -27.975534 22.741
 40    41.486 53602.56757151 25.65 301.176322 -27.978814 22.741
 40    41.510 53602.56757215 26.14 301.175462 -27.982104 22.741
 40    41.513 53602.56757280 26.89 301.174592 -27.985384 22.741
 40    41.424 53602.56757344 27.79 301.173732 -27.988664 22.741
 40    41.181 53602.56757409 29.79 301.172872 -27.991944 22.741
 40    41.358 53602.56757473 30.73 301.172002 -27.995234 22.741
 40    41.467 53602.56757538 31.80 301.171142 -27.998514 22.741
 40    41.560 53602.56757602 36.37 301.170282 -28.001794 22.741
 41    42.920 53637.56756393 25.10 301.173721 -27.949158 16.510
 41    42.764 53637.56756457 16.18 301.172854 -27.952431 10.514
 41    42.592 53637.56756522 16.59 301.171994 -27.955721 10.514
 41    42.556 53637.56756586 13.50 301.171134 -27.959001 10.514
 41    42.484 53637.56756650 14.41 301.170264 -27.962281 10.514
 41    41.947 53637.56756715 17.26 301.169404 -27.965571 10.514
 41    42.501 53637.56756779 14.96 301.168544 -27.968851 10.514
 41    42.486 53637.56756844 16.70 301.167674 -27.972131 10.514
 41    43.829 53637.56756908 13.11 301.166814 -27.975411 10.514
 41    43.999 53637.56756973 12.56 301.165954 -27.978701 10.514
 41    43.341 53637.56757037 12.52 301.165084 -27.981981 10.514
 41    43.021 53637.56757102 13.32 301.164224 -27.985261 10.514
 42    43.826 53672.56758492 29.51 301.173428 -27.950022 28.228
 42    43.377 53672.56758557 17.41 301.172565 -27.953296 23.291
 42    42.982 53672.56758621 16.74 301.171705 -27.956586 23.291
 42    43.178 53672.56758686 18.46 301.170845 -27.959866 23.291
 42    43.400 53672.56758750 18.76 301.169975 -27.963146 23.291
 42    43.282 53672.56758815 19.20 301.169115 -27.966436 23.291
 42    43.177 53672.56758879 20.45 301.168255 -27.969716 23.291
 42    43.034 53672.56758944 21.52 301.167385 -27.972996 23.291
 42    42.903 53672.56759008 21.80 301.166525 -27.976276 23.291
 42    43.053 53672.56759073 20.66 301.165665 -27.979566 23.291
 42    43.090 53672.56759137 19.63 301.164795 -27.982846 23.291
 42    43.613 53672.56759202 21.76 301.163935 -27.986126 23.291
 43    42.163 53707.56752448 11.84 301.176859 -27.992671 11.012
 43    48.502 53707.56752513 12.73 301.175989 -27.995961 11.012
 43    42.308 53707.56752577 12.63 301.175129 -27.999241 11.012
 43    42.368 53707.56752641 13.90 301.174269 -28.002521 11.012
 44    42.439 53742.56743646 23.66 301.176438 -27.994500 11.453
 44    42.381 53742.56743711 26.50 301.175568 -27.997790 11.453
 44    42.327 53742.56743775 28.71 301.174708 -28.001070 11.453
 45    42.495 53777.56745695 42.88 301.179557 -27.967294 26.472
 45    42.481 53777.56745759 44.89 301.178697 -27.970574 26.472
 45    42.473 53777.56745824 41.98 301.177827 -27.973854 26.472
 45    42.402 53777.56745888 42.72 301.176967 -27.977134 26.472
 45    42.386 53777.56745952 45.59 301.176107 -27.980424 26.472
 45    42.374 53777.56746017 42.32 301.175237 -27.983704 26.472
 45    42.364 53777.56746081 44.13 301.174377 -27.986984 26.472
 45    42.344 53777.56746146 42.99 301.173507 -27.990264 26.472
 45    42.334 53777.56746210 38.73 301.172647 -27.993554 26.472
 45    42.191 53777.56746275 35.64 301.171787 -27.996834 26.472
 45    42.124 53777.56746339 35.04 301.170917 -28.000114 26.472
 46    43.335 53812.56743536 24.27 301.179166 -27.978049 12.695
 46    43.283 53812.56743600 26.99 301.178306 -27.981329 12.695
 46    43.204 53812.56743664 20.79 301.177446 -27.984609 12.695
 46    42.976 53812.56743729 14.46 301.176576 -27.987899 12.695
 46    42.906 53812.56743793 14.94 301.175716 -27.991179 12.695
 46    42.927 53812.56743858 14.29 301.174856 -27.994459 12.695
 46    42.870 53812.56743922 12.86 301.173986 -27.997749 12.695
 46    42.875 53812.56743987 13.03 301.173126 -28.001029 12.695
 47    43.540 53847.56748430 28.17 301.173698 -27.951998 22.372
 47    43.243 53847.56748494 27.25 301.172838 -27.955278 22.372
 47    43.225 53847.56748559 27.75 301.171968 -27.958558 22.372
 47    43.202 53847.56748623 27.69 301.171108 -27.961848 22.372
 47    42.982 53847.56748688 26.72 301.170238 -27.965121 25.534
 47    42.849 53847.56748752 27.45 301.169378 -27.968411 25.534
 47    43.001 53847.56748817 24.29 301.168518 -27.971691 25.534
 47    43.114 53847.56748881 23.42 301.167648 -27.974971 25.534
 47    43.260 53847.56748946 22.92 301.166788 -27.978261 25.534
 47    43.317 53847.56749010 23.10 301.165928 -27.981541 25.534
 47    43.219 53847.56749075 24.19 301.165058 -27.984821 25.534
 49    42.430 53917.56756516 32.20 301.172599 -27.946769 21.783
 49    42.360 53917.56756580 33.72 301.171739 -27.950059 21.783
 49    42.368 53917.56756645 34.81 301.170879 -27.953339 21.783
 49    42.272 53917.56756709 30.91 301.170009 -27.956619 21.783
 49    42.177 53917.56756774 29.16 301.169149 -27.959909 21.783
 49    42.019 53917.56756838 28.56 301.168286 -27.963182 18.412
 49    42.152 53917.56756903 27.32 301.167426 -27.966472 18.412
 49    42.480 53917.56756967 28.97 301.166566 -27.969752 18.412
 49    42.484 53917.56757032 28.11 301.165696 -27.973032 18.412
 49    42.440 53917.56757096 28.65 301.164836 -27.976322 18.412
 49    42.362 53917.56757161 30.80 301.163976 -27.979602 18.412
 49    42.291 53917.56757225 27.56 301.163106 -27.982882 18.412
 50    42.321 53952.56756962 23.66 301.172003 -27.945986 23.364
 50    42.071 53952.56757026 21.03 301.171133 -27.949266 23.364
 50    41.958 53952.56757091 21.33 301.170273 -27.952556 23.364
 50    42.114 53952.56757155 21.34 301.169413 -27.955836 23.364
 50    42.055 53952.56757220 21.48 301.168543 -27.959116 23.364
 50    42.017 53952.56757284 19.34 301.167683 -27.962406 23.364
 50    41.980 53952.56757348 17.74 301.166820 -27.965679 11.376
 50    41.894 53952.56757413 16.26 301.165960 -27.968969 11.376
 50    41.965 53952.56757477 16.06 301.165100 -27.972249 11.376
 50    41.682 53952.56757542 16.53 301.164230 -27.975529 11.376
 50    41.678 53952.56757606 17.25 301.163370 -27.978819 11.376
 50    41.752 53952.56757671 16.24 301.162510 -27.982099 11.376
 52    42.761 54022.56755074 15.45 301.175836 -27.958543 17.538
 52    42.668 54022.56755139 14.80 301.174976 -27.961823 17.538
 52    42.701 54022.56755332 16.07 301.172386 -27.971675 15.635
 52    45.130 54022.56755397 15.99 301.171516 -27.974955 15.635
 52    44.675 54022.56755461 16.80 301.170656 -27.978245 15.635
 52    44.319 54022.56755526 14.20 301.169796 -27.981525 15.635
 52    43.713 54022.56755590 13.61 301.168926 -27.984805 15.635
 52    42.682 54022.56755655 17.89 301.168066 -27.988085 15.635
 52    43.041 54022.56755719 22.08 301.167206 -27.991375 15.635
 52    42.911 54022.56755784 28.93 301.166336 -27.994655 15.635
 52    42.786 54022.56755848 23.70 301.165476 -27.997935 15.635
 52    42.444 54022.56755912 27.92 301.164606 -28.001215 15.635
 53    42.930 54057.56754702 26.68 301.179023 -27.978982 13.815
 53    42.795 54057.56754766 29.58 301.178163 -27.982262 13.815
 53    42.775 54057.56754831 13.85 301.177293 -27.985542 13.815
 53    42.806 54057.56754895 10.66 301.176433 -27.988822 13.815
 53    42.808 54057.56754959 11.97 301.175573 -27.992112 13.815
 53    48.500 54057.56755024 11.31 301.174703 -27.995392 13.815
 53    42.842 54057.56755088 11.23 301.173843 -27.998672 13.815
 53    42.783 54057.56755153 12.83 301.172973 -28.001952 13.815
 54    58.418 54092.56752539 12.98 301.179721 -27.961975  7.666
 54    43.156 54092.56752668 18.45 301.177991 -27.968545  7.666
 54    42.966 54092.56752732 26.01 301.177132 -27.971822  7.339
 54    43.085 54092.56752797 22.92 301.176272 -27.975112  7.339
 54    42.686 54092.56752861 19.97 301.175402 -27.978392  7.339
 54    42.664 54092.56752926 17.31 301.174542 -27.981672  7.339
 54    45.035 54092.56752990 12.98 301.173682 -27.984952  7.339
 54    43.877 54092.56753055 14.72 301.172822 -27.988242  7.339
 54    42.557 54092.56753119 16.86 301.171952 -27.991522  7.339
 54    42.652 54092.56753184 14.88 301.171092 -27.994802  7.339
 54    42.659 54092.56753248 17.10 301.170232 -27.998082  7.339
 54    42.429 54092.56753312 17.30 301.169362 -28.001372  7.339
 55    44.538 54127.56746026 21.13 301.175120 -27.959951 19.148
 55    44.549 54127.56746090 20.84 301.174258 -27.963224 22.625
 55    44.721 54127.56746155 20.77 301.173388 -27.966514 22.625
 55    44.592 54127.56746219 21.64 301.172528 -27.969794 22.625
 55    44.462 54127.56746284 23.30 301.171658 -27.973074 22.625
 55    44.425 54127.56746348 23.41 301.170798 -27.976364 22.625
 55    44.229 54127.56746413 24.10 301.169938 -27.979644 22.625
 55    44.248 54127.56746477 23.84 301.169068 -27.982924 22.625
 55    44.659 54127.56746541 24.77 301.168208 -27.986204 22.625
 55    44.718 54127.56746606 34.42 301.167348 -27.989494 22.625
 55    44.835 54127.56746670 40.72 301.166478 -27.992774 22.625
 55    44.685 54127.56746735 36.48 301.165618 -27.996054 22.625
 55    44.651 54127.56746799 37.75 301.164748 -27.999334 22.625
 56    45.236 54162.56749395 24.09 301.177208 -27.957426 12.321
 56    45.361 54162.56749460 23.36 301.176348 -27.960706 12.321
 56    45.351 54162.56749524 22.30 301.175488 -27.963986 12.321
 56    46.910 54162.56749589 21.56 301.174618 -27.967276 12.321
 56    45.349 54162.56749653 23.13 301.173758 -27.970556 12.321
 56    46.615 54162.56749718 25.55 301.172898 -27.973836 12.321
 56    45.935 54162.56749782 25.20 301.172028 -27.977126 12.321
 56    45.047 54162.56749847 25.46 301.171168 -27.980406 12.321
 56    44.766 54162.56749911 27.50 301.170308 -27.983686 12.321
 56    44.956 54162.56749976 26.41 301.169438 -27.986966 12.321
 56    45.334 54162.56750040 27.85 301.168578 -27.990246 12.321
 56    45.106 54162.56750104 29.71 301.167710 -27.993539 11.607
 56    45.246 54162.56750169 31.83 301.166850 -27.996819 11.607
 56    45.115 54162.56750233 33.44 301.165990 -28.000099 11.607
 57    49.314 54197.56746226 18.58 301.175622 -27.958213 14.342
 57    49.213 54197.56746290 18.72 301.174762 -27.961503 14.342
 57    59.526 54197.56746355 18.65 301.173902 -27.964783 14.342
 57    59.487 54197.56746419 17.96 301.173032 -27.968063 14.342
 57    58.711 54197.56746484 18.93 301.172172 -27.971353 14.342
 57    46.452 54197.56746548 19.51 301.171312 -27.974633 14.342
 57    46.285 54197.56746613 18.21 301.170442 -27.977913 14.342
 57    44.740 54197.56746677 20.86 301.169582 -27.981193 14.342
 57    44.594 54197.56746742 20.42 301.168722 -27.984483 14.342
 57    43.652 54197.56746806 27.18 301.167857 -27.987756 17.469
 57    43.803 54197.56746871 29.69 301.166987 -27.991046 17.469
 57    43.578 54197.56746935 30.48 301.166127 -27.994326 17.469
 57    43.425 54197.56747000 39.11 301.165267 -27.997606 17.469
 57    43.389 54197.56747064 38.02 301.164397 -28.000896 17.469
 58    52.489 54232.56750686 16.20 301.177193 -27.959920 12.301
 58    57.072 54232.56750751 16.29 301.176333 -27.963200 12.301
 58    46.948 54232.56750815 17.80 301.175463 -27.966480 12.301
 58    46.991 54232.56750880 19.21 301.174603 -27.969770 12.301
 58    46.718 54232.56750944 19.81 301.173743 -27.973050 12.301
 58    46.848 54232.56751008 20.56 301.172873 -27.976330 12.301
 58    46.839 54232.56751073 17.94 301.172013 -27.979620 12.301
 58    59.226 54232.56751137 18.38 301.171153 -27.982900 12.301
 58    45.584 54232.56751202 18.05 301.170283 -27.986180 12.301
 58    43.613 54232.56751266 23.00 301.169423 -27.989460 12.301
 58    43.561 54232.56751331 25.01 301.168563 -27.992750 12.301
 58    43.375 54232.56751395 26.99 301.167699 -27.996023  7.665
 58    43.535 54232.56751460 28.06 301.166829 -27.999313  7.665
 59    43.514 54267.56752547 30.53 301.178564 -27.958138 17.441
 59    43.447 54267.56752612 27.48 301.177704 -27.961418 17.441
 59    43.415 54267.56752676 26.73 301.176834 -27.964698 17.441
 59    43.307 54267.56752741 22.95 301.175974 -27.967988 17.441
 59    43.220 54267.56752805 23.45 301.175114 -27.971268 17.441
 59    43.174 54267.56752870 21.66 301.174244 -27.974548 17.441
 59    44.388 54267.56752934 22.36 301.173384 -27.977828 17.441
 59    46.102 54267.56752999 18.04 301.172524 -27.981118 17.441
 59    45.555 54267.56753063 18.28 301.171654 -27.984398 17.441
 59    44.650 54267.56753128 18.41 301.170794 -27.987678 17.441
 59    43.142 54267.56753192 22.86 301.169934 -27.990958 17.441
 59    43.240 54267.56753256 24.89 301.169064 -27.994249 11.763
 59    43.261 54267.56753321 30.18 301.168204 -27.997529 11.763
 59    43.168 54267.56753385 29.42 301.167344 -28.000809 11.763
 60    42.757 54302.56752986 30.64 301.178683 -27.959312 19.221
 60    42.710 54302.56753051 28.45 301.177823 -27.962592 19.221
 60    42.686 54302.56753115 26.06 301.176953 -27.965882 19.221
 60    42.550 54302.56753180 26.00 301.176093 -27.969162 19.221
 60    42.443 54302.56753244 26.58 301.175233 -27.972442 19.221
 60    42.416 54302.56753309 24.49 301.174363 -27.975722 19.221
 60    42.577 54302.56753373 20.41 301.173503 -27.979012 19.221
 60    42.784 54302.56753438 19.39 301.172643 -27.982292 19.221
 60    44.157 54302.56753502 19.33 301.171773 -27.985572 19.221
 60    42.448 54302.56753567 20.70 301.170913 -27.988862 19.221
 60    42.568 54302.56753631 22.81 301.170053 -27.992144  9.342
 60    43.855 54302.56753695 22.18 301.169183 -27.995424  9.342
 60    43.233 54302.56753760 22.56 301.168323 -27.998704  9.342
 60    42.912 54302.56753824 21.39 301.167453 -28.001984  9.342
 61    52.575 54337.56751588 14.99 301.179371 -27.959653 12.408
 61    57.635 54337.56751653 15.30 301.178511 -27.962933 12.408
 61    42.307 54337.56751717 19.86 301.177641 -27.966223 12.408
 61    42.255 54337.56751782 30.63 301.176781 -27.969503 12.408
 61    42.798 54337.56751846 31.35 301.175921 -27.972783 12.408
 61    42.412 54337.56751911 22.48 301.175061 -27.976063 12.408
 61    44.775 54337.56751975 18.10 301.174191 -27.979353 12.408
 61    45.962 54337.56752039 14.95 301.173331 -27.982633 12.408
 61    58.072 54337.56752104 13.66 301.172471 -27.985913 12.408
 61    42.385 54337.56752168 16.95 301.171601 -27.989193 12.408
 61    42.423 54337.56752233 17.71 301.170741 -27.992483 12.408
 61    42.565 54337.56752297 18.30 301.169873 -27.995757  9.925
 61    42.758 54337.56752362 20.37 301.169013 -27.999047  9.925
 61    43.081 54337.56752426 21.08 301.168153 -28.002327  9.925
 62    42.274 54372.56746274 25.38 301.177124 -27.958538 16.647
 62    42.359 54372.56746338 20.67 301.176264 -27.961818 16.647
 62    42.188 54372.56746403 23.14 301.175404 -27.965098 16.647
 62    42.191 54372.56746467 25.88 301.174534 -27.968378 16.647
 62    42.173 54372.56746532 24.88 301.173674 -27.971668 16.647
 62    42.265 54372.56746596 20.99 301.172814 -27.974948 16.647
 62    44.661 54372.56746661 18.51 301.171944 -27.978228 16.647
 62    55.821 54372.56746725 17.09 301.171084 -27.981518 16.647
 62    59.160 54372.56746790 16.64 301.170224 -27.984798 16.647
 62    42.742 54372.56746854 18.85 301.169354 -27.988078 16.647
 62    44.753 54372.56746919 20.50 301.168494 -27.991358 16.647
 62    42.627 54372.56746983 25.47 301.167634 -27.994648 16.647
 62    42.891 54372.56747048 25.93 301.166768 -27.997930 13.225
 62    42.409 54372.56747112 33.63 301.165898 -28.001210 13.225
 63    42.107 54407.56746166 22.65 301.177048 -27.960403 19.279
 63    41.965 54407.56746231 20.78 301.176188 -27.963683 19.279
 63    42.615 54407.56746295 21.56 301.175328 -27.966963 19.279
 63    42.510 54407.56746360 24.14 301.174468 -27.970243 19.279
 63    42.419 54407.56746424 21.20 301.173598 -27.973533 19.279
 63    42.591 54407.56746489 20.62 301.172738 -27.976813 19.279
 63    42.623 54407.56746553 22.75 301.171878 -27.980093 19.279
 63    42.527 54407.56746618 26.48 301.171008 -27.983383 19.279
 63    42.320 54407.56746682 27.84 301.170148 -27.986663 19.279
 63    42.286 54407.56746747 33.17 301.169288 -27.989943 19.279
 63    42.195 54407.56746811 37.22 301.168418 -27.993223 19.279
 63    42.380 54407.56746876 38.88 301.167558 -27.996513 19.279
 63    42.173 54407.56746940 48.88 301.166697 -27.999787 16.390
 64    42.475 54442.56742248 37.85 301.175371 -27.957463 39.737
 64    42.427 54442.56742313 31.80 301.174501 -27.960743 39.737
 64    42.510 54442.56742377 36.80 301.173641 -27.964023 39.737
 64    42.458 54442.56742442 40.34 301.172781 -27.967303 39.737
 64    42.329 54442.56742506 39.39 301.171911 -27.970593 39.737
 64    42.382 54442.56742571 39.97 301.171051 -27.973873 39.737
 64    42.352 54442.56742635 42.57 301.170181 -27.977153 39.737
 64    42.347 54442.56742700 45.70 301.169321 -27.980433 39.737
 64    42.301 54442.56742764 46.47 301.168461 -27.983723 39.737
 64    42.270 54442.56742829 48.92 301.167591 -27.987003 39.737
 64    42.188 54442.56742893 46.14 301.166731 -27.990283 39.737
 64    42.194 54442.56742958 49.33 301.165861 -27.993563 39.737
 64    42.183 54442.56743022 45.91 301.165000 -27.996855 51.300
 64    42.161 54442.56743087 42.67 301.164140 -28.000135 51.300
 65    42.973 54477.56744999 22.85 301.178992 -27.957805 10.289
 65    42.960 54477.56745064 16.85 301.178129 -27.961080  7.988
 65    47.664 54477.56745128 15.15 301.177269 -27.964370  7.988
 65    42.796 54477.56745193 15.28 301.176409 -27.967650  7.988
 65    42.846 54477.56745257 21.80 301.175539 -27.970930  7.988
 65    42.827 54477.56745322 21.78 301.174679 -27.974210  7.988
 65    42.903 54477.56745386 18.84 301.173819 -27.977500  7.988
 65    42.796 54477.56745451 14.53 301.172949 -27.980780  7.988
 65    42.806 54477.56745515 13.32 301.172089 -27.984060  7.988
 65    43.901 54477.56745580 12.61 301.171229 -27.987350  7.988
 65    43.185 54477.56745644 14.24 301.170359 -27.990630  7.988
 65    42.612 54477.56745709 21.45 301.169499 -27.993910  7.988
 65    42.430 54477.56745773 21.08 301.168639 -27.997190  7.988
 65    42.672 54477.56745838 23.61 301.167769 -28.000480  7.988
 66    42.742 54512.56743822 41.49 301.175650 -27.959025 32.108
 66    42.743 54512.56743886 41.86 301.174788 -27.962298 41.575
 66    42.729 54512.56743951 42.37 301.173918 -27.965588 41.575
 66    42.723 54512.56744015 43.26 301.173058 -27.968868 41.575
 66    42.709 54512.56744080 38.64 301.172198 -27.972148 41.575
 66    42.658 54512.56744144 42.67 301.171328 -27.975438 41.575
 66    42.655 54512.56744209 43.54 301.170468 -27.978718 41.575
 66    42.646 54512.56744273 45.08 301.169598 -27.981998 41.575
 66    42.596 54512.56744338 45.85 301.168738 -27.985278 41.575
 66    42.568 54512.56744402 46.25 301.167878 -27.988568 41.575
 66    42.548 54512.56744467 44.68 301.167008 -27.991848 41.575
 66    42.542 54512.56744531 46.99 301.166148 -27.995128 41.575
 66    42.532 54512.56744596 46.43 301.165278 -27.998408 41.575
 66    42.500 54512.56744660 43.69 301.164418 -28.001698 41.575
 67    43.306 54547.56746368 42.69 301.178887 -27.958994 38.666
 67    43.247 54547.56746433 37.12 301.178027 -27.962274 38.666
 67    43.215 54547.56746497 41.54 301.177167 -27.965554 38.666
 67    43.146 54547.56746562 44.25 301.176297 -27.968844 38.666
 67    43.148 54547.56746626 46.59 301.175434 -27.972120 40.086
 67    43.151 54547.56746691 45.40 301.174574 -27.975410 40.086
 67    43.155 54547.56746755 47.95 301.173714 -27.978690 40.086
 67    43.162 54547.56746820 50.07 301.172844 -27.981970 40.086
 67    43.152 54547.56746884 49.30 301.171984 -27.985250 40.086
 67    43.108 54547.56746949 49.28 301.171124 -27.988540 40.086
 67    43.008 54547.56747013 46.27 301.170254 -27.991820 40.086
 67    42.987 54547.56747078 47.43 301.169394 -27.995100 40.086
 67    42.969 54547.56747142 45.50 301.168534 -27.998380 40.086
 67    42.968 54547.56747207 48.17 301.167664 -28.001670 40.086
 68    43.724 54582.56743335 14.53 301.178503 -27.959359 11.499
 68    43.768 54582.56743399 15.04 301.177633 -27.962639 11.499
 68    43.828 54582.56743464 18.81 301.176773 -27.965919 11.499
 68    43.612 54582.56743528 21.87 301.175907 -27.969202 12.771
 68    43.599 54582.56743593 22.44 301.175047 -27.972492 12.771
 68    43.360 54582.56743657 22.69 301.174187 -27.975772 12.771
 68    43.313 54582.56743722 21.62 301.173317 -27.979052 12.771
 68    43.334 54582.56743786 17.05 301.172457 -27.982332 12.771
 68    43.375 54582.56743851 15.74 301.171597 -27.985622 12.771
 68    43.460 54582.56743915 15.27 301.170727 -27.988902 12.771
 68    43.512 54582.56743979 17.69 301.169867 -27.992182 12.771
 68    43.435 54582.56744044 20.47 301.168997 -27.995472 12.771
 68    43.403 54582.56744108 23.97 301.168137 -27.998752 12.771
 68    43.230 54582.56744173 26.22 301.167277 -28.002032 12.771
 69    42.562 54617.56745476 19.81 301.178108 -27.959466 11.147
 69    42.516 54617.56745541 16.80 301.177248 -27.962746 11.147
 69    42.715 54617.56745605 18.15 301.176388 -27.966036 11.147
 69    42.541 54617.56745670 22.31 301.175518 -27.969316 11.147
 69    42.404 54617.56745734 22.65 301.174658 -27.972596 11.147
 69    42.516 54617.56745799 18.38 301.173798 -27.975876 11.147
 69    44.454 54617.56745863 14.93 301.172928 -27.979166 11.147
 69    44.673 54617.56745928 14.16 301.172068 -27.982446 11.147
 69    44.941 54617.56745992 14.38 301.171208 -27.985726 11.147
 69    42.506 54617.56746057 14.63 301.170338 -27.989006 11.147
 69    42.717 54617.56746121 20.23 301.169478 -27.992296 11.147
 69    43.035 54617.56746186 19.71 301.168618 -27.995576 11.147
 69    42.824 54617.56746250 24.78 301.167748 -27.998856 11.147
 69    42.394 54617.56746314 27.84 301.166888 -28.002136 11.147
 70    42.766 54652.56746648 18.54 301.176360 -27.957734 12.818
 70    59.651 54652.56746713 13.74 301.175500 -27.961014 12.818
 70    56.936 54652.56746777 15.26 301.174630 -27.964304 12.818
 70    45.580 54652.56746841 14.24 301.173766 -27.967578 14.766
 70    42.669 54652.56746906 16.31 301.172906 -27.970868 14.766
 70    42.876 54652.56746970 16.46 301.172046 -27.974148 14.766
 70    42.667 54652.56747035 16.83 301.171176 -27.977428 14.766
 70    44.185 54652.56747099 14.13 301.170316 -27.980708 14.766
 70    43.372 54652.56747164 14.33 301.169456 -27.983998 14.766
 70    43.106 54652.56747228 14.72 301.168586 -27.987278 14.766
 70    42.587 54652.56747293 21.62 301.167726 -27.990558 14.766
 70    42.740 54652.56747357 26.66 301.166856 -27.993848 14.766
 70    42.710 54652.56747422 29.15 301.165996 -27.997128 14.766
 70    42.578 54652.56747486 29.23 301.165136 -28.000408 14.766
 71    42.843 54687.56745655 37.52 301.178955 -27.958418 18.023
 71    42.855 54687.56745720 31.07 301.178085 -27.961708 18.023
 71    42.682 54687.56745784 22.44 301.177225 -27.964988 18.023
 71    42.683 54687.56745849 21.57 301.176365 -27.968268 18.023
 71    42.576 54687.56745913 23.48 301.175495 -27.971548 18.023
 71    42.467 54687.56745977 21.74 301.174635 -27.974838 18.023
 71    42.437 54687.56746042 18.26 301.173772 -27.978112 10.608
 71    42.589 54687.56746106 16.38 301.172912 -27.981402 10.608
 71    42.487 54687.56746171 15.30 301.172052 -27.984682 10.608
 71    42.512 54687.56746235 15.85 301.171182 -27.987962 10.608
 71    42.594 54687.56746300 17.15 301.170322 -27.991252 10.608
 71    42.376 54687.56746364 20.45 301.169462 -27.994532 10.608
 71    42.331 54687.56746429 21.51 301.168592 -27.997812 10.608
 71    42.375 54687.56746493 24.14 301.167732 -28.001092 10.608
 72    42.544 54722.56741335 15.81 301.176047 -27.957491 14.318
 72    42.247 54722.56741399 16.51 301.175187 -27.960781 14.318
 72    42.382 54722.56741464 16.08 301.174325 -27.964062 16.183
 72    42.376 54722.56741528 16.68 301.173455 -27.967342 16.183
 72    42.325 54722.56741593 19.07 301.172595 -27.970622 16.183
 72    42.245 54722.56741657 17.75 301.171725 -27.973902 16.183
 72    42.360 54722.56741722 15.46 301.170865 -27.977192 16.183
 72    42.238 54722.56741786 14.60 301.170005 -27.980472 16.183
 72    42.150 54722.56741850 14.29 301.169135 -27.983752 16.183
 72    42.357 54722.56741915 14.09 301.168275 -27.987032 16.183
 72    42.643 54722.56741979 17.55 301.167415 -27.990322 16.183
 72    42.492 54722.56742044 29.24 301.166545 -27.993602 16.183
 72    42.433 54722.56742108 31.12 301.165685 -27.996882 16.183
 72    42.859 54722.56742173 25.72 301.164815 -28.000162 16.183
 73    62.109 54757.56743323 12.01 301.176833 -27.960496  8.547
 73    60.875 54757.56743387 12.72 301.175973 -27.963776  8.547
 73    61.125 54757.56743451 12.40 301.175103 -27.967066  8.547
 73    42.890 54757.56743516 18.64 301.174240 -27.970340 10.896
 73    44.320 54757.56743580 17.63 301.173380 -27.973630 10.896
 73    42.999 54757.56743645 18.68 301.172510 -27.976910 10.896
 73    57.535 54757.56743709 14.54 301.171650 -27.980190 10.896
 73    59.366 54757.56743774 13.67 301.170790 -27.983480 10.896
 73    59.554 54757.56743838 13.24 301.169920 -27.986760 10.896
 73    42.778 54757.56743903 17.85 301.169060 -27.990040 10.896
 73    42.731 54757.56743967 23.92 301.168200 -27.993320 10.896
 73    42.658 54757.56744032 19.17 301.167330 -27.996610 10.896
 73    42.731 54757.56744096 22.65 301.166470 -27.999890 10.896
 74    43.131 54792.56740701 21.43 301.173308 -27.958815 18.442
 74    43.165 54792.56740766 19.04 301.172446 -27.962090 23.956
 74    43.105 54792.56740830 19.27 301.171576 -27.965380 23.956
 74    43.048 54792.56740895 20.35 301.170716 -27.968660 23.956
 74    43.039 54792.56740959 21.00 301.169856 -27.971940 23.956
 74    43.004 54792.56741024 19.67 301.168986 -27.975220 23.956
 74    43.032 54792.56741088 18.61 301.168126 -27.978510 23.956
 74    43.278 54792.56741153 17.07 301.167256 -27.981790 23.956
 74    43.126 54792.56741217 16.89 301.166396 -27.985070 23.956
 75    41.753 54827.56743001 49.40 301.177418 -27.958374 39.783
 75    41.792 54827.56743065 42.45 301.176558 -27.961654 39.783
 75    41.820 54827.56743130 38.12 301.175698 -27.964934 39.783
 75    41.826 54827.56743194 44.99 301.174828 -27.968214 39.783
 75    41.812 54827.56743259 43.97 301.173968 -27.971504 39.783
 75    41.739 54827.56743323 43.49 301.173101 -27.974778 45.027
 75    41.737 54827.56743388 44.50 301.172241 -27.978068 45.027
 75    41.734 54827.56743452 46.11 301.171381 -27.981348 45.027
 75    41.706 54827.56743517 47.35 301.170511 -27.984628 45.027
 75    41.583 54827.56743581 47.30 301.169651 -27.987908 45.027
 75    41.493 54827.56743646 46.50 301.168791 -27.991198 45.027
 75    41.449 54827.56743710 47.24 301.167921 -27.994478 45.027
 75    41.444 54827.56743775 45.01 301.167061 -27.997758 45.027
 75    41.453 54827.56743839 46.84 301.166201 -28.001048 45.027
 76    42.114 54862.56740132 32.98 301.175958 -27.958515 24.395
 76    41.762 54862.56740196 26.82 301.175089 -27.961787 25.066
 76    41.787 54862.56740260 25.29 301.174229 -27.965077 25.066
 76    41.767 54862.56740325 25.73 301.173369 -27.968357 25.066
 76    41.862 54862.56740389 36.08 301.172499 -27.971637 25.066
 76    41.762 54862.56740454 32.09 301.171639 -27.974927 25.066
 76    41.761 54862.56740518 22.42 301.170779 -27.978207 25.066
 76    41.730 54862.56740583 21.42 301.169909 -27.981487 25.066
 76    41.763 54862.56740647 22.47 301.169049 -27.984767 25.066
 76    41.808 54862.56740712 26.37 301.168189 -27.988057 25.066
 76    41.867 54862.56740776 33.39 301.167319 -27.991337 25.066
 76    41.850 54862.56740841 32.90 301.166459 -27.994617 25.066
 76    41.839 54862.56740905 33.58 301.165589 -27.997897 25.066
 76    41.756 54862.56740970 31.34 301.164729 -28.001187 25.066
 77    42.987 54897.56743092 38.66 301.176592 -27.960478 31.629
 77    42.787 54897.56743156 30.65 301.175722 -27.963758 31.629
 77    42.725 54897.56743221 25.13 301.174862 -27.967048 31.629
 77    42.655 54897.56743285 23.36 301.173999 -27.970324 15.896
 77    42.661 54897.56743350 23.65 301.173139 -27.973614 15.896
 77    42.607 54897.56743414 21.43 301.172279 -27.976894 15.896
 77    42.785 54897.56743479 20.60 301.171409 -27.980174 15.896
 77    42.846 54897.56743543 20.32 301.170549 -27.983454 15.896
 77    42.858 54897.56743608 25.02 301.169689 -27.986744 15.896
 77    42.831 54897.56743672 25.37 301.168819 -27.990024 15.896
 77    42.742 54897.56743737 27.43 301.167959 -27.993304 15.896
 77    42.667 54897.56743801 31.74 301.167099 -27.996594 15.896
 77    42.647 54897.56743866 33.41 301.166229 -27.999874 15.896
 78    42.585 54932.56739591 19.60 301.175228 -27.958863 18.117
 78    42.516 54932.56739656 19.55 301.174368 -27.962153 18.117
 78    42.346 54932.56739720 18.87 301.173499 -27.965437 17.815
 78    42.429 54932.56739785 19.96 301.172639 -27.968717 17.815
 78    42.224 54932.56739849 19.82 301.171779 -27.971997 17.815
 78    42.325 54932.56739914 18.55 301.170909 -27.975277 17.815
 78    42.344 54932.56739978 19.85 301.170049 -27.978567 17.815
 78    42.448 54932.56740043 17.56 301.169189 -27.981847 17.815
 78    42.430 54932.56740107 19.53 301.168319 -27.985127 17.815
 78    42.503 54932.56740171 21.97 301.167459 -27.988407 17.815
 78    42.478 54932.56740236 27.88 301.166599 -27.991697 17.815
 78    42.373 54932.56740300 36.41 301.165729 -27.994977 17.815
 78    42.382 54932.56740365 32.45 301.164869 -27.998257 17.815
 78    42.306 54932.56740429 35.71 301.163999 -28.001537 17.815
 79    41.537 54967.56743143 26.55 301.177134 -27.960500 17.504
 79    41.672 54967.56743208 30.19 301.176274 -27.963780 17.504
 79    41.606 54967.56743272 35.69 301.175404 -27.967060 17.504
 79    41.637 54967.56743337 34.72 301.174544 -27.970350 17.504
 79    41.634 54967.56743401 26.99 301.173679 -27.973632 14.947
 79    41.225 54967.56743466 22.85 301.172819 -27.976912 14.947
 79    41.124 54967.56743530 18.83 301.171959 -27.980192 14.947
 79    41.323 54967.56743595 14.64 301.171089 -27.983472 14.947
 79    41.464 54967.56743659 14.22 301.170229 -27.986762 14.947
 79    41.603 54967.56743724 16.10 301.169369 -27.990042 14.947
 79    41.693 54967.56743788 18.09 301.168499 -27.993322 14.947
 79    41.997 54967.56743853 18.82 301.167639 -27.996602 14.947
 79    41.807 54967.56743917 18.18 301.166769 -27.999892 14.947
 80    42.077 55002.56745167 15.91 301.174284 -27.959576 10.869
 80    42.281 55002.56745231 16.22 301.173421 -27.962859 15.998
 80    42.293 55002.56745296 18.14 301.172561 -27.966139 15.998
 80    42.294 55002.56745360 23.65 301.171701 -27.969419 15.998
 80    42.333 55002.56745425 20.25 301.170831 -27.972699 15.998
 80    42.106 55002.56745489 17.27 301.169971 -27.975989 15.998
 80    42.204 55002.56745554 15.80 301.169111 -27.979269 15.998
 80    43.018 55002.56745618 15.43 301.168241 -27.982549 15.998
 80    42.495 55002.56745683 15.69 301.167381 -27.985829 15.998
 80    42.295 55002.56745747 18.67 301.166521 -27.989119 15.998
 81    42.444 55037.56743772 20.95 301.178462 -27.960989 18.722
 81    42.705 55037.56743836 17.28 301.177592 -27.964269 18.722
 81    43.193 55037.56743901 17.20 301.176732 -27.967559 18.722
 81    43.129 55037.56743965 20.79 301.175867 -27.970833  6.830
 81    43.035 55037.56744030 20.85 301.175007 -27.974123  6.830
 81    43.108 55037.56744094 20.03 301.174147 -27.977403  6.830
 81    44.407 55037.56744159 17.43 301.173277 -27.980683  6.830
 81    43.820 55037.56744223 16.25 301.172417 -27.983963  6.830
 81    43.560 55037.56744288 15.94 301.171557 -27.987253  6.830
 81    43.041 55037.56744352 16.53 301.170687 -27.990533  6.830
 81    42.814 55037.56744416 18.01 301.169827 -27.993813  6.830
 81    42.827 55037.56744481 22.42 301.168957 -27.997103  6.830
 81    42.873 55037.56744545 25.97 301.168097 -28.000383  6.830
 82    52.159 55072.56742491 12.33 301.177849 -27.963799  9.775
 82    42.937 55072.56742555 12.45 301.176989 -27.967079  9.775
 82    42.842 55072.56742620 18.27 301.176129 -27.970359  9.775
 82    42.975 55072.56742684 21.52 301.175259 -27.973639  9.775
 82    42.682 55072.56742749 22.35 301.174399 -27.976929  9.775
 82    42.591 55072.56742813 17.45 301.173537 -27.980212 14.981
 82    42.613 55072.56742878 14.13 301.172677 -27.983492 14.981
 82    43.561 55072.56742942 13.09 301.171817 -27.986772 14.981
 82    42.616 55072.56743007 14.42 301.170947 -27.990052 14.981
 82    42.625 55072.56743071 17.81 301.170087 -27.993342 14.981
 82    42.707 55072.56743136 19.89 301.169227 -27.996622 14.981
 82    42.652 55072.56743200 24.54 301.168357 -27.999902 14.981
 83    44.019 55107.56737007 27.81 301.174943 -27.957175 18.516
 83    43.985 55107.56737071 23.53 301.174073 -27.960455 18.516
 83    43.931 55107.56737136 22.82 301.173213 -27.963745 18.516
 83    43.870 55107.56737200 23.16 301.172352 -27.967027 18.845
 83    43.787 55107.56737265 22.91 301.171482 -27.970307 18.845
 83    43.714 55107.56737329 23.08 301.170622 -27.973587 18.845
 83    43.732 55107.56737393 22.96 301.169762 -27.976867 18.845
 83    43.849 55107.56737458 22.39 301.168892 -27.980157 18.845
 83    44.012 55107.56737522 22.65 301.168032 -27.983437 18.845
 83    44.149 55107.56737587 23.25 301.167162 -27.986717 18.845
 83    44.074 55107.56737651 32.45 301.166302 -27.989997 18.845
 84    44.684 55142.56737490 41.34 301.177457 -27.957585 21.296
 84    44.480 55142.56737554 31.99 301.176597 -27.960865 21.296
 84    44.670 55142.56738006 32.93 301.170554 -27.983841 24.527
 84    47.047 55142.56738070 35.25 301.169694 -27.987131 24.527
 84    44.586 55142.56738135 38.52 301.168824 -27.990411 24.527
 84    45.010 55142.56738199 39.49 301.167964 -27.993691 24.527
 84    44.523 55142.56738264 41.27 301.167104 -27.996981 24.527
 84    44.458 55142.56738328 42.38 301.166234 -28.000261 24.527
 85    43.642 55177.56734070 22.45 301.175852 -27.956941 14.697
 85    44.024 55177.56734135 21.74 301.174990 -27.960214 14.227
 85    46.127 55177.56734199 22.15 301.174120 -27.963504 14.227
 85    45.918 55177.56734263 22.44 301.173260 -27.966784 14.227
 85    46.604 55177.56734328 22.28 301.172400 -27.970064 14.227
 85    46.374 55177.56734392 23.45 301.171530 -27.973344 14.227
 85    46.329 55177.56734457 23.34 301.170670 -27.976634 14.227
 85    45.009 55177.56734521 24.29 301.169800 -27.979914 14.227
 85    44.710 55177.56734586 23.61 301.168940 -27.983194 14.227
 85    44.456 55177.56734650 24.40 301.168080 -27.986484 14.227
 85    44.696 55177.56734715 25.29 301.167210 -27.989764 14.227
 85    44.743 55177.56734779 26.40 301.166350 -27.993044 14.227
 85    44.664 55177.56734844 32.64 301.165480 -27.996324 14.227
 85    44.604 55177.56734908 34.33 301.164620 -27.999614 14.227
 86    43.805 55212.56736974 26.59 301.177691 -27.957459 11.411
 86    44.051 55212.56737038 26.15 301.176831 -27.960739 11.411
 86    44.418 55212.56737103 25.28 301.175961 -27.964019 11.411
 86    45.153 55212.56737167 23.99 301.175101 -27.967309 11.411
 86    45.116 55212.56737232 23.92 301.174236 -27.970582 14.300
 86    45.129 55212.56737296 24.26 301.173376 -27.973872 14.300
 86    44.989 55212.56737361 25.42 301.172516 -27.977152 14.300
 86    44.887 55212.56737425 25.41 301.171646 -27.980432 14.300
 86    44.732 55212.56737490 27.79 301.170786 -27.983722 14.300
 86    44.298 55212.56737554 29.97 301.169926 -27.987002 14.300
 86    44.818 55212.56737619 29.02 301.169056 -27.990282 14.300
 86    45.105 55212.56737683 26.86 301.168196 -27.993562 14.300
 86    45.061 55212.56737748 30.89 301.167336 -27.996852 14.300
 86    45.126 55212.56737812 30.88 301.166466 -28.000132 14.300
 87    43.617 55247.56734358 21.68 301.175964 -27.959908 12.997
 87    44.280 55247.56734422 21.13 301.175104 -27.963198 12.997
 87    44.457 55247.56734487 21.54 301.174244 -27.966478 12.997
 87    44.609 55247.56734551 22.37 301.173374 -27.969758 12.997
 87    44.489 55247.56734616 22.66 301.172514 -27.973038 12.997
 87    44.446 55247.56734680 23.61 301.171654 -27.976328 12.997
 87    44.410 55247.56734745 23.22 301.170784 -27.979608 12.997
 87    44.371 55247.56734809 22.64 301.169924 -27.982888 12.997
 87    44.406 55247.56734874 24.38 301.169064 -27.986168 12.997
 87    44.737 55247.56734938 26.10 301.168194 -27.989458 12.997
 87    44.846 55247.56735003 31.19 301.167334 -27.992738 12.997
 87    44.811 55247.56735067 30.06 301.166464 -27.996018 12.997
 87    44.834 55247.56735131 34.85 301.165604 -27.999308 12.997
 88    48.865 55282.56736273 19.87 301.178067 -27.958026  9.887
 88    48.437 55282.56736337 20.06 301.177207 -27.961306  9.887
 88    46.259 55282.56736402 20.01 301.176347 -27.964586  9.887
 88    44.632 55282.56736466 20.59 301.175477 -27.967866  9.887
 88    44.368 55282.56736531 22.41 301.174617 -27.971156  9.887
 88    46.103 55282.56736595 21.79 301.173754 -27.974432 11.867
 88    44.400 55282.56736659 23.26 301.172894 -27.977722 11.867
 88    44.802 55282.56736724 21.51 301.172034 -27.981002 11.867
 88    44.510 55282.56736788 21.86 301.171164 -27.984282 11.867
 88    44.279 55282.56736853 22.35 301.170304 -27.987562 11.867
 88    44.281 55282.56736917 24.43 301.169444 -27.990852 11.867
 88    44.257 55282.56736982 27.59 301.168574 -27.994132 11.867
 88    44.211 55282.56737046 30.16 301.167714 -27.997412 11.867
 88    44.183 55282.56737111 29.70 301.166854 -28.000702 11.867
 89    45.137 55317.56733227 34.41 301.176359 -27.959666 21.828
 89    45.043 55317.56733291 32.58 301.175489 -27.962946 21.828
 89    45.036 55317.56733356 32.89 301.174629 -27.966236 21.828
 89    45.034 55317.56733420 31.52 301.173764 -27.969518 18.721
 89    44.880 55317.56733485 33.35 301.172904 -27.972798 18.721
 89    44.776 55317.56733549 34.88 301.172044 -27.976078 18.721
 89    44.966 55317.56733614 36.63 301.171174 -27.979358 18.721
 89    44.957 55317.56733678 40.12 301.170314 -27.982648 18.721
 89    44.934 55317.56733743 40.28 301.169454 -27.985928 18.721
 89    44.876 55317.56733807 42.79 301.168584 -27.989208 18.721
 89    44.686 55317.56733872 41.18 301.167724 -27.992488 18.721
 89    44.666 55317.56733936 41.48 301.166864 -27.995778 18.721
 89    44.665 55317.56734001 39.90 301.165994 -27.999058 18.721
 90    43.702 55352.56733623 24.09 301.177972 -27.959864  9.189
 90    43.306 55352.56733688 23.48 301.177102 -27.963144  9.189
 90    43.654 55352.56733752 23.35 301.176242 -27.966434  9.189
 90    44.441 55352.56733817 23.15 301.175380 -27.969716  9.868
 90    45.233 55352.56733881 22.60 301.174520 -27.972996  9.868
 90    44.764 55352.56733946 22.56 301.173660 -27.976276  9.868
 90    46.455 55352.56734010 21.96 301.172790 -27.979556  9.868
 90    59.262 55352.56734075 21.63 301.171930 -27.982846  9.868
 90    44.691 55352.56734139 21.75 301.171070 -27.986126  9.868
 90    43.505 55352.56734203 23.63 301.170200 -27.989406  9.868
 90    43.640 55352.56734268 25.03 301.169340 -27.992686  9.868
 90    43.275 55352.56734332 27.66 301.168480 -27.995976  9.868
 90    43.471 55352.56734397 31.03 301.167610 -27.999256  9.868
 91    42.543 55387.56733208 34.69 301.174103 -27.958185 31.699
 91    42.572 55387.56733272 30.75 301.173243 -27.961475 31.699
 91    42.454 55387.56733337 32.89 301.172373 -27.964748 24.931
 91    42.329 55387.56733401 29.95 301.171513 -27.968038 24.931
 91    42.216 55387.56733466 27.53 301.170653 -27.971318 24.931
 91    42.293 55387.56733530 26.49 301.169783 -27.974598 24.931
 91    42.185 55387.56733595 27.87 301.168923 -27.977888 24.931
 91    42.366 55387.56733659 27.96 301.168063 -27.981168 24.931
 91    42.674 55387.56733724 29.54 301.167193 -27.984448 24.931
 91    42.635 55387.56733788 34.78 301.166333 -27.987728 24.931
 92    42.596 55422.56735318 19.95 301.178947 -27.958421  9.733
 92    42.498 55422.56735383 21.31 301.178087 -27.961701  9.733
 92    42.594 55422.56735447 25.87 301.177227 -27.964981  9.733
 92    42.717 55422.56735511 35.37 301.176357 -27.968261  9.733
 92    42.613 55422.56735576 38.77 301.175497 -27.971551  9.733
 92    42.460 55422.56735640 28.84 301.174631 -27.974825  8.918
 92    42.286 55422.56735705 24.16 301.173771 -27.978115  8.918
 92    42.339 55422.56735769 19.72 301.172911 -27.981395  8.918
 92    54.889 55422.56735834 15.92 301.172041 -27.984675  8.918
 92    59.748 55422.56735898 15.85 301.171181 -27.987955  8.918
 92    59.403 55422.56735963 16.04 301.170321 -27.991245  8.918
 92    58.927 55422.56736027 16.41 301.169451 -27.994525  8.918
 92    43.119 55422.56736092 19.90 301.168591 -27.997805  8.918
 92    42.779 55422.56736156 23.55 301.167731 -28.001095  8.918
 93    42.732 55457.56732704 23.43 301.179819 -27.959607 13.755
 93    42.761 55457.56732768 32.28 301.178949 -27.962897 13.755
 93    42.579 55457.56732833 34.99 301.178089 -27.966177 13.755
 93    42.273 55457.56732897 32.49 301.177229 -27.969457 13.755
 93    42.278 55457.56732962 30.15 301.176359 -27.972737 13.755
 93    42.582 55457.56733026 22.62 301.175499 -27.976027 13.755
 93    58.155 55457.56733091 18.81 301.174637 -27.979310  5.992
 93    60.414 55457.56733284 16.15 301.172047 -27.989150  5.992
 93    60.703 55457.56733349 15.49 301.171187 -27.992440  5.992
 93    60.543 55457.56733413 16.19 301.170327 -27.995720  5.992
 93    60.052 55457.56733477 17.63 301.169457 -27.999000  5.992
 93    42.013 55457.56733542 24.46 301.168597 -28.002280  5.992
