# NaN NaN NaN ;Mean Elev.(m), Avg Gradient(m/km), RMS Gradient(m/km) - SRTM1     
#   38.396  -1.200   4.535 ;Mean Elev.(m), Avg Gradient(m/km), RMS Gradient(m/km) - ASTER GDEM
#   44.065  -1.210   2.251 ;Mean Elev.(m), Avg Gradient(m/km), RMS Gradient(m/km) - GMTED2010 
 10 301.172885 -27.605375    44.696    44.653  7 52562.09260778 27.976
 12 301.172309 -27.607299    50.940    51.515  8 52632.09256476 22.991
 13 301.168724 -27.609096    45.044    45.075 10 52667.09258464 34.221
 15 301.171200 -27.607464    44.962    45.004  9 52737.09259752 24.009
 16 301.170103 -27.609416    43.840    43.888  9 52772.09256579 25.513
 17 301.171310 -27.609497    44.100    44.111  9 52807.09262070 22.649
 18 301.172810 -27.608218    43.837    43.843  8 52842.09267978 21.952
 19 301.170467 -27.608930    44.097    44.105  9 52877.09271815 51.470
 23 301.168578 -27.610095    45.077    45.056 10 53017.09266587 26.595
 25 301.163873 -27.621244    44.121    44.120 17 53087.09267982 36.984
 26 301.171797 -27.609821    44.417    44.463  9 53122.09265190 22.537
 27 301.167345 -27.617251    45.096    45.089 14 53157.09270695 20.912
 28 301.174054 -27.604637    44.790    44.636  3 53192.09270175 31.564
 29 301.172398 -27.605457    44.933    44.988  8 53227.09270266 33.402
 30 301.166917 -27.617857    43.771    43.767 14 53262.09267382 38.791
 31 301.165735 -27.618927    43.930    43.986 15 53297.09270951 31.895
 32 301.170960 -27.608882    46.147    46.131  9 53332.09268317 29.783
 33 301.170491 -27.607973    45.521    45.527  9 53367.09262879 52.007
 35 301.170080 -27.608501    44.322    44.289 10 53437.09264574 22.674
 36 301.169039 -27.609353    44.868    44.857 10 53472.09269790 19.233
 37 301.168308 -27.610346    44.112    44.045 11 53507.09272856 23.654
 38 301.168554 -27.615152    45.116    45.121 14 53542.09273470 22.171
 39 301.168987 -27.617077    44.272    44.274 14 53577.09272145 51.601
 40 301.167402 -27.617509    43.516    43.540 14 53612.09267342 23.649
 41 301.172951 -27.604394    44.417    44.462  7 53647.09268062 19.710
 42 301.166413 -27.616847    46.465    46.503 15 53682.09269401 27.069
 43 301.171449 -27.607617    44.627    44.624  9 53717.09262306 21.294
 45 301.172699 -27.604044    44.359    44.375  7 53787.09257314 22.842
 46 301.169784 -27.609832    45.594    45.522 10 53822.09252674 23.679
 47 301.168300 -27.610102    44.617    44.613 11 53857.09261792 20.077
 49 301.163644 -27.620586    43.981    43.978 17 53927.09268995 32.354
 50 301.164526 -27.617837    43.901    43.936 16 53962.09267490 26.761
 52 301.173442 -27.603290    45.097    45.080  4 54032.09267275 49.713
 53 301.172149 -27.608200    45.101    45.148  8 54067.09266522 21.108
 54 301.168334 -27.610292    45.672    45.700 10 54102.09262546 25.278
 55 301.171886 -27.607440    47.616    47.648  9 54137.09259373 40.780
 56 301.168575 -27.610786    46.993    46.916 11 54172.09260269 29.574
 57 301.171403 -27.607850    45.489    45.547  9 54207.09259846 29.085
 58 301.170832 -27.607478    46.146    46.238  9 54242.09263168 38.648
 59 301.171263 -27.610029    44.783    44.736  9 54277.09264574 22.695
 60 301.171989 -27.609380    44.591    44.583  9 54312.09264609 45.795
 61 301.169599 -27.611447    43.735    43.661 10 54347.09261845 22.702
 62 301.172330 -27.606434    44.025    43.974  8 54382.09258370 25.246
 63 301.169328 -27.609422    43.917    43.940 10 54417.09256784 25.978
 64 301.172827 -27.606498    44.641    44.655  8 54452.09255281 23.390
 65 301.172284 -27.609105    44.639    44.703  9 54487.09256501 23.628
 66 301.172991 -27.606613    44.564    44.521  7 54522.09256591 21.911
 67 301.169583 -27.611294    45.389    45.390 10 54557.09257484 51.386
 68 301.170589 -27.608467    45.738    45.762  9 54592.09256227 29.615
 69 301.170073 -27.609559    44.469    44.435 10 54627.09257757 24.778
 70 301.169395 -27.610504    44.094    44.029 10 54662.09258476 22.554
 71 301.170502 -27.610282    45.231    45.224 10 54697.09256053 23.669
 72 301.172210 -27.608170    44.210    44.227  9 54732.09254200 22.904
 73 301.171290 -27.609495    44.910    44.944  9 54767.09253944 26.790
 74 301.171916 -27.609154    44.924    44.847  9 54802.09253480 22.091
 75 301.170793 -27.609240    43.265    43.264 10 54837.09253231 40.490
 76 301.172110 -27.607784    44.403    44.395  8 54872.09253430 53.654
 77 301.168909 -27.617336    44.262    44.255 14 54907.09253788 31.112
 78 301.171479 -27.609550    43.794    43.824  9 54942.09252666 20.735
 79 301.170185 -27.610872    43.683    43.672 10 54977.09255479 45.819
 80 301.169848 -27.609783    44.277    44.279 10 55012.09256279 49.312
 81 301.171321 -27.608039    45.045    44.999  9 55047.09255502 25.372
 82 301.168561 -27.609932    44.494    44.447 11 55082.09252708 20.177
 83 301.172771 -27.607403    45.457    45.364  8 55117.09248707 29.510
 84 301.169671 -27.610170    46.084    46.124 10 55152.09248408 28.704
 85 301.171640 -27.607893    47.629    47.625  9 55187.09247377 52.289
 86 301.169767 -27.610164    47.668    47.612 10 55222.09248321 32.877
 87 301.172369 -27.607345    47.018    47.012  8 55257.09246936 30.574
 88 301.168577 -27.611226    46.414    46.438 11 55292.09247082 30.604
 89 301.168756 -27.609083    46.145    46.153 10 55327.09245441 29.254
 90 301.169782 -27.610659    45.245    45.241 10 55362.09244990 34.065
 91 301.172178 -27.609337    49.486    49.594  9 55397.09245716 25.263
 92 301.172496 -27.608891    44.815    44.815  9 55432.09246536 52.927
 93 301.169428 -27.610859    44.555    44.576 10 55467.09242452 34.199
