-256109.133   245.782     0.00   39.09
-255732.671   227.323   -49.04   41.35
-255356.224   211.464   -42.14   35.03
-254979.792   201.466   -26.56   29.27
-254603.375   210.796    24.79   36.37
-254226.973   210.789    -0.02   38.64
-253850.585   196.078   -39.09   35.96
-253474.212   184.942   -29.59   30.14
-253097.855   185.371     1.14   33.35
-252721.512   198.846    35.81   45.13
-252345.183   222.825    63.73   51.60
-251968.870   243.696    55.47   35.33
-251592.572   254.514    28.75   24.81
-251216.288   267.510    34.55   24.80
-250840.019   272.663    13.70   20.60
-250463.765   267.121   -14.73   22.51
-250087.526   264.089    -8.06   25.86
-249711.301   264.766     1.80   29.45
-249335.092   270.109    14.20   32.33
-248958.897   278.464    22.21   34.68
-248582.717   286.231    20.65   41.61
-248206.552   288.107     4.99   41.38
-247830.401   295.098    18.59   31.81
-247454.265   296.621     4.05   26.80
-247078.144   289.189   -19.76   27.92
-246702.038   279.728   -25.16   25.81
-246325.947   274.037   -15.13   26.47
-245949.870   268.780   -13.98   27.03
-245573.809   266.063    -7.23   28.05
-245197.762   262.156   -10.39   26.24
-244821.729   260.325    -4.87   27.54
-244445.712   256.171   -11.05   29.19
-244069.709   241.212   -39.79   31.48
-243693.721   232.476   -23.24   33.25
-243317.748   214.068   -48.97   40.96
-242941.789   188.836   -67.13   41.73
-242565.845   180.204   -22.96   37.28
-242189.916   187.394    19.13   36.60
-241814.002   201.576    37.73   39.12
-241438.102   219.007    46.38   32.56
-241062.218   231.468    33.16   27.11
-240686.347   225.490   -15.91   31.16
-240310.492   211.014   -38.52   37.77
-239934.651   199.444   -30.79   40.66
-239558.825   189.007   -27.78   38.11
-239183.014   188.746    -0.70   43.56
-238807.217   201.775    34.68   49.04
-238431.435   216.847    40.11   40.46
-238055.668   222.493    15.03   26.14
-237679.916   215.204   -19.40   30.93
-237304.178   210.396   -12.80   35.06
-236928.455   199.061   -30.17   39.71
-236552.746   187.275   -31.38   39.52
-236177.052   167.813   -51.82   36.71
-235801.373   150.371   -46.44   30.86
-235425.709   143.990   -16.99   31.07
-235050.059   151.014    18.70   35.73
-234674.424   172.561    57.37   42.55
-234298.803   193.633    56.11   34.32
-233923.198   192.514    -2.98   36.43
-233547.607   185.231   -19.39   41.02
-233172.030   170.580   -39.02   43.17
-232796.468   156.324   -37.97   44.07
-232420.921   151.133   -13.83   43.09
-232045.388   154.517     9.01   46.24
-231669.870   163.151    23.00   42.98
-231294.367   169.696    17.43   39.57
-230918.879   169.561    -0.36   40.53
-230543.404   178.752    24.48   45.14
-230167.945   194.761    42.65   41.40
-229792.500   206.127    30.28   30.82
-229417.070   207.394     3.38   28.88
-229041.654   197.085   -27.47   32.48
-228666.253   179.633   -46.50   36.28
-228290.867   169.609   -26.71   38.51
-227915.495   154.688   -39.76   36.49
-227540.138   149.046   -15.03   34.98
-227164.796   138.231   -28.82   33.38
-226789.468   130.121   -21.61   37.42
-226414.154   127.109    -8.03   39.16
-226038.855   131.775    12.44   40.41
-225663.571   132.656     2.35   41.93
-225288.301   135.680     8.06   33.63
-224913.046   126.883   -23.45   26.28
-224537.806   121.280   -14.94   13.95
-224162.580   124.468     8.50   14.76
-223787.368   132.278    20.82   24.23
-223412.171   143.956    31.13   31.80
-223036.989   155.950    31.97   35.09
-222661.821   160.984    13.42   31.61
-222286.668   163.037     5.47   28.49
-221911.529   158.871   -11.11   29.54
-221536.405   146.719   -32.40   31.64
-221161.296   134.896   -31.53   29.70
-220786.201   126.893   -21.34   29.24
-220411.120   113.213   -36.48   23.24
-220036.054   107.022   -16.51   16.35
-219661.003   111.371    11.60   24.37
-219285.966   122.894    30.73   29.83
-218910.943   139.975    45.55   31.77
-218535.935   150.550    28.20   30.98
-218160.942   140.689   -26.30   32.52
-217785.963   131.688   -24.01   34.62
-217410.998   127.161   -12.07   33.91
-217036.048   117.127   -26.77   34.89
-216661.113   121.566    11.84   36.76
-216286.192   127.871    16.82   33.36
-215911.286   134.121    16.67   28.63
-215536.394   125.468   -23.08   27.07
-215161.516   109.656   -42.19   23.42
-214786.653    99.493   -27.12   22.51
-214411.804    89.228   -27.39   16.11
-214036.970    79.517   -25.91   16.97
-213662.151    70.395   -24.34   20.00
-213287.346    60.990   -25.10   21.32
-212912.555    54.324   -17.79   18.47
-212537.779    51.561    -7.37   16.60
-212163.017    48.743    -7.52   15.18
-211788.270    52.299     9.49   15.69
-211413.537    51.859    -1.17   14.84
-211038.818    55.078     8.59   17.13
-210664.114    63.127    21.48   17.11
-210289.425    60.918    -5.90   18.72
-209914.749    56.014   -13.09   20.53
-209540.089    53.490    -6.74   18.46
-209165.442    55.109     4.32   18.12
-208790.810    63.883    23.42   20.95
-208416.193    73.810    26.50   18.03
-208041.590    83.871    26.86   24.38
-207667.001    82.823    -2.80   31.96
-207292.427    82.200    -1.66   37.35
-206917.867    78.127   -10.88   39.60
-206543.322    63.176   -39.92   34.80
-206168.791    50.746   -33.19   27.90
-205794.274    48.766    -5.29   25.66
-205419.772    45.319    -9.20   25.28
-205045.284    47.109     4.78   24.83
-204670.810    46.347    -2.03   23.15
-204296.351    46.347     0.00   23.49
-203921.906    42.952    -9.07   22.80
-203547.476    44.607     4.42   22.25
-203173.060    51.825    19.28   26.59
-202798.658    65.796    37.32   28.69
-202424.271    74.939    24.43   22.71
-202049.898    76.299     3.63   19.74
-201675.539    73.653    -7.07   17.48
-201301.195    81.052    19.77   22.99
-200926.865    95.858    39.56   24.16
-200552.550   107.871    32.10   24.06
-200178.249   118.487    28.37   20.81
-199803.962   123.322    12.92   21.92
-199429.689   112.348   -29.33   27.03
-199055.431    98.140   -37.97   27.64
-198681.187    84.966   -35.21   22.45
-198306.957    70.014   -39.96   16.12
-197932.742    61.752   -22.08   15.01
-197558.541    58.442    -8.85   15.02
-197184.355    53.907   -12.12   12.28
-196810.182    53.990     0.22   13.91
-196436.024    57.496     9.37   13.29
-196061.881    58.419     2.47   12.88
-195687.751    69.537    29.72   23.85
-195313.636    85.942    43.86   36.42
-194939.535    99.514    36.28   36.71
-194565.449   110.673    29.84   33.44
-194191.377   120.761    26.97   30.54
-193817.319   125.596    12.93   28.59
-193443.275   131.180    14.93   24.73
-193066.885   131.952     2.05   24.66
-192689.993   128.743    -8.52   25.90
-192313.115   127.871    -2.31   23.70
-191936.251   127.418    -1.20   20.19
-191559.402   135.493    21.43   18.20
-191182.567   146.323    28.74   15.83
-190805.747   153.466    18.96   14.61
-190428.941   158.228    12.64   12.21
-190052.149   157.871    -0.95   15.45
-189675.373   153.752   -10.93   19.89
-189298.610   150.541    -8.52   23.15
-188921.862   150.956     1.10   21.47
-188545.129   147.615    -8.87   18.52
-188168.410   144.444    -8.42   17.08
-187791.705   139.133   -14.10   17.21
-187415.015   135.932    -8.50   15.45
-187038.340   146.180    27.21   20.89
-186661.679   158.114    31.69   20.30
-186285.032   156.466    -4.38   25.17
-185908.400   138.493   -47.73   37.81
-185531.782   120.929   -46.64   35.88
-185155.179   108.133   -33.98   25.33
-184778.590   106.242    -5.02   24.95
-184402.015   106.712     1.25   25.28
-184025.455   108.858     5.70   20.51
-183648.909   110.061     3.19   16.73
-183272.378   111.688     4.32   14.74
-182895.861   116.292    12.23   13.29
-182519.359   123.416    18.93   17.64
-182142.871   130.473    18.75   20.15
-181766.397   138.419    21.11   21.61
-181389.938   145.789    19.58   19.48
-181013.493   152.986    19.12   20.93
-180637.062   167.734    39.18   25.49
-180260.646   175.217    19.88   24.13
-179884.245   184.185    23.83   26.92
-179507.857   190.836    17.67   26.55
-179131.484   198.394    20.09   24.66
-178755.126   210.734    32.79   23.61
-178378.782   224.686    37.08   20.15
-178002.452   242.052    46.15   31.25
-177626.136   258.444    43.56   27.88
-177249.835   263.278    12.85   25.84
-176873.549   257.014   -16.65   31.42
-176497.276   241.114   -42.26   29.62
-176121.018   240.212    -2.40   26.53
-175744.774   252.140    31.71   33.08
-175368.545   277.371    67.07   35.62
-174992.330   291.346    37.15   28.24
-174616.129   297.268    15.74   21.17
-174239.943   298.189     2.45   21.20
-173863.771   297.660    -1.41   19.60
-173487.613   298.102     1.18   17.77
-173111.470   299.275     3.12   22.45
-172735.341   305.810    17.37   22.57
-172359.226   315.439    25.61   23.13
-171983.126   324.807    24.91   20.21
-171607.040   324.799    -0.02   22.13
-171230.968   317.254   -20.06   25.91
-170854.910   302.761   -38.55   25.64
-170478.867   292.133   -28.27   23.65
-170102.838   296.671    12.07   32.88
-169726.824   306.633    26.50   36.06
-169350.823   308.468     4.88   31.80
-168974.837   299.347   -24.26   30.81
-168598.865   289.761   -25.50   27.67
-168222.908   278.680   -29.48   21.04
-167846.965   274.737   -10.49   20.00
-167471.036   274.737     0.00   15.80
-167095.121   277.468     7.27   17.85
-166719.221   285.275    20.77   21.10
-166343.334   292.775    19.96   24.76
-165967.463   302.278    25.28   27.73
-165591.605   310.743    22.53   29.84
-165215.761   320.894    27.01   30.26
-164839.932   335.054    37.68   28.67
-164464.117   349.176    37.58   21.62
-164088.317   358.466    24.72   17.49
-163712.530   365.061    17.55   18.65
-163336.758   370.466    14.38   23.69
-162961.000   378.005    20.07   26.09
-162585.256   390.196    32.45   29.67
-162209.527   393.061     7.63   30.97
-161833.811   388.704   -11.60   32.03
-161458.110   381.663   -18.74   27.95
-161082.423   371.785   -26.30   23.18
-160706.751   354.932   -44.87   25.31
-160331.092   348.371   -17.47   28.40
-159955.448   349.580     3.22   29.57
-159579.818   345.896    -9.81   27.77
-159204.202   343.918    -5.27   25.20
-158828.600   340.394    -9.38   20.85
-158453.013   338.371    -5.39   20.28
-158077.439   346.275    21.05   24.30
-157701.880   360.550    38.01   24.70
-157326.335   372.487    31.79   23.26
-156950.804   377.585    13.58   23.79
-156575.288   380.533     7.85   26.43
-156199.785   384.650    10.96   27.87
-155824.297   390.450    15.45   29.44
-155448.823   402.212    31.33   28.86
-155073.363   420.921    49.84   30.37
-154697.917   434.208    35.39   28.17
-154322.485   447.537    35.51   28.25
-153947.067   458.371    28.86   23.48
-153571.664   467.780    25.07   18.18
-153196.275   471.448     9.77   14.05
-152820.900   470.224    -3.26   13.38
-152445.538   462.942   -19.40   19.25
-152070.192   456.810   -16.34   25.75
-151694.859   441.257   -41.44   33.10
-151319.540   423.423   -47.52   33.49
-150944.236   405.680   -47.28   34.39
-150568.945   388.510   -45.76   27.36
-150193.669   378.085   -27.78   25.16
-149818.407   369.609   -22.59   22.35
-149443.159   365.063   -12.12   21.91
-149067.925   368.394     8.88   24.16
-148692.705   374.396    16.00   33.31
-148317.499   391.990    46.90   38.14
-147942.307   403.228    29.96   29.24
-147567.130   406.418     8.50   22.35
-147191.966   398.322   -21.58   21.62
-146816.817   384.204   -37.64   24.63
-146441.681   367.980   -43.25   23.36
-146066.560   351.626   -43.60   20.99
-145691.453   337.656   -37.25   18.66
-145316.359   327.984   -25.79   15.93
-144941.280   323.371   -12.30   13.82
-144566.215   331.395    21.40   22.77
-144191.164   343.221    31.53   26.58
-143816.127   358.346    40.34   24.38
-143441.104   366.929    22.89   21.60
-143066.096   364.847    -5.55   21.31
-142691.101   359.394   -14.54   25.84
-142316.120   348.442   -29.21   29.32
-141941.153   332.297   -43.06   29.03
-141566.201   321.321   -29.28   23.37
-141191.262   318.394    -7.81   22.10
-140816.337   309.907   -22.64   19.38
-140441.427   307.180    -7.27   18.79
-140066.530   303.823    -8.96   14.91
-139691.647   303.249    -1.53   17.69
-139316.779   306.418     8.46   18.57
-138941.924   321.550    40.37   26.97
-138567.084   340.234    49.85   37.25
-138192.257   367.275    72.15   33.63
-137817.444   383.394    43.01   16.27
-137442.646   384.208     2.17   15.19
-137067.861   376.765   -19.86   16.12
-136693.091   366.098   -28.47   18.33
-136318.334   350.871   -40.64   23.25
-135943.591   339.883   -29.32   23.78
-135568.863   327.918   -31.93   23.95
-135194.148   320.730   -19.19   24.24
-134819.447   314.916   -15.52   23.99
-134444.761   305.213   -25.90   21.82
-134070.088   295.517   -25.88   20.38
-133695.429   285.161   -27.64   18.11
-133320.784   274.249   -29.13   13.45
-132946.153   272.802    -3.86   13.66
-132571.536   273.627     2.20   17.86
-132196.933   282.037    22.45   22.74
-131822.344   294.609    33.56   25.08
-131447.769   307.514    34.46   26.61
-131073.208   325.537    48.12   21.03
-130698.661   335.946    27.79   15.12
-130324.127   339.419     9.28    8.93
-129949.608   334.493   -13.16   13.11
-129575.102   319.537   -39.94   20.42
-129200.611   300.252   -51.50   22.16
-128826.133   288.156   -32.30   22.67
-128451.669   275.022   -35.08   19.26
-128077.220   269.650   -14.35   16.72
-127702.784   271.493     4.92   18.46
-127328.362   283.446    31.93   22.06
-126953.954   299.932    44.04   23.05
-126579.559   315.882    42.61   19.70
-126205.179   327.418    30.82   14.96
-125830.813   334.394    18.64   11.36
-125456.460   334.942     1.46   12.90
-125082.121   325.297   -25.77   19.42
-124707.797   316.496   -23.52   20.84
-124333.486   318.371     5.01   22.40
-123959.189   324.005    15.05   22.86
-123584.905   327.323     8.87   21.10
-123210.636   325.585    -4.64   20.07
-122836.381   320.590   -13.35   20.73
-122462.139   317.752    -7.59   16.28
-122087.911   321.960    11.25   14.31
-121713.698   324.916     7.90   16.71
-121339.498   326.894     5.29   19.91
-120965.311   324.990    -5.09   24.67
-120591.139   321.823    -8.46   25.56
-120216.981   318.140    -9.84   26.94
-119842.836   314.439    -9.89   28.35
-119468.705   309.191   -14.03   27.93
-119094.588   301.663   -20.12   28.42
-118720.485   291.224   -27.91   27.29
-118345.643   285.761   -14.58   24.13
-117968.782   283.052    -7.19   23.51
-117591.935   280.081    -7.89   20.92
-117215.102   272.663   -19.69   22.45
-116838.284   265.275   -19.61   21.84
-116461.479   257.663   -20.20   19.05
-116084.688   253.007   -12.36   15.77
-115707.912   250.832    -5.77   15.72
-115331.149   254.799    10.53   18.65
-114954.400   259.533    12.57   17.00
-114577.666   261.200     4.42   14.07
-114200.945   259.078    -5.63   15.56
-113824.239   253.196   -15.62   17.31
-113447.546   243.180   -26.59   16.51
-113070.867   232.078   -29.48   20.58
-112694.203   227.109   -13.19   20.38
-112317.552   226.932    -0.47   21.78
-111940.916   233.346    17.03   23.95
-111564.293   250.444    45.40   23.02
-111187.684   265.468    39.90   21.26
-110811.090   282.299    44.70   23.40
-110434.509   297.537    40.47   16.90
-110057.942   302.918    14.29   10.38
-109681.389   301.823    -2.91   12.53
-109304.850   295.585   -16.57   15.31
-108928.325   283.663   -31.66   19.66
-108551.815   275.224   -22.42   21.15
-108175.318   273.566    -4.41   19.88
-107798.835   266.301   -19.30   19.22
-107422.365   259.894   -17.02   21.10
-107045.910   249.836   -26.72   21.39
-106669.469   241.656   -21.73   15.34
-106293.042   243.621     5.22   16.15
-105916.628   252.590    23.83   17.15
-105540.229   261.444    23.52   16.79
-105163.843   273.566    32.21   20.00
-104787.472   287.196    36.22   19.25
-104411.114   300.990    36.65   16.28
-104034.770   310.935    26.43    9.32
-103658.441   314.037     8.24    7.51
-103282.125   314.078     0.11    7.77
-102905.823   311.490    -6.88    8.55
-102529.534   305.883   -14.90   11.67
-102153.260   296.344   -25.35   16.47
-101777.000   285.552   -28.68   19.92
-101400.753   269.029   -43.92   21.87
-101024.521   258.102   -29.05   20.53
-100648.302   248.249   -26.19   20.14
-100272.097   241.976   -16.68   22.89
 -99895.906   240.121    -4.93   26.91
 -99519.729   241.319     3.19   29.18
 -99143.566   244.228     7.73   30.06
 -98767.417   247.766     9.41   27.65
 -98391.281   252.166    11.70   20.74
 -98015.159   243.280   -23.63   22.17
 -97639.052   235.807   -19.87   21.87
 -97262.958   220.466   -40.79   23.04
 -96886.878   203.085   -46.22   20.53
 -96510.811   188.621   -38.46   20.61
 -96134.759   178.007   -28.23   13.46
 -95758.721   174.660    -8.90   10.91
 -95382.696   181.464    18.09   19.15
 -95006.685   193.394    31.73   25.38
 -94630.688   206.371    34.51   26.85
 -94254.705   224.836    49.12   21.16
 -93878.735   232.755    21.07   12.92
 -93502.780   231.871    -2.35   11.57
 -93126.838   225.737   -16.32   15.77
 -92750.910   214.688   -29.39   16.59
 -92374.996   206.541   -21.67   15.19
 -91999.095   204.883    -4.41   15.36
 -91623.209   208.673    10.08   17.43
 -91247.336   214.971    16.76   12.72
 -90871.477   218.444     9.24   10.31
 -90495.632   216.737    -4.54   11.93
 -90119.801   213.663    -8.18   10.73
 -89743.983   211.180    -6.61    9.36
 -89368.179   212.394     3.23    6.86
 -88992.389   211.571    -2.19    7.57
 -88616.613   209.746    -4.86   10.26
 -88240.850   207.061    -7.14    9.76
 -87865.102   203.037   -10.71    9.49
 -87489.367   197.906   -13.66   11.90
 -87113.645   193.615   -11.42   13.31
 -86737.938   187.196   -17.09   14.54
 -86362.244   184.810    -6.35   15.33
 -85986.564   180.952   -10.27   18.08
 -85610.898   176.761   -11.16   18.64
 -85235.246   170.775   -15.93   19.13
 -84859.607   162.846   -21.11   19.35
 -84483.982   155.858   -18.60   17.85
 -84108.371   150.771   -13.55   15.24
 -83732.773   144.737   -16.07   12.69
 -83357.189   139.127   -14.94   11.90
 -82981.619   130.942   -21.79   12.34
 -82606.063   123.371   -20.16   11.01
 -82230.520   120.746    -6.99    9.45
 -81854.992   127.371    17.64   17.37
 -81479.476   136.550    24.45   19.17
 -81103.975   143.323    18.04   19.35
 -80728.487   148.775    14.52   19.38
 -80353.013   154.580    15.46   19.17
 -79977.553   163.228    23.03   16.10
 -79602.106   168.555    14.19   10.14
 -79226.673   164.212   -11.57   12.68
 -78851.254   151.871   -32.87   17.29
 -78475.848   138.561   -35.46   16.53
 -78100.456   132.609   -15.86   13.45
 -77725.078   135.371     7.36   16.73
 -77349.713   148.189    34.15   20.86
 -76974.362   163.345    40.38   15.32
 -76599.025   171.468    21.64   10.35
 -76223.701   173.127     4.42    8.35
 -75848.391   166.271   -18.27   12.31
 -75473.095   155.939   -27.53   15.08
 -75097.812   145.897   -26.76   14.93
 -74722.543   136.444   -25.19   15.12
 -74347.288   127.347   -24.24   15.26
 -73972.046   120.932   -17.10   13.85
 -73596.818   113.156   -20.72   11.71
 -73221.604   106.678   -17.27   12.26
 -72846.403    99.823   -18.27   13.37
 -72471.216    95.907   -10.44   12.81
 -72096.043    94.712    -3.19   14.13
 -71720.883    96.102     3.71   15.37
 -71345.736    96.468     0.98   15.26
 -70970.604    95.446    -2.73   14.39
 -70595.485    90.663   -12.75   13.45
 -70220.379    88.151    -6.70   13.42
 -69845.287    92.085    10.49   16.26
 -69470.209   101.680    25.58   18.53
 -69095.145   109.299    20.32   16.82
 -68720.094   117.394    21.59   13.08
 -68345.056   122.176    12.75    9.28
 -67970.032   123.444     3.38    8.23
 -67595.022   125.761     6.18    5.64
 -67220.025   125.271    -1.31    6.27
 -66845.042   121.102   -11.12    9.70
 -66470.073   117.561    -9.44    8.97
 -66095.117   114.609    -7.87   10.72
 -65720.175   115.775     3.11   12.04
 -65345.246   115.371    -1.08   13.57
 -64970.331   113.208    -5.77   15.70
 -64595.429   113.078    -0.35   14.05
 -64220.541   112.609    -1.25   11.01
 -63845.666   112.249    -0.96    8.16
 -63470.805   109.660    -6.91    8.04
 -63095.958   106.598    -8.17    8.60
 -62721.124   104.858    -4.64    8.53
 -62346.303   104.585    -0.73    8.65
 -61971.497   106.224     4.37    9.92
 -61596.703   108.114     5.04   11.38
 -61221.924   107.893    -0.59   13.27
 -60847.157   109.844     5.21   12.01
 -60472.405   113.127     8.76    8.92
 -60097.665   114.138     2.70    7.43
 -59722.940   115.273     3.03    5.97
 -59348.228   112.484    -7.44    7.51
 -58973.529   109.627    -7.63    7.75
 -58598.844   104.347   -14.09   10.92
 -58224.172   100.085   -11.38   11.23
 -57849.514    95.418   -12.46   12.49
 -57474.869    92.323    -8.26   13.57
 -57100.238    88.196   -11.02   14.79
 -56725.621    85.127    -8.19   15.04
 -56351.017    80.996   -11.03   14.55
 -55976.426    75.176   -15.54   12.83
 -55601.849    74.444    -1.95   12.05
 -55227.285    77.299     7.62   11.43
 -54852.735    80.688     9.05   11.55
 -54478.198    82.061     3.67    9.17
 -54103.675    78.907    -8.42   11.31
 -53729.165    72.246   -17.79   12.70
 -53354.669    65.054   -19.21   13.13
 -52980.186    59.894   -13.78   11.60
 -52605.716    59.932     0.10   13.08
 -52231.260    66.566    17.72   16.68
 -51856.818    76.442    26.38   14.23
 -51482.389    81.419    13.29   10.12
 -51107.973    81.422     0.01   10.64
 -50733.571    75.180   -16.67   11.37
 -50359.182    71.322   -10.31   10.89
 -49984.807    70.956    -0.98   12.61
 -49610.445    75.127    11.14   13.60
 -49236.096    79.807    12.50   10.14
 -48861.761    76.552    -8.69   11.42
 -48487.439    67.396   -24.46   14.62
 -48113.131    59.704   -20.55   13.50
 -47738.836    55.037   -12.47   12.74
 -47364.555    57.932     7.73   15.71
 -46990.287    66.689    23.40   15.25
 -46616.032    72.502    15.53    9.04
 -46241.791    70.254    -6.01    9.05
 -45867.563    63.671   -17.59   13.02
 -45493.349    55.394   -22.12   14.59
 -45119.148    44.176   -29.98   13.56
 -44744.960    35.063   -24.35   11.25
 -44370.786    26.743   -22.24   14.11
 -43996.625    16.502   -27.37   13.49
 -43622.478    13.021    -9.31   11.70
 -43246.407    17.127    10.92   16.85
 -42869.584    27.639    27.90   20.18
 -42492.775    40.585    34.36   13.69
 -42115.980    44.896    11.44    8.09
 -41739.198    41.171    -9.89   11.30
 -41362.430    34.346   -18.11   11.35
 -40985.675    28.680   -15.04   12.05
 -40608.934    25.656    -8.03   14.32
 -40232.206    23.929    -4.59   16.02
 -39855.492    21.127    -7.44   15.28
 -39478.792    19.271    -4.93   13.20
 -39102.105    15.466   -10.10    9.18
 -38725.431    12.585    -7.65    8.27
 -38348.771    11.466    -2.97    7.48
 -37972.125     8.615    -7.57    6.45
 -37595.492     6.121    -6.62    5.53
 -37218.873     4.566    -4.13    5.07
 -36842.267     4.061    -1.34    5.70
 -36465.674     3.956    -0.28    6.28
 -36089.096     7.609     9.70   10.55
 -35712.530    11.029     9.08   13.09
 -35335.979    16.541    14.64   13.19
 -34959.440    24.821    21.99   13.74
 -34582.916    34.466    25.62   15.88
 -34206.404    46.590    32.20   16.78
 -33829.907    55.590    23.91   10.36
 -33453.422    57.696     5.59    8.15
 -33076.952    53.450   -11.28   10.83
 -32700.494    44.394   -24.06   13.63
 -32324.051    35.102   -24.68   13.51
 -31947.620    26.395   -23.13   13.87
 -31571.204    17.566   -23.46   12.72
 -31194.800    11.883   -15.10   11.26
 -30818.410     5.696   -16.44    7.28
 -30442.034     2.832    -7.61    5.32
 -30065.671     0.942    -5.02    3.06
 -29689.322     0.037    -2.40    1.44
 -29312.986     0.371     0.89    2.30
 -28936.663     4.325    10.51    9.67
 -28560.354     9.986    15.04   15.34
 -28184.058    16.466    17.22   17.95
 -27807.776    26.078    25.55   18.54
 -27431.507    31.821    15.26   17.14
 -27055.252    44.757    34.38   18.97
 -26679.010    55.213    27.79   16.95
 -26302.782    62.603    19.64   14.22
 -25926.566    70.394    20.71   12.07
 -25550.365    74.966    12.15    9.84
 -25174.177    76.185     3.24    8.77
 -24798.002    75.935    -0.66    8.82
 -24421.841    73.275    -7.07    8.87
 -24045.693    70.054    -8.57    9.73
 -23669.558    64.371   -15.11   12.16
 -23293.437    53.633   -28.55   12.88
 -22917.329    43.896   -25.89   13.22
 -22541.235    30.037   -36.85   16.09
 -22165.154    18.696   -30.16   15.69
 -21789.086    11.761   -18.44   13.72
 -21413.032     5.746   -16.00    9.33
 -21036.992     2.444    -8.78    5.88
 -20660.964     1.346    -2.92    4.97
 -20284.950     1.323    -0.06    6.55
 -19908.950    -0.263    -4.22    3.10
 -19532.962    -0.751    -1.30    1.12
 -19156.988    -0.558     0.51    1.24
 -18781.028    -0.606    -0.13    1.09
 -18405.081    -0.653    -0.13    1.05
 -18029.147    -0.532     0.32    0.97
 -17653.227    -0.529     0.01    0.81
 -17277.319    -0.504     0.07    0.76
 -16901.426    -0.367     0.36    0.89
 -16525.545    -0.190     0.47    0.87
 -16149.678    -0.263    -0.19    0.94
 -15773.825     0.029     0.78    0.99
 -15397.984     0.127     0.26    1.14
 -15022.157     0.140     0.03    1.11
 -14646.344    -0.034    -0.46    1.31
 -14270.543    -0.142    -0.29    1.42
 -13894.756    -0.129     0.03    1.61
 -13518.982    -0.004     0.33    1.85
 -13143.222    -0.314    -0.82    1.90
 -12767.475    -0.152     0.43    2.09
 -12391.741    -0.117     0.09    1.83
 -12016.021    -0.459    -0.91    1.66
 -11640.314    -0.117     0.91    1.61
 -11264.620    -0.091     0.07    1.60
 -10888.939    -0.288    -0.53    1.26
 -10513.272    -0.117     0.46    1.54
 -10137.618     0.061     0.47    1.44
  -9761.977     0.180     0.32    1.38
  -9386.350     0.421     0.64    1.04
  -9010.736     0.871     1.20    1.05
  -8635.135     1.002     0.35    1.02
  -8259.547     1.061     0.16    1.00
  -7883.973     1.133     0.19    1.01
  -7508.412     1.054    -0.21    1.04
  -7132.864     1.075     0.06    1.05
  -6757.330     0.986    -0.24    1.14
  -6381.808     1.109     0.33    1.06
  -6006.300     0.847    -0.70    1.11
  -5630.806     0.442    -1.08    0.95
  -5255.324     0.419    -0.06    0.86
  -4879.856     0.446     0.07    1.02
  -4504.401     0.444    -0.00    0.98
  -4128.959     0.571     0.34    0.91
  -3753.531     0.639     0.18    0.98
  -3378.116     0.688     0.13    1.04
  -3002.714     0.823     0.36    1.31
  -2627.325     0.785    -0.10    1.41
  -2251.949     0.728    -0.15    1.41
  -1876.587     0.785     0.15    1.47
  -1501.238     0.646    -0.37    1.40
  -1125.902     0.346    -0.80    1.33
   -750.579     0.444     0.26    2.03
   -375.269     0.273    -0.45    1.99
      0.027    -0.020    -0.78    1.16
    375.310     0.371     1.04    1.09
    750.580     0.996     1.67    1.41
   1125.837     2.271     3.40    3.28
   1501.080     6.663    11.71   10.38
   1876.311    12.883    16.58   15.45
   2251.528    19.466    17.54   19.56
   2626.732    26.823    19.61   23.25
   3001.922    31.713    13.03   26.35
   3377.100    37.825    16.29   26.75
   3752.265    42.907    13.55   22.66
   4127.416    42.566    -0.91   18.49
   4502.554    38.346   -11.25   14.63
   4877.679    32.986   -14.29   14.28
   5252.791    28.507   -11.94   15.19
   5627.889    25.832    -7.13   14.67
   6002.975    23.322    -6.69   12.42
   6378.047    23.663     0.91   12.31
   6753.106    28.171    12.02   16.05
   7128.152    36.439    22.05   20.03
   7503.185    46.239    26.13   17.88
   7878.205    57.858    30.98   15.57
   8253.212    68.442    28.22   13.13
   8628.205    75.761    19.52   11.07
   9003.185    80.882    13.66    7.17
   9378.153    82.755     5.00    5.33
   9753.107    80.347    -6.42    7.18
  10128.048    73.633   -17.91    8.96
  10502.976    65.418   -21.91   11.44
  10877.890    54.688   -28.62   12.87
  11252.792    42.746   -31.85   15.15
  11627.681    29.271   -35.94   15.13
  12002.556    20.846   -22.47   10.96
  12377.419    23.883     8.10   14.21
  12752.268    36.514    33.69   19.44
  13127.104    49.823    35.51   18.03
  13501.927    61.323    30.68   11.69
  13876.737    68.561    19.31   10.97
  14251.534    76.633    21.54   11.51
  14626.318    84.571    21.18    9.29
  15001.089    90.322    15.35    9.55
  15375.846    93.846     9.40    9.73
  15750.591    96.054     5.89   10.95
  16125.322    98.907     7.62    8.87
  16500.041   100.418     4.03    5.98
  16874.746    99.180    -3.30    7.57
  17249.439    96.909    -6.06    8.50
  17624.118    97.098     0.50    8.08
  17998.784    99.932     7.56    8.13
  18373.437   105.323    14.39    8.80
  18748.078   112.639    19.53    9.71
  19122.705   119.114    17.28    8.51
  19497.319   123.143    10.76    7.08
  19871.920   124.499     3.62    8.06
  20246.508   122.273    -5.94   10.70
  20621.083   116.156   -16.33   11.59
  20995.645   110.571   -14.91   12.48
  21370.194   105.552   -13.40   10.42
  21744.730   102.160    -9.06    7.28
  22119.253    96.737   -14.48    8.66
  22493.763    89.109   -20.37    9.26
  22868.259    81.688   -19.82   10.43
  23242.743    70.014   -31.17   14.09
  23617.214    58.448   -30.89   16.33
  23991.672    52.176   -16.75   13.70
  24366.117    51.646    -1.42   14.23
  24740.549    60.468    23.56   18.41
  25114.968    70.907    27.88   18.31
  25489.374    81.054    27.10   13.51
  25863.766    90.761    25.93   12.47
  26238.146    98.663    21.11   10.54
  26612.513   106.712    21.50    8.52
  26986.867   111.395    12.51    6.17
  27361.208   113.078     4.50    4.71
  27735.536   111.942    -3.03    6.04
  28109.851   108.834    -8.30    8.35
  28484.154    99.810   -24.11   11.53
  28858.443    91.971   -20.94    9.57
  29232.719    90.656    -3.51    8.19
  29606.982    93.319     7.12   11.03
  29981.233   100.061    18.01   10.45
  30355.470   104.980    13.14    8.75
  30729.694   107.037     5.50    9.72
  31103.906   111.990    13.23    9.93
  31478.532   116.897    13.10   10.40
  31855.324   121.757    12.90   10.01
  32232.103   125.571    10.12    8.77
  32608.869   126.466     2.38    8.22
  32985.623   129.322     7.58    7.39
  33362.362   131.678     6.25    6.94
  33739.089   131.007    -1.78    7.48
  34115.803   126.499   -11.97   11.16
  34492.504   117.907   -22.81   12.38
  34869.191   107.133   -28.60   11.77
  35245.866    97.858   -24.62   10.71
  35622.527    91.348   -17.28   10.11
  35999.175    85.883   -14.51    9.36
  36375.810    82.271    -9.59   10.51
  36752.432    78.395   -10.29   10.83
  37129.041    72.639   -15.28   11.29
  37505.637    67.254   -14.30   11.35
  37882.220    60.055   -19.12   11.74
  38258.790    52.421   -20.27   12.75
  38635.346    42.200   -27.14   14.50
  39011.890    34.102   -21.50   13.14
  39388.421    32.883    -3.24   12.69
  39764.938    39.446    17.43   19.15
  40141.443    54.296    39.44   22.84
  40517.934    70.921    44.16   16.82
  40894.412    79.133    21.81   14.53
  41270.878    84.371    13.91   13.58
  41647.330    88.278    10.38   13.71
  42023.769    92.639    11.59   13.17
  42400.195    98.496    15.56   11.85
  42776.608   101.688     8.48    7.89
  43153.009   100.847    -2.23    7.21
  43529.396    94.609   -16.57    9.87
  43905.770    85.775   -23.47   11.91
  44282.131    75.046   -28.51   11.79
  44658.479    64.721   -27.43   14.59
  45034.814    54.996   -25.84   12.86
  45411.136    51.834    -8.40   11.19
  45787.445    55.224     9.01   16.09
  46163.741    63.371    21.65   20.18
  46540.024    75.663    32.67   19.79
  46916.294    86.012    27.50   14.84
  47292.551    91.633    14.94   13.90
  47668.795    96.127    11.94   11.60
  48045.026   102.204    16.15   13.05
  48421.244   110.883    23.07   14.89
  48797.449   120.765    26.27   15.00
  49173.641   132.052    30.00   13.80
  49549.820   142.246    27.10    9.05
  49925.986   146.883    12.33    6.63
  50302.139   146.297    -1.56    6.63
  50678.279   142.268   -10.71    8.08
  51054.407   138.280   -10.60    7.91
  51430.521   137.935    -0.92    8.26
  51806.622   142.395    11.86   11.66
  52182.711   150.663    21.98   10.54
  52558.786   155.242    12.18    7.25
  52934.848   157.325     5.54    5.83
  53310.898   157.713     1.03    4.84
  53686.935   155.590    -5.64    5.73
  54062.958   150.966   -12.30    8.84
  54438.969   143.761   -19.16   11.56
  54814.967   132.510   -29.92   13.66
  55190.951   124.935   -20.15   10.80
  55566.923   123.761    -3.12    9.26
  55942.882   128.180    11.75   11.27
  56318.828   137.078    23.67   11.18
  56694.762   146.005    23.74    8.64
  57070.682   152.621    17.60    7.55
  57446.589   155.696     8.18    5.00
  57822.484   154.909    -2.09    5.41
  58198.365   149.204   -15.18    8.04
  58574.234   143.639   -14.81    6.87
  58950.089   141.761    -5.00    5.92
  59325.932   141.834     0.19    6.08
  59701.762   142.546     1.89    5.94
  60077.579   141.956    -1.57    6.06
  60453.383   138.766    -8.49    6.56
  60829.175   136.566    -5.85    6.62
  61204.953   134.200    -6.30    5.86
  61580.719   133.796    -1.08    5.67
  61956.471   133.796     0.00    4.88
  62332.211   131.653    -5.70    5.60
  62707.938   126.761   -13.02    8.54
  63083.652   118.883   -20.97   11.15
  63459.353   110.029   -23.56   11.50
  63835.042    98.419   -30.90   11.97
  64210.717    87.950   -27.87   11.24
  64586.380    77.037   -29.05   12.37
  64962.030    66.345   -28.46   11.35
  65337.667    56.688   -25.71   10.27
  65713.291    49.037   -20.37    7.06
  66088.902    45.246   -10.09    3.76
  66464.500    43.766    -3.94    3.25
  66840.086    43.029    -1.96    4.26
  67215.659    39.728    -8.79    7.47
  67591.219    33.956   -15.37    8.83
  67966.766    29.297   -12.40    8.06
  68342.300    24.462   -12.88    3.91
  68717.822    22.755    -4.54    2.67
  69093.331    27.561    12.80   10.80
  69468.826    34.249    17.81   14.78
  69844.310    41.228    18.59   14.40
  70219.780    46.490    14.01   11.02
  70595.237    47.319     2.21   10.13
  70970.682    46.918    -1.07    8.75
  71346.114    47.846     2.47    8.95
  71721.533    49.590     4.65    9.27
  72096.939    52.224     7.02   10.30
  72472.333    53.761     4.09   10.06
  72847.714    56.176     6.43    9.70
  73223.082    56.883     1.88   10.54
  73598.437    56.639    -0.65    9.84
  73973.779    57.585     2.52    9.66
  74349.109    57.180    -1.08   10.19
  74724.426    59.990     7.49   10.46
  75099.730    61.442     3.87   11.11
  75475.021    63.078     4.36   11.59
  75850.300    65.704     7.00   12.01
  76225.566    64.646    -2.82   11.74
  76600.819    66.471     4.86   11.91
  76976.059    68.712     5.97   12.29
  77351.287    70.224     4.03   11.17
  77726.502    73.541     8.84    9.99
  78101.704    77.109     9.51    9.40
  78476.893    81.807    12.52   10.80
  78852.070    86.734    13.13   12.33
  79227.234    90.346     9.63   11.55
  79602.385    93.127     7.41   10.74
  79977.524    96.444     8.84   10.17
  80352.650   100.239    10.12   11.04
  80727.763   106.984    17.98   11.63
  81102.863   115.296    22.16    9.27
  81477.951   120.956    15.09    7.99
  81853.026   128.133    19.13    9.14
  82228.088   134.781    17.72    9.71
  82603.138   142.530    20.66    9.83
  82978.174   148.217    15.16    6.78
  83353.199   149.871     4.41    5.49
  83728.210   149.712    -0.42    7.01
  84103.209   147.541    -5.79    8.03
  84478.195   143.275   -11.38    9.08
  84853.168   139.160   -10.97   10.59
  85228.129   136.646    -6.71   12.09
  85603.077   135.656    -2.64   12.78
  85978.013   138.371     7.24   12.62
  86352.935   145.799    19.81   12.84
  86727.845   151.029    13.95   10.29
  87102.743   153.946     7.78    9.09
  87477.628   153.296    -1.73   11.56
  87852.500   147.102   -16.52   13.36
  88227.359   136.980   -27.00   16.26
  88602.206   131.346   -15.03   14.11
  88977.040   130.894    -1.20   11.40
  89351.861   134.541     9.73   11.61
  89726.670   142.371    20.89   12.29
  90101.467   151.960    25.58   13.20
  90476.250   160.468    22.70   13.65
  90851.021   167.956    19.98   14.38
  91225.779   170.737     7.42   15.25
  91600.525   169.971    -2.04   13.55
  91975.258   165.107   -12.98   14.01
  92349.979   157.650   -19.90   12.42
  92724.686   152.217   -14.50   11.80
  93099.382   150.942    -3.40   13.84
  93474.064   152.127     3.16   13.45
  93848.734   157.046    13.13   11.96
  94223.392   161.848    12.82    9.29
  94598.037   166.344    12.00    7.14
  94972.669   169.347     8.01    5.44
  95347.288   170.394     2.80    4.23
  95721.895   167.956    -6.51    6.82
  96096.490   163.487   -11.93    8.27
  96471.072   158.448   -13.45    9.52
  96845.641   154.490   -10.57   10.44
  97220.198   149.663   -12.88   12.36
  97594.742   143.537   -16.35   12.61
  97969.273   135.834   -20.57   13.03
  98343.792   129.146   -17.86   11.93
  98718.299   123.521   -15.02   10.48
  99092.792   123.114    -1.09   11.13
  99467.274   124.493     3.68   14.33
  99841.742   129.942    14.55   16.08
 100216.199   136.228    16.79   11.47
 100590.642   136.180    -0.13   10.23
 100965.073   134.728    -3.88   10.38
 101339.492   127.224   -20.04   12.05
 101713.898   116.571   -28.45   12.63
 102088.291   105.046   -30.78   16.26
 102462.672    94.696   -27.64   13.74
 102837.041    91.541    -8.42   10.57
 103211.396    91.371    -0.46   11.08
 103585.740    95.156    10.11   14.30
 103960.070   102.109    18.57   17.91
 104334.389   108.550    17.21   16.71
 104708.694   111.871     8.87   14.86
 105082.988   116.102    11.30   11.38
 105457.268   121.029    13.16   10.94
 105831.537   128.980    21.24   11.16
 106205.792   138.448    25.29   10.32
 106581.569   147.189    23.26    9.69
 106958.325   153.448    16.61    6.61
 107335.069   155.996     6.76    5.64
 107711.799   157.151     3.07    8.59
 108088.517   159.781     6.98   10.29
 108465.223   163.231     9.16   11.57
 108841.916   167.739    11.97   10.36
 109218.596   172.096    11.56    7.99
 109595.263   176.297    11.15    4.69
 109971.918   178.688     6.35    4.51
 110348.560   179.609     2.45    4.68
 110725.189   178.897    -1.89    5.65
 111101.806   175.471    -9.10    7.33
 111478.410   169.446   -16.00    9.05
 111855.002   164.127   -14.12    9.92
 112231.581   160.102   -10.69   10.10
 112608.147   162.021     5.09   11.81
 112984.701   165.781     9.99   11.23
 113361.242   168.571     7.41    9.45
 113737.770   166.633    -5.15   11.46
 114114.286   160.200   -17.08   14.20
 114490.789   156.894    -8.78   13.51
 114867.279   156.419    -1.26   13.60
 115243.757   157.678     3.34   15.10
 115620.223   156.846    -2.21   15.28
 115996.675   151.980   -12.92   15.05
 116373.116   147.737   -11.27   14.51
 116749.543   142.517   -13.86   12.60
 117125.958   135.971   -17.39   12.64
 117502.360   131.246   -12.55   10.75
 117878.750   128.746    -6.64    8.77
 118255.127   130.273     4.06    9.77
 118631.492   135.615    14.19   10.75
 119007.844   142.061    17.13    9.85
 119384.183   149.942    20.94    8.99
 119760.510   154.191    11.29    8.29
 120136.824   157.121     7.78    7.78
 120513.126   162.371    13.95    8.60
 120889.415   168.109    15.25   10.06
 121265.692   176.442    22.14   10.98
 121641.956   184.713    21.98    9.94
 122018.207   192.689    21.20   10.57
 122394.446   199.171    17.23    9.95
 122770.672   204.061    13.00    9.40
 123146.886   206.585     6.71    8.85
 123523.087   208.191     4.27    7.88
 123899.276   212.180    10.60    8.59
 124275.452   216.396    11.21    9.50
 124651.616   220.728    11.51    8.50
 125027.767   222.151     3.78    7.11
 125403.906   219.653    -6.64    8.30
 125780.032   214.299   -14.23    9.21
 126156.145   208.055   -16.60    9.21
 126532.246   201.054   -18.61   10.30
 126908.335   193.821   -19.23   10.30
 127284.411   187.590   -16.57   10.22
 127660.475   181.785   -15.43   10.69
 128036.526   175.971   -15.46   11.74
 128412.564   169.663   -16.77   11.18
 128788.590   162.796   -18.26   11.47
 129164.603   154.728   -21.45   14.20
 129540.604   146.971   -20.63   13.57
 129916.593   143.394    -9.51   11.26
 130292.569   142.468    -2.46   11.08
 130668.533   147.601    13.65   13.87
 131044.484   157.746    26.98   14.69
 131420.422   169.966    32.50   12.46
 131796.348   178.566    22.87   10.07
 132172.262   184.932    16.93    7.58
 132548.163   188.268     8.88    5.63
 132924.052   186.796    -3.92    7.39
 133299.928   180.971   -15.50   10.26
 133675.792   171.980   -23.92   11.71
 134051.643   161.249   -28.55   15.26
 134427.482   151.728   -25.33   14.01
 134803.308   147.275   -11.85   10.52
 135179.122   146.909    -0.97   11.06
 135554.924   153.007    16.22   13.61
 135930.713   163.541    28.03   13.12
 136306.490   172.005    22.52    9.67
 136682.254   178.752    17.95    7.84
 137058.006   184.029    14.04    6.58
 137433.745   188.906    12.98    6.08
 137809.472   194.571    15.08    5.96
 138185.186   200.442    15.63    9.14
 138560.889   209.275    23.51   11.03
 138936.578   215.807    17.38    9.70
 139312.255   220.204    11.70    7.75
 139687.920   223.960    10.00    8.39
 140063.573   224.200     0.64    9.11
 140439.213   224.054    -0.39    9.37
 140814.840   222.371    -4.48    7.61
 141190.456   218.590   -10.06    8.00
 141566.058   213.871   -12.56    7.56
 141941.649   207.200   -17.76    8.33
 142317.227   201.896   -14.12    7.31
 142692.793   198.249    -9.71    7.79
 143068.346   193.785   -11.88    9.11
 143443.887   191.176    -6.95   10.32
 143819.415   185.996   -13.79   11.44
 144194.931   181.196   -12.78   11.95
 144570.435   175.196   -15.98   12.37
 144945.927   171.537    -9.74   11.91
 145321.406   170.712    -2.20   12.87
 145696.872   170.639    -0.19   14.49
 146072.327   170.055    -1.56   16.49
 146447.769   167.146    -7.75   15.77
 146823.198   167.021    -0.33   14.17
 147198.615   171.810    12.76   13.58
 147574.020   178.249    17.15   13.54
 147949.413   183.847    14.91   10.05
 148324.793   182.109    -4.63   10.87
 148700.161   176.473   -15.01   11.74
 149075.517   173.575    -7.72   12.01
 149450.860   171.907    -4.44   10.91
 149826.191   170.671    -3.29   10.70
 150201.509   171.005     0.89    9.61
 150576.815   165.792   -13.89    9.64
 150952.109   159.962   -15.53    9.41
 151327.391   153.046   -18.43    9.34
 151702.660   145.346   -20.51   11.09
 152077.917   136.371   -23.92   11.15
 152453.162   130.627   -15.30    9.62
 152828.394   126.918    -9.88    8.45
 153203.614   125.213    -4.54    8.57
 153578.822   123.596    -4.31    7.34
 153954.018   123.176    -1.12    5.21
 154329.201   121.785    -3.71    4.51
 154704.372   119.737    -5.46    3.39
 155079.530   117.450    -6.10    2.50
 155454.677   115.696    -4.67    4.05
 155829.811   113.396    -6.13    4.08
 156204.932   110.752    -7.05    3.81
 156580.042   108.249    -6.67    3.11
 156955.139   106.323    -5.13    3.91
 157330.224   103.858    -6.57    4.01
 157705.297    99.986   -10.32    5.20
 158080.357    96.546    -9.17    5.89
 158455.405    92.346   -11.20    6.63
 158830.441    88.371   -10.60    7.47
 159205.465    84.444   -10.47    7.52
 159580.476    79.956   -11.97    6.45
 159955.475    76.688    -8.71    5.52
 160330.462    73.858    -7.55    4.29
 160705.437    72.156    -4.54    3.59
 161080.400    70.834    -3.53    2.90
 161455.350    70.858     0.07    2.94
 161830.288    71.200     0.91    3.15
 162205.213    72.502     3.47    3.15
 162580.127    74.962     6.56    5.02
 162955.028    78.471     9.36    5.88
 163329.917    81.421     7.87    5.25
 163704.794    84.615     8.52    2.54
 164079.659    85.140     1.40    2.45
 164454.511    85.484     0.92    3.01
 164829.351    86.345     2.30    3.30
 165204.179    86.846     1.34    3.34
 165578.995    85.419    -3.80    4.85
 165953.799    84.785    -1.69    5.08
 166328.590    84.151    -1.69    5.20
 166703.369    85.063     2.43    6.33
 167078.136    85.821     2.02    6.03
 167452.891    85.821     0.00    5.92
 167827.634    84.932    -2.37    5.26
 168202.364    85.054     0.33    4.54
 168577.083    86.834     4.75    6.54
 168951.789    90.761    10.48    6.80
 169326.483    95.221    11.90    5.21
 169701.165    98.396     8.47    3.35
 170075.834    99.810     3.77    2.32
 170450.492   101.246     3.83    1.91
 170825.137   102.468     3.26    2.07
 171199.770   104.151     4.49    2.76
 171574.391   106.176     5.40    4.37
 171949.000   108.550     6.34    4.77
 172323.596   111.180     7.02    5.15
 172698.181   113.029     4.94    4.20
 173072.753   114.395     3.65    3.65
 173447.314   116.371     5.27    3.51
 173821.862   117.832     3.90    3.55
 174196.398   120.757     7.81    4.35
 174570.922   123.524     7.39    4.31
 174945.433   126.566     8.12    3.65
 175319.933   129.005     6.51    2.78
 175694.420   130.846     4.92    2.97
 176068.896   133.916     8.20    4.29
 176443.359   136.976     8.17    4.25
 176817.810   139.396     6.46    3.76
 177192.249   140.894     4.00    2.22
 177566.676   140.883    -0.03    1.93
 177941.091   139.514    -3.66    2.86
 178315.493   136.935    -6.89    3.49
 178689.884   134.546    -6.38    4.54
 179064.263   130.576   -10.60    6.01
 179438.629   126.297   -11.43    6.94
 179812.983   122.761    -9.45    7.10
 180187.326   119.046    -9.92    5.81
 180561.656   116.200    -7.60    5.38
 180935.974   114.089    -5.64    4.86
 181310.402   110.883    -8.56    4.63
 181687.131   107.821    -8.13    5.48
 182063.847   104.980    -7.54    5.29
 182440.552   102.005    -7.90    3.51
 182817.244   100.171    -4.87    2.51
 183193.924    99.646    -1.39    2.72
 183570.592    99.871     0.60    4.42
 183947.248    99.737    -0.36    5.58
 184323.891    99.176    -1.49    5.76
 184700.522    99.419     0.65    5.50
 185077.141    99.646     0.60    5.02
 185453.748   100.002     0.95    4.19
 185830.343    99.231    -2.05    3.66
 186206.925    96.771    -6.53    4.18
 186583.495    94.121    -7.04    3.79
 186960.053    93.395    -1.93    4.42
 187336.599    94.242     2.25    6.27
 187713.132    98.348    10.90    8.17
 188089.654   102.755    11.70    7.30
 188466.163   104.296     4.09    5.84
 188842.660   104.663     0.98    4.49
 189219.145   103.627    -2.75    4.38
 189595.617   101.789    -4.88    5.37
 189972.078    99.607    -5.79    6.73
 190348.526    97.146    -6.54    8.15
 190724.962    94.127    -8.02    8.21
 191101.386    91.810    -6.15    6.80
 191477.798    92.029     0.58    5.65
 191854.198    95.792     9.99    5.77
 192230.585    96.921     3.00    4.28
 192606.961    96.471    -1.20    3.64
 192983.324    93.419    -8.11    4.96
 193359.675    88.932   -11.92    5.27
 193736.014    84.471   -11.85    5.53
 194112.340    80.114   -11.57    6.18
 194488.655    75.834   -11.37    6.00
 194864.957    72.980    -7.58    4.52
 195241.248    71.615    -3.63    3.86
 195617.526    71.323    -0.77    4.39
 195993.792    71.395     0.19    4.95
 196370.046    71.792     1.05    5.65
 196746.288    70.421    -3.64    4.66
 197122.517    69.646    -2.06    4.21
 197498.735    68.346    -3.45    2.86
 197874.940    67.761    -1.56    1.90
 198251.134    67.217    -1.45    2.69
 198627.315    66.992    -0.60    3.76
 199003.484    66.371    -1.65    4.25
