# NaN NaN NaN ;Mean Elev.(m), Avg Gradient(m/km), RMS Gradient(m/km) - SRTM1     
#   30.959  -0.738   3.070 ;Mean Elev.(m), Avg Gradient(m/km), RMS Gradient(m/km) - ASTER GDEM
#   39.464  -1.264   4.451 ;Mean Elev.(m), Avg Gradient(m/km), RMS Gradient(m/km) - GMTED2010 
  7    23.973 52447.56752930 26.10 301.143330 -28.045735 12.874
  7    23.698 52447.56752994 20.66 301.142470 -28.049015 12.874
  7    23.538 52447.56753059 19.42 301.141600 -28.052295 12.874
  7    23.580 52447.56753123 18.09 301.140740 -28.055575 12.874
  7    23.642 52447.56753188 17.78 301.139870 -28.058865 12.874
  7    24.024 52447.56753252 28.70 301.139010 -28.062145 12.874
  7    24.184 52447.56753317 25.23 301.138150 -28.065425 12.874
  7    23.769 52447.56753381 17.89 301.137280 -28.068705 12.874
  7    24.811 52447.56753446 15.93 301.136420 -28.071995 12.874
  7    25.189 52447.56753510 16.09 301.135550 -28.075275 12.874
  7    25.365 52447.56753575 16.85 301.134690 -28.078555 12.874
  8    42.700 52482.56751036 21.66 301.162506 -28.004300 11.862
  8    42.699 52482.56751100 21.06 301.161646 -28.007590 11.862
  8    42.805 52482.56751165 19.57 301.160786 -28.010870 11.862
  8    44.167 52482.56751358 27.08 301.158196 -28.020720 11.862
  8    42.955 52482.56751423 26.31 301.157326 -28.024000 11.862
  8    42.828 52482.56751487 27.60 301.156466 -28.027280 11.862
  8    42.668 52482.56751551 26.45 301.155596 -28.030560 11.862
  8    42.321 52482.56751616 25.82 301.154736 -28.033850 11.862
  8    42.100 52482.56751680 26.41 301.153876 -28.037130 11.862
  8    42.238 52482.56751745 23.61 301.153006 -28.040410 11.862
  8    44.494 52482.56751809 19.25 301.152146 -28.043690 11.862
  8    49.465 52482.56751874 17.86 301.151286 -28.046980 11.862
  8    52.574 52482.56751938 16.62 301.150416 -28.050260 11.862
  8    50.619 52482.56752003 17.37 301.149556 -28.053540 11.862
  8    53.625 52482.56752067 19.06 301.148686 -28.056830 11.862
  8    47.980 52482.56752132 20.30 301.147823 -28.060111  9.642
  8    41.812 52482.56752196 28.84 301.146963 -28.063391  9.642
  8    44.471 52482.56752261 26.37 301.146093 -28.066671  9.642
  8    41.764 52482.56752325 37.47 301.145233 -28.069951  9.642
  9    60.160 52517.56746617 12.20 301.170051 -28.004667  5.783
  9    59.766 52517.56746681 12.94 301.169181 -28.007947  5.783
  9    58.297 52517.56746745 12.68 301.168321 -28.011237  5.783
  9    56.398 52517.56746810 12.98 301.167461 -28.014517  5.783
  9    53.751 52517.56746874 14.32 301.166591 -28.017797  5.783
  9    49.600 52517.56746939 14.12 301.165731 -28.021077  5.783
  9    41.933 52517.56747003 14.47 301.164871 -28.024367  5.783
  9    42.044 52517.56747068 15.34 301.164009 -28.027640  7.764
  9    41.867 52517.56747132 15.96 301.163139 -28.030930  7.764
  9    41.793 52517.56747197 20.34 301.162279 -28.034210  7.764
  9    41.935 52517.56747261 22.08 301.161409 -28.037490  7.764
  9    41.833 52517.56747326 20.89 301.160549 -28.040780  7.764
  9    41.593 52517.56747390 21.44 301.159689 -28.044060  7.764
  9    45.354 52517.56747455 14.44 301.158819 -28.047340  7.764
  9    49.189 52517.56747519 12.96 301.157959 -28.050620  7.764
  9    49.550 52517.56747584 13.39 301.157099 -28.053910  7.764
 10    42.363 52552.56752367 24.05 301.146026 -28.044196 12.545
 10    42.426 52552.56752431 16.30 301.145156 -28.047476 12.545
 10    46.683 52552.56752496 15.62 301.144296 -28.050756 12.545
 10    48.729 52552.56752560 15.09 301.143436 -28.054046 12.545
 10    48.870 52552.56752625 15.64 301.142566 -28.057326 12.545
 10    45.743 52552.56752689 17.58 301.141706 -28.060606 12.545
 10    50.617 52552.56752754 15.88 301.140836 -28.063886 12.545
 10    50.629 52552.56752818 15.81 301.139976 -28.067176 12.545
 10    59.722 52552.56752883 13.91 301.139106 -28.070456 12.545
 10    59.733 52552.56752947 14.47 301.138246 -28.073736 12.545
 11    60.655 52587.56749390 13.09 301.169426 -28.004977  4.499
 11    60.678 52587.56749454 12.79 301.168556 -28.008257  4.499
 11    60.292 52587.56749519 12.68 301.167696 -28.011537  4.499
 11    60.381 52587.56749583 12.02 301.166836 -28.014827  4.499
 11    56.222 52587.56749648 14.51 301.165966 -28.018107  4.499
 11    58.095 52587.56749712 14.99 301.165106 -28.021387  4.499
 11    55.361 52587.56749777 17.68 301.164246 -28.024667  4.499
 11    56.267 52587.56749841 15.35 301.163376 -28.027957  4.499
 11    55.915 52587.56749906 16.53 301.162516 -28.031237  4.499
 11    55.529 52587.56749970 16.06 301.161646 -28.034517  4.499
 11    45.059 52587.56750035 17.05 301.160786 -28.037807  4.499
 11    52.627 52587.56750099 16.37 301.159926 -28.041087  4.499
 11    51.746 52587.56750164 16.49 301.159056 -28.044367  4.499
 11    53.351 52587.56750228 15.70 301.158196 -28.047647  4.499
 11    54.454 52587.56750292 14.79 301.157326 -28.050937  4.499
 11    45.567 52587.56750357 20.01 301.156464 -28.054219 12.955
 12    44.016 52622.56745618 24.39 301.167650 -28.004377  7.817
 12    43.822 52622.56745683 22.69 301.166790 -28.007657  7.817
 12    43.761 52622.56745747 22.52 301.165930 -28.010937  7.817
 12    44.016 52622.56745812 23.45 301.165060 -28.014227  7.817
 12    44.007 52622.56745876 27.82 301.164200 -28.017507  7.817
 12    44.011 52622.56745941 26.65 301.163340 -28.020787  7.817
 12    43.817 52622.56746005 26.22 301.162470 -28.024067  7.817
 12    43.727 52622.56746070 25.15 301.161610 -28.027357  7.817
 12    43.613 52622.56746134 23.94 301.160750 -28.030637  7.817
 12    43.616 52622.56746199 23.33 301.159880 -28.033917  7.817
 12    43.556 52622.56746263 23.39 301.159020 -28.037197  7.817
 12    43.677 52622.56746328 22.35 301.158160 -28.040487  7.817
 12    44.111 52622.56746392 21.21 301.157290 -28.043767  7.817
 12    45.111 52622.56746456 18.67 301.156430 -28.047047  7.817
 12    48.904 52622.56746521 17.75 301.155560 -28.050337  7.817
 12    48.953 52622.56746585 19.39 301.154702 -28.053610  5.917
 13    59.005 52657.56746622 14.13 301.167970 -28.002661  8.265
 13    58.399 52657.56746687 13.77 301.167110 -28.005941  8.265
 13    42.325 52657.56746751 15.08 301.166250 -28.009231  8.265
 13    42.368 52657.56746816 14.27 301.165384 -28.012513  7.568
 13    42.361 52657.56746880 14.45 301.164514 -28.015793  7.568
 13    42.520 52657.56746945 15.96 301.163654 -28.019073  7.568
 13    42.400 52657.56747009 17.63 301.162794 -28.022353  7.568
 13    42.507 52657.56747074 17.68 301.161924 -28.025643  7.568
 13    42.495 52657.56747138 17.55 301.161064 -28.028923  7.568
 13    42.170 52657.56747203 18.62 301.160194 -28.032203  7.568
 13    42.337 52657.56747267 19.23 301.159334 -28.035483  7.568
 13    42.429 52657.56747331 21.37 301.158474 -28.038773  7.568
 13    42.295 52657.56747396 17.08 301.157604 -28.042053  7.568
 13    42.046 52657.56747460 15.27 301.156744 -28.045333  7.568
 13    42.162 52657.56747525 14.18 301.155874 -28.048613  7.568
 13    48.004 52657.56747589 13.99 301.155014 -28.051903  7.568
 13    49.128 52657.56747654 13.40 301.154144 -28.055183  7.568
 15    43.444 52727.56749131 20.92 301.166937 -28.005179  5.583
 15    43.394 52727.56749196 19.79 301.166077 -28.008459  5.583
 15    43.318 52727.56749260 20.15 301.165217 -28.011739  5.583
 15    43.608 52727.56749325 19.90 301.164347 -28.015029  5.583
 15    43.371 52727.56749389 23.26 301.163487 -28.018309  5.583
 15    43.263 52727.56749453 22.86 301.162617 -28.021589  5.583
 15    43.117 52727.56749518 23.69 301.161757 -28.024869  5.583
 15    43.009 52727.56749582 22.72 301.160897 -28.028159  5.583
 15    42.943 52727.56749647 22.08 301.160027 -28.031439  5.583
 15    42.959 52727.56749711 22.13 301.159167 -28.034719  5.583
 15    43.006 52727.56749776 21.71 301.158297 -28.037999  5.583
 15    43.287 52727.56749840 19.32 301.157435 -28.041290  4.649
 15    44.098 52727.56749905 18.76 301.156575 -28.044570  4.649
 15    45.085 52727.56749969 18.29 301.155705 -28.047850  4.649
 15    48.480 52727.56750034 18.34 301.154845 -28.051130  4.649
 15    48.714 52727.56750098 18.80 301.153975 -28.054420  4.649
 16    42.626 52762.56750989 40.71 301.151595 -28.030989 32.144
 16    42.559 52762.56751054 44.15 301.150725 -28.034269 32.144
 16    42.527 52762.56751118 45.49 301.149865 -28.037549 32.144
 16    42.574 52762.56751183 47.15 301.149005 -28.040839 32.144
 16    42.589 52762.56751247 50.25 301.148141 -28.044113 22.556
 16    42.581 52762.56751312 50.61 301.147271 -28.047403 22.556
 16    42.540 52762.56751376 48.27 301.146411 -28.050683 22.556
 16    42.560 52762.56751440 48.02 301.145551 -28.053963 22.556
 16    42.472 52762.56751505 48.24 301.144681 -28.057253 22.556
 16    42.442 52762.56751569 48.45 301.143821 -28.060533 22.556
 16    42.302 52762.56751634 43.80 301.142951 -28.063813 22.556
 16    42.283 52762.56751698 41.70 301.142091 -28.067093 22.556
 16    42.259 52762.56751763 41.19 301.141231 -28.070383 22.556
 16    42.431 52762.56751827 46.94 301.140361 -28.073663 22.556
 17    59.192 52797.56746980 11.46 301.168638 -28.004672  5.908
 17    58.140 52797.56747045 13.05 301.167768 -28.007952  5.908
 17    57.763 52797.56747109 12.28 301.166908 -28.011232  5.908
 17    55.887 52797.56747174 12.00 301.166038 -28.014512  5.908
 17    41.961 52797.56747238 13.29 301.165175 -28.017802  6.982
 17    41.874 52797.56747302 13.39 301.164315 -28.021082  6.982
 17    42.030 52797.56747367 14.79 301.163445 -28.024362  6.982
 17    41.733 52797.56747431 16.64 301.162585 -28.027642  6.982
 17    41.779 52797.56747496 16.86 301.161715 -28.030932  6.982
 17    41.730 52797.56747560 18.42 301.160855 -28.034212  6.982
 17    41.810 52797.56747625 17.02 301.159985 -28.037492  6.982
 17    41.884 52797.56747689 14.66 301.159125 -28.040772  6.982
 17    45.425 52797.56747754 14.69 301.158265 -28.044062  6.982
 17    44.918 52797.56747818 14.39 301.157395 -28.047342  6.982
 17    48.136 52797.56747883 13.05 301.156535 -28.050622  6.982
 17    48.751 52797.56747947 13.30 301.155665 -28.053902  6.982
 18    58.281 52832.56754081 14.12 301.168473 -28.002455 19.991
 18    41.888 52832.56754146 15.75 301.167613 -28.005735 19.991
 18    56.468 52832.56754210 13.88 301.166743 -28.009015 19.991
 18    41.778 52832.56754275 14.64 301.165881 -28.012306 12.047
 18    41.543 52832.56754339 15.42 301.165021 -28.015586 12.047
 18    41.552 52832.56754404 16.26 301.164151 -28.018866 12.047
 18    41.630 52832.56754468 15.75 301.163291 -28.022146 12.047
 18    41.698 52832.56754533 16.35 301.162421 -28.025436 12.047
 18    41.552 52832.56754597 18.56 301.161561 -28.028716 12.047
 18    41.598 52832.56754662 18.03 301.160691 -28.031996 12.047
 18    41.600 52832.56754726 20.00 301.159831 -28.035276 12.047
 18    41.484 52832.56754791 21.58 301.158971 -28.038566 12.047
 18    41.477 52832.56754855 15.85 301.158101 -28.041846 12.047
 18    44.723 52832.56754920 15.84 301.157241 -28.045126 12.047
 18    41.226 52832.56754984 15.67 301.156371 -28.048406 12.047
 18    41.347 52832.56755048 15.37 301.155511 -28.051696 12.047
 18    41.500 52832.56755113 18.03 301.154641 -28.054976 12.047
 19    59.610 52867.56758411 12.37 301.171616 -28.005365  3.876
 19    59.236 52867.56758476 11.08 301.170756 -28.008645  3.876
 19    57.781 52867.56758540 11.50 301.169896 -28.011935  3.876
 19    56.950 52867.56758605 12.27 301.169026 -28.015215  3.876
 19    55.119 52867.56758669 12.67 301.168166 -28.018495  3.876
 19    53.652 52867.56758734 12.30 301.167296 -28.021775  3.876
 19    51.109 52867.56758798 12.40 301.166436 -28.025065  3.876
 19    41.337 52867.56758862 13.46 301.165576 -28.028345  3.876
 19    41.426 52867.56758927 14.22 301.164706 -28.031625  3.876
 19    44.081 52867.56758991 14.28 301.163846 -28.034915  3.876
 19    41.444 52867.56759056 15.68 301.162976 -28.038195  3.876
 19    44.118 52867.56759120 14.85 301.162116 -28.041475  3.876
 19    45.561 52867.56759185 18.44 301.161256 -28.044755  3.876
 19    45.424 52867.56759249 14.36 301.160386 -28.048045  3.876
 19    49.257 52867.56759314 14.35 301.159519 -28.051326 10.616
 20    41.804 52902.56760288 15.57 301.166024 -28.002357  8.399
 20    41.835 52902.56760353 16.48 301.165154 -28.005637  8.399
 20    41.893 52902.56760417 15.88 301.164294 -28.008917  8.399
 20    41.803 52902.56760482 13.52 301.163424 -28.012197  8.399
 20    41.458 52902.56760546 15.03 301.162564 -28.015487  8.399
 20    41.514 52902.56760611 15.14 301.161704 -28.018767  8.399
 20    41.550 52902.56760675 16.03 301.160834 -28.022047  8.399
 20    41.843 52902.56760739 16.78 301.159974 -28.025337  8.399
 20    41.799 52902.56760804 18.37 301.159114 -28.028617  8.399
 20    41.743 52902.56760868 22.70 301.158244 -28.031897  8.399
 20    41.815 52902.56760933 24.09 301.157384 -28.035177  8.399
 20    41.690 52902.56760997 26.55 301.156514 -28.038467  8.399
 20    41.392 52902.56761062 25.03 301.155655 -28.041749 14.973
 20    40.970 52902.56761126 23.05 301.154785 -28.045029 14.973
 20    40.406 52902.56761191 20.15 301.153925 -28.048309 14.973
 20    41.193 52902.56761255 15.08 301.153065 -28.051589 14.973
 20    47.903 52902.56761320 13.94 301.152195 -28.054879 14.973
 20    48.193 52902.56761384 16.06 301.151335 -28.058159 14.973
 20    41.727 52902.56761449 21.30 301.150465 -28.061439 14.973
 20    41.680 52902.56761513 30.80 301.149605 -28.064719 14.973
 20    41.487 52902.56761578 34.16 301.148745 -28.068009 14.973
 21    58.612 52937.56754219 15.29 301.167627 -28.005066  5.971
 21    57.133 52937.56754283 15.89 301.166757 -28.008356  5.971
 21    55.310 52937.56754348 16.93 301.165897 -28.011636  5.971
 21    41.697 52937.56754412 16.65 301.165037 -28.014916  5.971
 21    42.034 52937.56754477 15.39 301.164177 -28.018196  5.971
 21    41.926 52937.56754541 16.88 301.163307 -28.021486  5.971
 21    41.698 52937.56754606 16.75 301.162447 -28.024766  5.971
 21    41.606 52937.56754670 18.09 301.161577 -28.028046  5.971
 21    41.823 52937.56754735 19.29 301.160717 -28.031336  5.971
 21    42.187 52937.56754799 19.13 301.159857 -28.034616  5.971
 21    42.106 52937.56754863 18.91 301.158987 -28.037896  5.971
 21    42.205 52937.56754928 16.40 301.158127 -28.041176  5.971
 21    42.054 52937.56754992 15.13 301.157267 -28.044466  5.971
 21    41.631 52937.56755057 16.65 301.156403 -28.047739  6.703
 21    44.061 52937.56755121 14.23 301.155533 -28.051029  6.703
 21    48.793 52937.56755186 15.37 301.154673 -28.054309  6.703
 22    42.360 52972.56757333 22.17 301.162216 -28.003457  9.577
 22    42.250 52972.56757398 23.54 301.161356 -28.006747  9.577
 22    42.194 52972.56757462 20.85 301.160496 -28.010027  9.577
 22    42.237 52972.56757720 24.35 301.157035 -28.023159  8.920
 22    42.131 52972.56757784 28.88 301.156175 -28.026439  8.920
 22    42.080 52972.56757849 25.83 301.155305 -28.029719  8.920
 22    42.027 52972.56757913 21.94 301.154445 -28.032999  8.920
 22    41.867 52972.56757978 20.64 301.153575 -28.036289  8.920
 22    43.504 52972.56758042 19.26 301.152715 -28.039569  8.920
 22    44.215 52972.56758107 16.92 301.151845 -28.042849  8.920
 22    46.125 52972.56758171 16.62 301.150985 -28.046129  8.920
 22    43.972 52972.56758236 18.02 301.150125 -28.049419  8.920
 22    43.928 52972.56758300 18.81 301.149255 -28.052699  8.920
 22    44.005 52972.56758365 20.32 301.148395 -28.055979  8.920
 22    44.645 52972.56758429 18.24 301.147525 -28.059259  8.920
 22    44.359 52972.56758493 21.64 301.146665 -28.062549  8.920
 22    42.244 52972.56758558 31.35 301.145795 -28.065829  8.920
 22    43.420 52972.56758622 31.88 301.144935 -28.069109  8.920
 23    43.553 53007.56758450 25.39 301.158674 -28.009381 17.775
 23    43.387 53007.56758837 41.31 301.153494 -28.029071 17.775
 23    43.285 53007.56758901 30.30 301.152624 -28.032361 17.775
 23    43.278 53007.56758966 28.00 301.151764 -28.035635  9.458
 23    43.106 53007.56759030 25.83 301.150904 -28.038925  9.458
 23    43.158 53007.56759095 20.89 301.150034 -28.042205  9.458
 23    43.252 53007.56759159 19.62 301.149174 -28.045485  9.458
 23    43.239 53007.56759224 19.48 301.148304 -28.048765  9.458
 23    43.386 53007.56759288 18.81 301.147444 -28.052055  9.458
 23    44.081 53007.56759353 18.53 301.146574 -28.055335  9.458
 23    58.228 53007.56759417 17.97 301.145714 -28.058615  9.458
 23    44.331 53007.56759482 19.74 301.144854 -28.061905  9.458
 23    44.257 53007.56759546 23.31 301.143984 -28.065185  9.458
 23    44.283 53007.56759611 25.77 301.143124 -28.068465  9.458
 23    44.412 53007.56759675 26.12 301.142254 -28.071745  9.458
 24    43.247 53042.56753994 27.57 301.158142 -28.008582 14.670
 24    42.808 53042.56754381 39.96 301.152956 -28.028282 22.691
 24    42.897 53042.56754445 32.36 301.152086 -28.031562 22.691
 24    42.755 53042.56754510 24.69 301.151226 -28.034842 22.691
 24    42.721 53042.56754574 22.41 301.150356 -28.038132 22.691
 24    42.706 53042.56754639 20.12 301.149496 -28.041412 22.691
 24    42.016 53042.56754703 21.70 301.148636 -28.044692 22.691
 24    41.278 53042.56754768 24.23 301.147766 -28.047972 22.691
 24    42.697 53042.56754832 22.90 301.146906 -28.051262 22.691
 24    41.432 53042.56754896 25.14 301.146036 -28.054542 22.691
 24    41.490 53042.56754961 28.20 301.145176 -28.057822 22.691
 24    41.359 53042.56755025 35.02 301.144306 -28.061102 22.691
 24    41.849 53042.56755090 38.87 301.143446 -28.064392 22.691
 24    41.473 53042.56755154 44.62 301.142576 -28.067672 22.691
 24    41.261 53042.56755219 39.36 301.141716 -28.070952 22.691
 24    41.240 53042.56755283 31.12 301.140846 -28.074232 22.691
 25    41.807 53077.56757230 44.21 301.161500 -28.004786 30.682
 25    41.907 53077.56757294 43.98 301.160640 -28.008076 30.682
 25    41.611 53077.56757359 42.98 301.159780 -28.011356 30.682
 25    42.348 53077.56757616 31.99 301.156325 -28.024479 27.631
 25    41.865 53077.56757681 33.36 301.155455 -28.027769 27.631
 25    41.640 53077.56757745 36.33 301.154595 -28.031049 27.631
 25    41.598 53077.56757810 32.60 301.153735 -28.034329 27.631
 25    41.572 53077.56757874 31.43 301.152865 -28.037609 27.631
 25    41.488 53077.56757939 29.63 301.152005 -28.040899 27.631
 25    41.343 53077.56758003 32.73 301.151135 -28.044179 27.631
 25    41.239 53077.56758068 30.06 301.150275 -28.047459 27.631
 25    41.479 53077.56758132 35.19 301.149415 -28.050749 27.631
 25    41.485 53077.56758197 39.95 301.148545 -28.054029 27.631
 25    41.366 53077.56758261 40.85 301.147685 -28.057309 27.631
 25    41.279 53077.56758326 41.04 301.146815 -28.060589 27.631
 25    41.308 53077.56758390 41.69 301.145955 -28.063879 27.631
 25    41.333 53077.56758454 37.47 301.145095 -28.067159 27.631
 25    41.297 53077.56758519 44.90 301.144225 -28.070439 27.631
 26    41.085 53112.56755018 18.25 301.145626 -28.044627 21.422
 26    41.188 53112.56755082 21.74 301.144755 -28.047908 13.380
 26    41.164 53112.56755147 24.17 301.143895 -28.051188 13.380
 26    40.830 53112.56755211 23.04 301.143035 -28.054468 13.380
 26    40.726 53112.56755276 21.03 301.142165 -28.057748 13.380
 26    40.774 53112.56755340 18.80 301.141305 -28.061038 13.380
 26    40.937 53112.56755404 19.42 301.140435 -28.064318 13.380
 26    40.925 53112.56755469 23.08 301.139575 -28.067598 13.380
 26    40.820 53112.56755533 21.22 301.138705 -28.070878 13.380
 26    40.484 53112.56755598 20.64 301.137845 -28.074168 13.380
 27    42.442 53147.56758691 28.58 301.159969 -28.007346 15.544
 27    41.890 53147.56758755 26.89 301.159099 -28.010626 15.544
 27    42.250 53147.56759077 35.19 301.154780 -28.027037 19.925
 27    42.480 53147.56759142 29.89 301.153920 -28.030317 19.925
 27    42.380 53147.56759206 24.34 301.153050 -28.033607 19.925
 27    42.415 53147.56759271 22.28 301.152190 -28.036887 19.925
 27    42.341 53147.56759335 24.15 301.151320 -28.040167 19.925
 27    42.297 53147.56759400 31.21 301.150460 -28.043447 19.925
 27    42.362 53147.56759464 30.60 301.149600 -28.046737 19.925
 27    42.281 53147.56759529 28.62 301.148730 -28.050017 19.925
 27    42.081 53147.56759593 26.26 301.147870 -28.053297 19.925
 27    42.066 53147.56759658 27.97 301.147000 -28.056577 19.925
 27    42.091 53147.56759722 27.45 301.146140 -28.059867 19.925
 27    42.194 53147.56759787 27.62 301.145270 -28.063147 19.925
 27    42.138 53147.56759851 35.08 301.144410 -28.066427 19.925
 27    42.201 53147.56759915 42.37 301.143550 -28.069707 19.925
 27    42.156 53147.56759980 40.19 301.142680 -28.072997 19.925
 28    60.945 53182.56758776 16.59 301.170529 -28.003362  4.859
 28    60.724 53182.56758840 16.12 301.169669 -28.006642  4.859
 28    60.563 53182.56758905 15.60 301.168799 -28.009922  4.859
 28    60.030 53182.56758969 15.99 301.167939 -28.013212  4.859
 28    56.012 53182.56759034 16.19 301.167079 -28.016492  4.859
 28    57.788 53182.56759098 16.84 301.166209 -28.019772  4.859
 28    57.069 53182.56759163 16.79 301.165349 -28.023052  4.859
 28    56.057 53182.56759227 16.49 301.164479 -28.026342  4.859
 28    55.009 53182.56759292 16.28 301.163619 -28.029622  4.859
 28    57.088 53182.56759356 15.95 301.162759 -28.032902  4.859
 28    51.622 53182.56759421 15.97 301.161889 -28.036182  4.859
 28    49.469 53182.56759485 17.43 301.161028 -28.039473  8.895
 28    47.436 53182.56759550 19.31 301.160168 -28.042753  8.895
 28    45.555 53182.56759614 21.71 301.159298 -28.046033  8.895
 28    45.805 53182.56759678 21.65 301.158438 -28.049313  8.895
 28    45.266 53182.56759743 24.33 301.157568 -28.052603  8.895
 29    43.360 53217.56761203 50.34 301.164340 -28.004639 40.519
 29    43.341 53217.56761268 49.77 301.163480 -28.007929 40.519
 29    43.328 53217.56761332 45.90 301.162620 -28.011209 40.519
 29    43.307 53217.56761396 45.40 301.161750 -28.014489 40.519
 29    43.286 53217.56761461 49.21 301.160890 -28.017779 40.519
 29    43.266 53217.56761525 52.47 301.160030 -28.021059 40.519
 29    43.246 53217.56761590 51.67 301.159160 -28.024339 40.519
 29    43.227 53217.56761654 50.90 301.158300 -28.027619 40.519
 29    43.210 53217.56761719 50.12 301.157430 -28.030909 40.519
 29    43.187 53217.56761783 43.15 301.156571 -28.034191 33.229
 29    43.166 53217.56761848 45.25 301.155711 -28.037471 33.229
 29    43.148 53217.56761912 48.38 301.154841 -28.040751 33.229
 29    43.132 53217.56761977 52.75 301.153981 -28.044031 33.229
 29    43.114 53217.56762041 52.00 301.153111 -28.047321 33.229
 29    43.098 53217.56762106 50.37 301.152251 -28.050601 33.229
 29    43.080 53217.56762170 53.64 301.151391 -28.053881 33.229
 29    43.058 53217.56762235 51.13 301.150521 -28.057161 33.229
 29    43.039 53217.56762299 51.38 301.149661 -28.060451 33.229
 29    43.024 53217.56762363 52.15 301.148791 -28.063731 33.229
 29    42.998 53217.56762428 52.57 301.147931 -28.067011 33.229
 29    42.963 53217.56762492 40.02 301.147061 -28.070291 33.229
 30    41.943 53252.56758944 30.29 301.164900 -28.002233 19.469
 30    42.144 53252.56759008 30.98 301.164040 -28.005523 19.469
 30    42.047 53252.56759073 25.33 301.163180 -28.008803 19.469
 30    42.052 53252.56759137 22.60 301.162310 -28.012083 19.469
 30    41.841 53252.56759202 22.88 301.161450 -28.015363 19.469
 30    42.409 53252.56759266 23.44 301.160590 -28.018653 19.469
 30    42.296 53252.56759331 17.45 301.159720 -28.021933 19.469
 30    42.531 53252.56759395 18.91 301.158860 -28.025213 19.469
 30    42.466 53252.56759460 20.04 301.157990 -28.028503 19.469
 30    41.962 53252.56759524 23.38 301.157130 -28.031783 19.469
 30    41.963 53252.56759589 27.64 301.156270 -28.035063 19.469
 30    41.816 53252.56759653 27.00 301.155400 -28.038343 19.469
 30    41.829 53252.56759717 20.74 301.154540 -28.041633 19.469
 30    41.524 53252.56759782 17.22 301.153680 -28.044913 19.469
 30    40.766 53252.56759846 20.86 301.152810 -28.048193 19.469
 30    40.661 53252.56759911 23.33 301.151950 -28.051473 19.469
 30    40.425 53252.56759975 23.34 301.151090 -28.054763 19.469
 30    41.044 53252.56760040 17.85 301.150220 -28.058043 19.469
 30    47.920 53252.56760104 12.43 301.149360 -28.061323 19.469
 30    41.805 53252.56760169 23.63 301.148490 -28.064613 19.469
 30    41.865 53252.56760233 20.40 301.147630 -28.067885  9.349
 31    41.189 53287.56759716 22.92 301.144346 -28.046972 23.647
 31    41.513 53287.56759781 19.54 301.143476 -28.050252 23.647
 31    41.291 53287.56759845 18.90 301.142616 -28.053542 23.647
 31    41.002 53287.56759910 22.88 301.141746 -28.056822 23.647
 31    40.583 53287.56759974 23.47 301.140886 -28.060102 23.647
 31    41.717 53287.56760039 21.84 301.140026 -28.063382 23.647
 31    41.347 53287.56760103 24.26 301.139156 -28.066672 23.647
 31    40.942 53287.56760168 26.20 301.138296 -28.069952 23.647
 31    40.791 53287.56760232 23.27 301.137426 -28.073232 23.647
 31    40.599 53287.56760297 21.01 301.136556 -28.076512 23.647
 32    61.351 53322.56756420 19.43 301.172751 -28.003398 13.240
 32    61.240 53322.56756485 19.16 301.171891 -28.006688 13.240
 32    61.047 53322.56756549 19.93 301.171031 -28.009968 13.240
 32    60.793 53322.56756614 18.87 301.170161 -28.013248 13.240
 32    58.998 53322.56756678 19.56 301.169301 -28.016528 13.240
 32    55.081 53322.56756743 20.07 301.168441 -28.019818 13.240
 32    57.281 53322.56756807 19.60 301.167574 -28.023091 11.975
 32    56.709 53322.56756872 20.39 301.166704 -28.026381 11.975
 32    44.127 53322.56756936 20.59 301.165844 -28.029661 11.975
 32    45.340 53322.56757001 20.99 301.164984 -28.032941 11.975
 32    55.849 53322.56757065 19.79 301.164114 -28.036221 11.975
 32    45.513 53322.56757129 21.57 301.163254 -28.039511 11.975
 32    45.476 53322.56757194 22.49 301.162384 -28.042791 11.975
 32    45.557 53322.56757258 26.23 301.161524 -28.046071 11.975
 32    44.933 53322.56757323 28.41 301.160664 -28.049361 11.975
 33    61.203 53357.56753122 20.44 301.172125 -28.008562 13.571
 33    43.514 53357.56753186 20.61 301.171255 -28.011842 13.571
 33    43.570 53357.56753251 21.19 301.170395 -28.015122 13.571
 33    43.527 53357.56753315 20.95 301.169535 -28.018412 13.571
 33    44.515 53357.56753379 22.92 301.168665 -28.021686 17.524
 33    43.834 53357.56753444 21.97 301.167805 -28.024976 17.524
 33    43.563 53357.56753508 23.09 301.166945 -28.028256 17.524
 33    43.551 53357.56753573 22.33 301.166075 -28.031536 17.524
 33    43.507 53357.56753637 25.44 301.165215 -28.034816 17.524
 33    44.851 53357.56753702 27.34 301.164355 -28.038106 17.524
 33    43.368 53357.56753766 31.15 301.163485 -28.041386 17.524
 33    43.306 53357.56753831 33.61 301.162625 -28.044666 17.524
 34    43.207 53392.56754602 41.31 301.160467 -28.006836 16.942
 34    43.067 53392.56754666 29.70 301.159607 -28.010116 16.942
 34    43.126 53392.56754924 32.85 301.156143 -28.023247 16.487
 34    42.881 53392.56754988 33.86 301.155283 -28.026527 16.487
 34    43.114 53392.56755053 29.28 301.154413 -28.029817 16.487
 34    42.802 53392.56755117 27.56 301.153553 -28.033097 16.487
 34    42.466 53392.56755182 28.23 301.152693 -28.036377 16.487
 34    42.416 53392.56755246 27.85 301.151823 -28.039657 16.487
 34    42.680 53392.56755311 25.08 301.150963 -28.042947 16.487
 34    42.724 53392.56755375 24.28 301.150093 -28.046227 16.487
 34    42.567 53392.56755440 24.63 301.149233 -28.049507 16.487
 34    42.582 53392.56755504 24.41 301.148363 -28.052787 16.487
 34    42.515 53392.56755569 24.53 301.147503 -28.056077 16.487
 34    42.468 53392.56755633 25.28 301.146633 -28.059357 16.487
 34    42.779 53392.56755698 24.81 301.145773 -28.062637 16.487
 34    43.043 53392.56755762 36.04 301.144913 -28.065917 16.487
 34    43.199 53392.56755826 43.14 301.144043 -28.069207 16.487
 34    43.029 53392.56755891 41.05 301.143183 -28.072487 16.487
 35    42.870 53427.56754050 19.21 301.170736 -28.005081 11.365
 35    42.682 53427.56754114 20.22 301.169876 -28.008371 11.365
 35    42.578 53427.56754179 22.72 301.169006 -28.011651 11.365
 35    42.481 53427.56754243 19.69 301.168146 -28.014931 11.365
 35    42.579 53427.56754308 18.47 301.167286 -28.018221 11.365
 35    42.622 53427.56754372 16.68 301.166423 -28.021494  4.256
 35    42.504 53427.56754437 16.46 301.165553 -28.024784  4.256
 35    42.501 53427.56754501 15.48 301.164693 -28.028064  4.256
 35    42.511 53427.56754566 15.53 301.163823 -28.031344  4.256
 35    42.277 53427.56754630 15.07 301.162963 -28.034624  4.256
 35    42.586 53427.56754695 14.56 301.162103 -28.037914  4.256
 35    42.681 53427.56754759 15.38 301.161233 -28.041194  4.256
 35    42.618 53427.56754824 15.03 301.160373 -28.044474  4.256
 35    42.505 53427.56754888 13.89 301.159513 -28.047764  4.256
 35    48.980 53427.56754953 13.33 301.158643 -28.051044  4.256
 36    42.252 53462.56755676 20.99 301.166230 -28.003000  7.257
 36    42.302 53462.56755741 24.15 301.165360 -28.006290  7.257
 36    42.323 53462.56755805 26.23 301.164498 -28.009572 11.665
 36    42.184 53462.56755869 24.46 301.163638 -28.012852 11.665
 36    42.417 53462.56755934 19.90 301.162768 -28.016132 11.665
 36    42.324 53462.56755998 18.48 301.161908 -28.019412 11.665
 36    42.224 53462.56756063 16.86 301.161038 -28.022702 11.665
 36    42.565 53462.56756127 15.43 301.160178 -28.025982 11.665
 36    41.903 53462.56756192 17.94 301.159318 -28.029262 11.665
 36    42.109 53462.56756256 18.26 301.158448 -28.032542 11.665
 36    42.053 53462.56756321 23.38 301.157588 -28.035832 11.665
 36    41.914 53462.56756385 24.62 301.156718 -28.039112 11.665
 36    41.827 53462.56756450 23.98 301.155858 -28.042392 11.665
 36    41.389 53462.56756514 21.83 301.154988 -28.045672 11.665
 36    41.063 53462.56756579 17.76 301.154128 -28.048962 11.665
 36    40.602 53462.56756643 17.83 301.153258 -28.052242 11.665
 36    41.100 53462.56756708 14.80 301.152398 -28.055522 11.665
 36    40.696 53462.56756772 17.70 301.151538 -28.058802 11.665
 36    41.442 53462.56756836 17.69 301.150668 -28.062092 11.665
 36    41.700 53462.56756901 17.34 301.149808 -28.065372 11.665
 37    42.675 53497.56763679 29.48 301.148164 -28.038528 14.694
 37    43.330 53497.56763743 20.25 301.147304 -28.041808 14.694
 37    43.469 53497.56763808 20.59 301.146444 -28.045098 14.694
 37    45.776 53497.56763872 19.94 301.145574 -28.048378 14.694
 37    45.280 53497.56763937 19.58 301.144714 -28.051658 14.694
 37    47.078 53497.56764001 19.26 301.143844 -28.054938 14.694
 37    46.652 53497.56764066 20.89 301.142984 -28.058228 14.694
 37    44.192 53497.56764130 23.30 301.142114 -28.061508 14.694
 37    46.221 53497.56764195 21.47 301.141254 -28.064788 14.694
 37    53.363 53497.56764259 19.85 301.140394 -28.068068 14.694
 37    59.988 53497.56764324 17.55 301.139524 -28.071358 14.694
 37    53.948 53497.56764388 19.34 301.138664 -28.074638 14.694
 38    60.624 53532.56761123 23.88 301.169561 -28.005661 13.438
 38    61.006 53532.56761187 19.98 301.168691 -28.008941 13.438
 38    60.735 53532.56761252 18.40 301.167831 -28.012231 13.438
 38    42.197 53532.56761316 20.17 301.166969 -28.015503 10.747
 38    42.100 53532.56761381 21.50 301.166099 -28.018793 10.747
 38    42.202 53532.56761445 21.07 301.165239 -28.022073 10.747
 38    57.006 53532.56761510 19.74 301.164379 -28.025353 10.747
 38    56.230 53532.56761574 20.04 301.163509 -28.028643 10.747
 38    49.486 53532.56761639 19.92 301.162649 -28.031923 10.747
 38    50.290 53532.56761703 19.70 301.161779 -28.035203 10.747
 38    52.448 53532.56761767 19.69 301.160919 -28.038483 10.747
 38    54.118 53532.56761832 19.57 301.160059 -28.041773 10.747
 38    52.141 53532.56761896 20.04 301.159189 -28.045053 10.747
 38    56.022 53532.56761961 18.43 301.158329 -28.048333 10.747
 38    53.833 53532.56762025 20.31 301.157459 -28.051613 10.747
 40    41.543 53602.56757666 40.10 301.169412 -28.005084 22.741
 40    41.542 53602.56757731 39.20 301.168552 -28.008364 22.741
 40    41.236 53602.56757795 34.36 301.167692 -28.011644 22.741
 40    41.399 53602.56757860 41.06 301.166822 -28.014924 22.741
 40    41.365 53602.56757924 42.28 301.165962 -28.018214 22.741
 40    41.373 53602.56757989 44.12 301.165102 -28.021487 25.824
 40    41.281 53602.56758053 43.73 301.164232 -28.024777 25.824
 40    41.252 53602.56758118 43.28 301.163372 -28.028057 25.824
 40    41.175 53602.56758182 39.21 301.162512 -28.031337 25.824
 40    41.126 53602.56758247 33.08 301.161642 -28.034627 25.824
 40    41.182 53602.56758311 34.10 301.160782 -28.037907 25.824
 40    41.249 53602.56758376 33.43 301.159912 -28.041187 25.824
 40    41.205 53602.56758440 34.90 301.159052 -28.044467 25.824
 40    41.222 53602.56758505 37.99 301.158192 -28.047757 25.824
 40    41.219 53602.56758569 42.21 301.157322 -28.051037 25.824
 40    41.247 53602.56758634 43.78 301.156462 -28.054317 25.824
 41    41.831 53637.56758004 22.94 301.152131 -28.031222 13.613
 41    42.026 53637.56758069 23.12 301.151261 -28.034502 13.613
 41    41.948 53637.56758133 21.66 301.150401 -28.037782 13.613
 41    41.786 53637.56758198 16.86 301.149531 -28.041062 13.613
 41    41.704 53637.56758262 17.86 301.148671 -28.044352 13.613
 41    41.821 53637.56758327 16.72 301.147801 -28.047632 13.613
 41    41.676 53637.56758391 16.83 301.146941 -28.050912 13.613
 41    41.670 53637.56758456 15.77 301.146071 -28.054192 13.613
 41    41.885 53637.56758520 13.82 301.145211 -28.057482 13.613
 41    42.096 53637.56758585 13.26 301.144341 -28.060762 13.613
 41    42.347 53637.56758649 12.86 301.143481 -28.064042 13.613
 41    46.141 53637.56758713 12.70 301.142621 -28.067322 13.613
 41    45.645 53637.56758778 12.80 301.141751 -28.070612 13.613
 41    45.249 53637.56758842 11.32 301.140891 -28.073892 13.613
 42    43.225 53672.56759653 36.08 301.157885 -28.009106 23.291
 42    43.275 53672.56760040 40.21 301.152707 -28.028799 21.515
 42    43.311 53672.56760104 33.48 301.151837 -28.032089 21.515
 42    43.164 53672.56760169 27.69 301.150977 -28.035369 21.515
 42    43.160 53672.56760233 26.39 301.150107 -28.038649 21.515
 42    43.159 53672.56760298 21.41 301.149247 -28.041929 21.515
 42    42.955 53672.56760362 19.92 301.148387 -28.045219 21.515
 42    42.523 53672.56760426 20.07 301.147517 -28.048499 21.515
 42    42.273 53672.56760491 19.84 301.146657 -28.051779 21.515
 42    42.389 53672.56760555 18.69 301.145787 -28.055059 21.515
 42    42.629 53672.56760620 18.54 301.144927 -28.058349 21.515
 42    42.850 53672.56760684 18.26 301.144057 -28.061629 21.515
 42    43.007 53672.56760749 20.16 301.143197 -28.064909 21.515
 42    43.069 53672.56760813 35.86 301.142337 -28.068189 21.515
 42    43.308 53672.56760878 36.11 301.141467 -28.071479 21.515
 43    42.709 53707.56752706 14.15 301.173399 -28.005811 11.012
 43    42.574 53707.56752770 15.30 301.172539 -28.009091 11.012
 43    42.073 53707.56752835 15.77 301.171679 -28.012371 11.012
 43    41.841 53707.56752899 16.70 301.170809 -28.015651 11.012
 43    41.850 53707.56752964 13.81 301.169949 -28.018941 11.012
 43    42.021 53707.56753028 12.82 301.169088 -28.022215  4.021
 43    41.919 53707.56753093 12.94 301.168218 -28.025505  4.021
 43    41.952 53707.56753157 11.99 301.167358 -28.028785  4.021
 43    41.897 53707.56753222 12.55 301.166498 -28.032065  4.021
 43    42.012 53707.56753286 11.85 301.165628 -28.035345  4.021
 43    42.229 53707.56753351 11.88 301.164768 -28.038635  4.021
 43    42.175 53707.56753415 19.36 301.163898 -28.041915  4.021
 43    42.188 53707.56753480 18.41 301.163038 -28.045195  4.021
 44    42.361 53742.56743840 29.23 301.173848 -28.004350 11.453
 44    42.298 53742.56743904 28.55 301.172978 -28.007640 11.453
 44    42.201 53742.56743969 27.79 301.172118 -28.010920 11.453
 44    41.924 53742.56744033 25.19 301.171258 -28.014200 11.453
 44    42.086 53742.56744098 23.92 301.170388 -28.017480 11.453
 44    42.245 53742.56744162 23.70 301.169528 -28.020770 11.453
 44    42.524 53742.56744227 23.12 301.168664 -28.024044  5.489
 44    42.566 53742.56744291 22.07 301.167804 -28.027334  5.489
 44    42.446 53742.56744355 20.32 301.166944 -28.030614  5.489
 44    42.437 53742.56744420 20.70 301.166074 -28.033894  5.489
 44    42.471 53742.56744484 20.80 301.165214 -28.037174  5.489
 44    42.612 53742.56744549 23.93 301.164344 -28.040464  5.489
 44    42.594 53742.56744613 25.84 301.163484 -28.043744  5.489
 45    42.076 53777.56746404 34.25 301.170057 -28.003404 26.472
 45    42.170 53777.56746468 37.06 301.169197 -28.006684 26.472
 45    42.036 53777.56746533 34.21 301.168327 -28.009964 26.472
 45    42.045 53777.56746597 33.54 301.167467 -28.013244 26.472
 45    42.141 53777.56746662 38.62 301.166607 -28.016534 26.472
 45    42.068 53777.56746726 40.10 301.165739 -28.019807 23.108
 45    42.068 53777.56746791 44.40 301.164869 -28.023097 23.108
 45    42.080 53777.56746855 38.46 301.164009 -28.026377 23.108
 45    41.925 53777.56746919 36.23 301.163149 -28.029657 23.108
 45    41.928 53777.56746984 35.06 301.162279 -28.032947 23.108
 45    41.952 53777.56747048 38.69 301.161419 -28.036227 23.108
 45    41.990 53777.56747113 42.95 301.160549 -28.039507 23.108
 45    42.026 53777.56747177 46.52 301.159689 -28.042787 23.108
 45    41.994 53777.56747242 45.75 301.158829 -28.046077 23.108
 45    42.010 53777.56747306 48.17 301.157959 -28.049357 23.108
 45    42.032 53777.56747371 48.70 301.157099 -28.052637 23.108
 46    42.750 53812.56744051 14.95 301.172266 -28.004309 12.695
 46    42.886 53812.56744116 14.89 301.171406 -28.007589 12.695
 46    43.059 53812.56744180 13.60 301.170536 -28.010879 12.695
 46    42.897 53812.56744245 12.81 301.169676 -28.014159 12.695
 46    51.394 53812.56744309 12.86 301.168816 -28.017439 12.695
 46    42.724 53812.56744374 11.06 301.167946 -28.020729 12.695
 46    42.807 53812.56744438 10.48 301.167086 -28.024009 12.695
 46    42.834 53812.56744503 10.47 301.166226 -28.027289 12.695
 46    42.750 53812.56744567 10.83 301.165356 -28.030569 12.695
 46    42.645 53812.56744631 11.16 301.164496 -28.033859 12.695
 46    42.691 53812.56744696 11.02 301.163636 -28.037134  5.249
 46    42.897 53812.56744760 17.58 301.162766 -28.040424  5.249
 46    43.057 53812.56744825 12.85 301.161906 -28.043704  5.249
 46    42.661 53812.56744889 14.75 301.161036 -28.046984  5.249
 46    42.808 53812.56744954 19.92 301.160176 -28.050264  5.249
 47    43.207 53847.56749526 42.40 301.159018 -28.007801 25.534
 47    42.985 53847.56749913 40.54 301.153828 -28.027491 25.534
 47    42.944 53847.56749977 30.74 301.152963 -28.030782 10.054
 47    42.902 53847.56750042 24.98 301.152103 -28.034062 10.054
 47    42.864 53847.56750106 27.12 301.151233 -28.037342 10.054
 47    42.881 53847.56750171 25.36 301.150373 -28.040622 10.054
 47    42.797 53847.56750235 23.75 301.149503 -28.043912 10.054
 47    42.756 53847.56750300 22.69 301.148643 -28.047192 10.054
 47    42.569 53847.56750364 21.17 301.147783 -28.050472 10.054
 47    42.509 53847.56750429 20.99 301.146913 -28.053752 10.054
 47    42.475 53847.56750493 21.18 301.146053 -28.057042 10.054
 47    42.543 53847.56750557 20.88 301.145183 -28.060322 10.054
 47    42.725 53847.56750622 22.80 301.144323 -28.063602 10.054
 47    42.885 53847.56750686 29.67 301.143453 -28.066882 10.054
 47    42.730 53847.56750751 39.61 301.142593 -28.070172 10.054
 47    42.730 53847.56750815 34.70 301.141723 -28.073452 10.054
 49    41.823 53917.56758321 37.46 301.148428 -28.038684 28.252
 49    41.776 53917.56758386 45.43 301.147558 -28.041974 28.252
 49    41.752 53917.56758450 44.90 301.146698 -28.045254 28.252
 49    41.738 53917.56758515 38.36 301.145828 -28.048534 28.252
 49    41.657 53917.56758579 36.53 301.144968 -28.051814 28.252
 49    41.638 53917.56758643 36.70 301.144108 -28.055104 28.252
 49    41.819 53917.56758708 44.19 301.143238 -28.058384 28.252
 49    41.800 53917.56758772 46.86 301.142378 -28.061664 28.252
 49    41.775 53917.56758837 48.12 301.141508 -28.064944 28.252
 49    41.790 53917.56758901 50.50 301.140648 -28.068234 28.252
 49    41.676 53917.56758966 53.00 301.139778 -28.071514 28.252
 49    41.544 53917.56759030 50.18 301.138918 -28.074794 28.252
 50    41.735 53952.56758831 23.27 301.146963 -28.041180 18.530
 50    41.300 53952.56758896 18.74 301.146093 -28.044470 18.530
 50    41.353 53952.56758960 18.92 301.145233 -28.047750 18.530
 50    41.427 53952.56759025 18.13 301.144363 -28.051030 18.530
 50    41.239 53952.56759089 17.38 301.143503 -28.054310 18.530
 50    40.997 53952.56759154 21.42 301.142643 -28.057600 18.530
 50    41.048 53952.56759218 22.62 301.141773 -28.060880 18.530
 50    41.169 53952.56759283 26.28 301.140913 -28.064160 18.530
 50    41.325 53952.56759347 26.13 301.140043 -28.067440 18.530
 50    41.387 53952.56759411 33.43 301.139183 -28.070730 18.530
 50    41.400 53952.56759476 32.36 301.138313 -28.074010 18.530
 52    42.604 54022.56755977 30.35 301.163746 -28.004505 15.635
 52    42.638 54022.56756041 35.39 301.162886 -28.007785 15.635
 52    42.582 54022.56756106 26.77 301.162016 -28.011065 15.635
 52    42.387 54022.56756170 23.15 301.161156 -28.014345 15.635
 52    42.564 54022.56756235 26.23 301.160286 -28.017635 15.635
 52    42.505 54022.56756299 20.08 301.159426 -28.020915 15.635
 52    42.234 54022.56756364 20.14 301.158566 -28.024195 15.635
 52    42.112 54022.56756428 21.25 301.157696 -28.027475 15.635
 52    42.121 54022.56756493 20.32 301.156831 -28.030765  6.637
 52    42.202 54022.56756557 19.17 301.155971 -28.034045  6.637
 52    41.913 54022.56756622 19.22 301.155101 -28.037325  6.637
 52    42.286 54022.56756686 16.77 301.154241 -28.040605  6.637
 52    43.728 54022.56756751 15.88 301.153371 -28.043895  6.637
 52    46.962 54022.56756815 14.45 301.152511 -28.047175  6.637
 52    47.595 54022.56756880 14.52 301.151651 -28.050455  6.637
 52    47.757 54022.56756944 14.51 301.150781 -28.053735  6.637
 52    44.653 54022.56757008 17.10 301.149921 -28.057025  6.637
 52    44.793 54022.56757073 16.63 301.149051 -28.060305  6.637
 52    44.536 54022.56757137 21.18 301.148191 -28.063585  6.637
 52    44.526 54022.56757202 24.58 301.147321 -28.066865  6.637
 52    45.214 54022.56757266 29.52 301.146461 -28.070155  6.637
 53    42.774 54057.56755217 15.36 301.172113 -28.005242 13.815
 53    42.376 54057.56755282 25.45 301.171253 -28.008522 13.815
 53    42.617 54057.56755346 26.82 301.170383 -28.011802 13.815
 53    42.152 54057.56755411 21.81 301.169523 -28.015092 13.815
 53    41.951 54057.56755475 17.57 301.168663 -28.018372 13.815
 53    42.377 54057.56755540 13.96 301.167793 -28.021652 13.815
 53    42.531 54057.56755604 12.72 301.166933 -28.024932 13.815
 53    42.364 54057.56755669 13.71 301.166063 -28.028222 13.815
 53    42.252 54057.56755733 13.96 301.165202 -28.031495  5.690
 53    42.312 54057.56755798 13.10 301.164342 -28.034785  5.690
 53    42.618 54057.56755862 13.91 301.163472 -28.038065  5.690
 53    42.718 54057.56755926 14.71 301.162612 -28.041345  5.690
 53    42.372 54057.56755991 17.59 301.161742 -28.044635  5.690
 53    42.349 54057.56756055 12.57 301.160882 -28.047915  5.690
 54    42.448 54092.56753377 19.74 301.168502 -28.004652  7.339
 54    42.516 54092.56753441 23.99 301.167642 -28.007932  7.339
 54    42.439 54092.56753506 21.91 301.166772 -28.011222  7.339
 54    42.294 54092.56753570 18.08 301.165912 -28.014502  7.339
 54    42.111 54092.56753635 17.82 301.165042 -28.017782  7.339
 54    42.262 54092.56753699 14.45 301.164182 -28.021072  7.339
 54    42.133 54092.56753764 14.04 301.163322 -28.024352  7.339
 54    42.115 54092.56753828 14.70 301.162452 -28.027632  7.339
 54    42.104 54092.56753893 14.04 301.161592 -28.030912  7.339
 54    41.958 54092.56753957 15.24 301.160732 -28.034202  7.339
 54    42.215 54092.56754022 13.05 301.159868 -28.037477  3.252
 54    42.216 54092.56754086 12.34 301.158998 -28.040767  3.252
 54    42.194 54092.56754151 12.33 301.158138 -28.044047  3.252
 54    42.259 54092.56754215 12.12 301.157278 -28.047327  3.252
 54    42.123 54092.56754280 11.78 301.156408 -28.050607  3.252
 54    49.104 54092.56754344 11.56 301.155548 -28.053897  3.252
 55    44.627 54127.56746864 34.31 301.163888 -28.002624 22.625
 55    44.399 54127.56746928 30.69 301.163028 -28.005904 22.625
 55    44.366 54127.56746993 27.43 301.162158 -28.009184 22.625
 55    44.340 54127.56747057 27.81 301.161298 -28.012464 22.625
 55    44.550 54127.56747122 44.42 301.160428 -28.015754 22.625
 55    44.485 54127.56747186 48.73 301.159568 -28.019034 22.625
 55    44.364 54127.56747251 31.06 301.158708 -28.022314 22.625
 55    44.256 54127.56747315 28.69 301.157838 -28.025594 22.625
 55    44.321 54127.56747380 28.76 301.156970 -28.028885  9.687
 55    44.225 54127.56747444 27.32 301.156110 -28.032165  9.687
 55    44.192 54127.56747509 25.31 301.155240 -28.035445  9.687
 55    44.133 54127.56747573 24.37 301.154380 -28.038725  9.687
 55    44.142 54127.56747637 21.71 301.153520 -28.042015  9.687
 55    44.086 54127.56747702 20.60 301.152650 -28.045295  9.687
 55    44.096 54127.56747766 19.75 301.151790 -28.048575  9.687
 55    44.040 54127.56747831 19.10 301.150920 -28.051855  9.687
 55    44.291 54127.56747895 19.04 301.150060 -28.055145  9.687
 55    44.465 54127.56747960 19.77 301.149190 -28.058425  9.687
 55    44.372 54127.56748024 24.13 301.148330 -28.061705  9.687
 55    44.308 54127.56748089 35.34 301.147460 -28.064985  9.687
 55    44.571 54127.56748153 36.51 301.146600 -28.068275  9.687
 56    45.012 54162.56750298 30.32 301.165120 -28.003379 11.607
 56    44.838 54162.56750362 28.58 301.164260 -28.006669 11.607
 56    44.817 54162.56750427 28.12 301.163400 -28.009949 11.607
 56    45.188 54162.56750491 28.00 301.162530 -28.013229 11.607
 56    45.110 54162.56750556 34.50 301.161670 -28.016509 11.607
 56    44.912 54162.56750620 33.19 301.160810 -28.019799 11.607
 56    44.867 54162.56750685 31.01 301.159940 -28.023079 11.607
 56    44.734 54162.56750749 27.36 301.159080 -28.026359 11.607
 56    44.750 54162.56750814 27.47 301.158210 -28.029639 11.607
 56    44.683 54162.56750878 27.00 301.157350 -28.032929 11.607
 56    44.476 54162.56750943 26.91 301.156490 -28.036209 11.607
 56    44.476 54162.56751007 25.57 301.155620 -28.039489 11.607
 56    44.567 54162.56751072 24.53 301.154760 -28.042769 11.607
 56    44.668 54162.56751136 23.93 301.153890 -28.046059 11.607
 56    44.752 54162.56751200 23.54 301.153030 -28.049339 11.607
 56    44.912 54162.56751265 23.53 301.152170 -28.052619 11.607
 56    44.985 54162.56751329 24.78 301.151300 -28.055899 11.607
 56    44.913 54162.56751394 29.34 301.150437 -28.059190 12.547
 56    45.006 54162.56751458 32.09 301.149577 -28.062470 12.547
 56    44.692 54162.56751523 44.34 301.148707 -28.065750 12.547
 56    45.023 54162.56751587 47.00 301.147847 -28.069030 12.547
 57    43.460 54197.56747129 32.38 301.163537 -28.004176 17.469
 57    43.321 54197.56747193 27.11 301.162667 -28.007456 17.469
 57    43.143 54197.56747257 25.89 301.161807 -28.010736 17.469
 57    43.544 54197.56747386 31.67 301.160077 -28.017306 17.469
 57    43.244 54197.56747451 30.62 301.159217 -28.020586 17.469
 57    43.258 54197.56747515 25.60 301.158347 -28.023866 17.469
 57    43.226 54197.56747580 27.49 301.157487 -28.027156 17.469
 57    43.016 54197.56747644 24.82 301.156617 -28.030436 17.469
 57    43.045 54197.56747709 23.79 301.155757 -28.033716 17.469
 57    43.048 54197.56747773 22.84 301.154897 -28.037006 17.469
 57    43.672 54197.56747838 19.80 301.154027 -28.040286 17.469
 57    44.411 54197.56747902 18.54 301.153167 -28.043566 17.469
 57    47.075 54197.56747967 18.15 301.152297 -28.046846 17.469
 57    48.001 54197.56748031 17.74 301.151437 -28.050136 17.469
 57    45.918 54197.56748096 19.59 301.150577 -28.053418 13.025
 57    44.941 54197.56748160 20.14 301.149707 -28.056698 13.025
 57    44.708 54197.56748224 24.49 301.148837 -28.059978 13.025
 57    44.542 54197.56748289 29.87 301.147977 -28.063258 13.025
 57    45.918 54197.56748353 31.58 301.147117 -28.066548 13.025
 57    44.617 54197.56748418 36.64 301.146247 -28.069828 13.025
 58    43.403 54232.56751524 28.13 301.165969 -28.002593  7.665
 58    43.158 54232.56751589 27.22 301.165109 -28.005873  7.665
 58    43.316 54232.56751653 24.39 301.164239 -28.009163  7.665
 58    43.268 54232.56751718 23.25 301.163379 -28.012443  7.665
 58    43.468 54232.56751782 23.40 301.162509 -28.015723  7.665
 58    43.385 54232.56751847 22.67 301.161649 -28.019003  7.665
 58    43.274 54232.56751911 21.48 301.160789 -28.022293  7.665
 58    43.178 54232.56751975 21.33 301.159919 -28.025573  7.665
 58    43.052 54232.56752040 22.16 301.159059 -28.028853  7.665
 58    42.809 54232.56752104 22.49 301.158189 -28.032133  7.665
 58    42.773 54232.56752169 20.66 301.157329 -28.035423  7.665
 58    43.065 54232.56752233 18.96 301.156469 -28.038703  7.665
 58    42.808 54232.56752298 18.54 301.155599 -28.041983  7.665
 58    44.431 54232.56752362 17.31 301.154739 -28.045263  7.665
 58    44.171 54232.56752427 17.35 301.153869 -28.048553  7.665
 58    48.632 54232.56752491 16.54 301.153009 -28.051833  7.665
 58    48.971 54232.56752556 16.45 301.152139 -28.055113  7.665
 58    49.137 54232.56752620 17.56 301.151279 -28.058403  7.665
 58    44.590 54232.56752685 21.81 301.150411 -28.061684  6.056
 58    44.454 54232.56752749 31.06 301.149551 -28.064964  6.056
 58    45.696 54232.56752814 29.90 301.148681 -28.068244  6.056
 59    43.101 54267.56753450 26.97 301.166474 -28.004089 11.763
 59    42.851 54267.56753514 25.42 301.165614 -28.007379 11.763
 59    43.054 54267.56753579 34.56 301.164754 -28.010659 11.763
 59    42.967 54267.56753643 31.05 301.163884 -28.013939 11.763
 59    42.737 54267.56753708 26.76 301.163024 -28.017219 11.763
 59    42.775 54267.56753772 22.28 301.162154 -28.020509 11.763
 59    42.857 54267.56753837 20.25 301.161294 -28.023789 11.763
 59    42.831 54267.56753901 20.72 301.160434 -28.027069 11.763
 59    42.693 54267.56753966 21.17 301.159564 -28.030349 11.763
 59    42.482 54267.56754030 21.35 301.158704 -28.033639 11.763
 59    42.459 54267.56754095 22.04 301.157844 -28.036919 11.763
 59    42.488 54267.56754159 20.79 301.156974 -28.040199 11.763
 59    42.526 54267.56754224 20.05 301.156114 -28.043479 11.763
 59    42.626 54267.56754288 20.67 301.155244 -28.046769 11.763
 59    42.700 54267.56754352 17.96 301.154384 -28.050049 11.763
 59    42.810 54267.56754417 20.83 301.153514 -28.053329 11.763
 59    42.865 54267.56754481 23.84 301.152654 -28.056609 11.763
 59    42.855 54267.56754546 31.36 301.151788 -28.059898  9.384
 60    42.308 54302.56753889 21.78 301.166593 -28.005274  9.342
 60    42.336 54302.56753953 24.22 301.165733 -28.008554  9.342
 60    42.389 54302.56754018 27.61 301.164863 -28.011834  9.342
 60    42.339 54302.56754082 25.58 301.164003 -28.015114  9.342
 60    42.160 54302.56754147 25.45 301.163143 -28.018404  9.342
 60    42.116 54302.56754211 21.76 301.162273 -28.021684  9.342
 60    42.067 54302.56754276 22.63 301.161413 -28.024964  9.342
 60    42.359 54302.56754340 22.29 301.160543 -28.028244  9.342
 60    42.126 54302.56754405 24.80 301.159683 -28.031534  9.342
 60    41.925 54302.56754469 26.34 301.158823 -28.034814  9.342
 60    42.239 54302.56754534 28.81 301.157953 -28.038094  9.342
 60    42.117 54302.56754598 26.23 301.157093 -28.041374  9.342
 60    41.907 54302.56754663 23.50 301.156223 -28.044664  9.342
 60    41.492 54302.56754727 23.84 301.155363 -28.047944  9.342
 60    41.629 54302.56754791 22.62 301.154503 -28.051224  9.342
 60    41.965 54302.56754856 20.89 301.153633 -28.054514  9.342
 61    42.297 54337.56752491 19.45 301.167283 -28.005607  9.925
 61    41.963 54337.56752555 21.50 301.166423 -28.008897  9.925
 61    41.882 54337.56752620 22.68 301.165563 -28.012177  9.925
 61    41.771 54337.56752684 22.26 301.164693 -28.015457  9.925
 61    41.977 54337.56752749 19.99 301.163833 -28.018737  9.925
 61    41.992 54337.56752813 16.92 301.162973 -28.022027  9.925
 61    42.039 54337.56752878 16.34 301.162103 -28.025307  9.925
 61    41.900 54337.56752942 17.79 301.161243 -28.028587  9.925
 61    41.657 54337.56753006 22.34 301.160373 -28.031867  9.925
 61    41.717 54337.56753071 23.14 301.159513 -28.035157  9.925
 61    41.677 54337.56753135 24.58 301.158653 -28.038437  9.925
 61    41.508 54337.56753200 21.59 301.157783 -28.041717  9.925
 61    41.259 54337.56753264 19.88 301.156923 -28.045007  9.925
 61    41.169 54337.56753329 14.74 301.156053 -28.048287  9.925
 61    48.482 54337.56753393 12.07 301.155193 -28.051567  9.925
 61    49.062 54337.56753458 11.76 301.154333 -28.054847  9.925
 62    42.391 54372.56747176 26.08 301.165038 -28.004490 13.225
 62    42.229 54372.56747241 21.15 301.164178 -28.007770 13.225
 62    41.881 54372.56747305 31.08 301.163308 -28.011060 13.225
 62    41.822 54372.56747370 30.70 301.162448 -28.014340 13.225
 62    42.182 54372.56747434 25.67 301.161578 -28.017620 13.225
 62    42.233 54372.56747499 19.90 301.160718 -28.020900 13.225
 62    42.239 54372.56747563 18.22 301.159858 -28.024190 13.225
 62    42.265 54372.56747628 19.04 301.158988 -28.027470 13.225
 62    41.985 54372.56747692 20.24 301.158128 -28.030750 13.225
 62    41.920 54372.56747757 24.18 301.157258 -28.034030 13.225
 62    41.630 54372.56747821 30.12 301.156398 -28.037320 13.225
 62    41.751 54372.56747886 23.66 301.155538 -28.040600 13.225
 62    41.449 54372.56747950 22.07 301.154668 -28.043880 13.225
 62    41.410 54372.56748015 19.67 301.153808 -28.047160 13.225
 62    41.368 54372.56748079 18.80 301.152938 -28.050450 13.225
 62    41.410 54372.56748143 18.36 301.152078 -28.053730 13.225
 62    41.608 54372.56748208 19.83 301.151208 -28.057010 13.225
 62    41.647 54372.56748272 28.44 301.150348 -28.060290 13.225
 62    41.478 54372.56748337 37.28 301.149487 -28.063581 14.466
 62    41.716 54372.56748401 45.27 301.148617 -28.066861 14.466
 63    42.175 54407.56747005 41.57 301.165827 -28.003077 16.390
 63    42.202 54407.56747069 35.25 301.164967 -28.006357 16.390
 63    42.006 54407.56747133 35.57 301.164107 -28.009637 16.390
 63    42.084 54407.56747198 41.35 301.163237 -28.012917 16.390
 63    42.003 54407.56747262 36.25 301.162377 -28.016207 16.390
 63    41.892 54407.56747327 27.31 301.161507 -28.019487 16.390
 63    41.277 54407.56747391 28.49 301.160647 -28.022767 16.390
 63    41.661 54407.56747456 25.82 301.159787 -28.026057 16.390
 63    41.775 54407.56747520 26.10 301.158917 -28.029337 16.390
 63    41.930 54407.56747585 27.16 301.158057 -28.032617 16.390
 63    41.912 54407.56747649 27.97 301.157187 -28.035897 16.390
 63    41.941 54407.56747714 31.58 301.156327 -28.039187 16.390
 63    41.951 54407.56747778 26.17 301.155467 -28.042467 16.390
 63    41.613 54407.56747843 25.37 301.154597 -28.045747 16.390
 63    41.467 54407.56747907 23.51 301.153737 -28.049027 16.390
 63    41.275 54407.56747972 23.32 301.152867 -28.052317 16.390
 63    41.495 54407.56748036 21.66 301.152007 -28.055597 16.390
 63    44.206 54407.56748101 22.42 301.151147 -28.058877 16.390
 63    44.651 54407.56748165 23.08 301.150277 -28.062157 16.390
 63    41.353 54407.56748229 41.08 301.149412 -28.065439  8.755
 63    43.438 54407.56748294 44.92 301.148552 -28.068729  8.755
 64    42.118 54442.56743151 51.06 301.163270 -28.003415 51.300
 64    42.099 54442.56743215 51.22 301.162410 -28.006695 51.300
 64    42.082 54442.56743280 47.48 301.161540 -28.009985 51.300
 64    42.001 54442.56743473 42.19 301.158950 -28.019825 51.300
 64    41.979 54442.56743538 45.39 301.158090 -28.023115 51.300
 64    41.923 54442.56743602 48.05 301.157220 -28.026395 51.300
 64    41.897 54442.56743667 51.70 301.156360 -28.029675 51.300
 64    41.891 54442.56743731 49.72 301.155490 -28.032955 51.300
 64    41.872 54442.56743796 50.34 301.154630 -28.036245 51.300
 64    41.841 54442.56743860 51.35 301.153760 -28.039525 51.300
 64    41.791 54442.56743925 47.51 301.152900 -28.042805 51.300
 64    41.799 54442.56743989 48.01 301.152040 -28.046085 51.300
 64    41.769 54442.56744054 50.42 301.151170 -28.049375 51.300
 64    41.751 54442.56744118 52.46 301.150310 -28.052655 51.300
 64    41.755 54442.56744182 50.95 301.149440 -28.055935 51.300
 64    41.735 54442.56744247 46.70 301.148580 -28.059215 51.300
 64    41.715 54442.56744311 44.40 301.147714 -28.062505 14.573
 64    41.705 54442.56744376 41.72 301.146844 -28.065785 14.573
 64    41.715 54442.56744440 47.97 301.145984 -28.069065 14.573
 65    42.597 54477.56745902 21.66 301.166909 -28.003760  7.988
 65    42.616 54477.56745966 17.64 301.166039 -28.007040  7.988
 65    42.747 54477.56746031 17.09 301.165179 -28.010330  7.988
 65    42.631 54477.56746095 21.71 301.164319 -28.013610  7.988
 65    42.384 54477.56746160 20.23 301.163449 -28.016890  7.988
 65    42.392 54477.56746224 19.36 301.162589 -28.020170  7.988
 65    42.147 54477.56746289 16.63 301.161729 -28.023460  7.988
 65    41.979 54477.56746353 16.90 301.160861 -28.026733 11.168
 65    41.867 54477.56746418 17.86 301.159991 -28.030023 11.168
 65    41.918 54477.56746482 18.56 301.159131 -28.033303 11.168
 65    41.954 54477.56746547 17.49 301.158271 -28.036583 11.168
 65    42.038 54477.56746611 18.17 301.157401 -28.039863 11.168
 65    42.068 54477.56746676 16.59 301.156541 -28.043153 11.168
 65    42.097 54477.56746740 15.57 301.155671 -28.046433 11.168
 65    42.163 54477.56746805 15.56 301.154811 -28.049713 11.168
 65    42.244 54477.56746869 16.56 301.153951 -28.053003 11.168
 65    42.327 54477.56746934 15.21 301.153081 -28.056283 11.168
 66    42.423 54512.56744725 50.92 301.163558 -28.004978 41.575
 66    42.401 54512.56744789 51.70 301.162688 -28.008258 41.575
 66    42.381 54512.56744853 52.56 301.161828 -28.011548 41.575
 66    42.360 54512.56744918 48.95 301.160958 -28.014828 41.575
 66    42.338 54512.56744982 38.51 301.160098 -28.018108 41.575
 66    42.296 54512.56745047 47.68 301.159238 -28.021388 41.575
 66    42.276 54512.56745111 50.25 301.158368 -28.024678 41.575
 66    42.228 54512.56745176 49.94 301.157502 -28.027950 39.550
 66    42.200 54512.56745240 54.35 301.156642 -28.031240 39.550
 66    42.173 54512.56745305 50.54 301.155772 -28.034520 39.550
 66    42.153 54512.56745369 51.10 301.154912 -28.037800 39.550
 66    42.145 54512.56745434 49.96 301.154042 -28.041090 39.550
 66    42.146 54512.56745498 50.05 301.153182 -28.044370 39.550
 66    42.112 54512.56745563 50.42 301.152322 -28.047650 39.550
 66    42.093 54512.56745627 51.44 301.151452 -28.050930 39.550
 66    42.095 54512.56745692 51.42 301.150592 -28.054220 39.550
 66    42.164 54512.56745756 51.19 301.149722 -28.057500 39.550
 66    42.177 54512.56745820 50.37 301.148862 -28.060780 39.550
 66    42.220 54512.56745885 50.96 301.147992 -28.064060 39.550
 66    42.170 54512.56745949 53.71 301.147132 -28.067350 39.550
 66    42.072 54512.56746014 46.23 301.146262 -28.070630 39.550
 67    42.945 54547.56747271 50.39 301.166804 -28.004950 40.086
 67    42.929 54547.56747335 49.34 301.165934 -28.008230 40.086
 67    42.917 54547.56747400 49.16 301.165074 -28.011520 40.086
 67    42.875 54547.56747464 50.48 301.164214 -28.014800 40.086
 67    42.867 54547.56747529 51.43 301.163344 -28.018080 40.086
 67    42.857 54547.56747593 51.13 301.162484 -28.021360 40.086
 67    42.827 54547.56747658 51.15 301.161624 -28.024650 40.086
 67    42.820 54547.56747722 51.20 301.160754 -28.027930 40.086
 67    42.795 54547.56747787 51.58 301.159894 -28.031210 40.086
 67    42.770 54547.56747851 51.29 301.159024 -28.034500 40.086
 67    42.743 54547.56747916 51.09 301.158167 -28.037773 22.722
 67    42.695 54547.56747980 50.41 301.157297 -28.041063 22.722
 67    42.678 54547.56748045 50.53 301.156437 -28.044343 22.722
 67    42.670 54547.56748109 51.33 301.155577 -28.047623 22.722
 67    42.651 54547.56748174 50.98 301.154707 -28.050903 22.722
 67    42.637 54547.56748238 51.67 301.153847 -28.054193 22.722
 68    43.090 54582.56744237 25.89 301.166407 -28.005312 12.771
 68    42.950 54582.56744302 23.77 301.165547 -28.008602 12.771
 68    42.930 54582.56744366 21.26 301.164687 -28.011882 12.771
 68    43.054 54582.56744431 20.73 301.163817 -28.015162 12.771
 68    43.274 54582.56744495 21.38 301.162957 -28.018442 12.771
 68    42.968 54582.56744560 21.40 301.162087 -28.021732 12.771
 68    42.853 54582.56744624 23.60 301.161227 -28.025012 12.771
 68    42.696 54582.56744689 24.26 301.160367 -28.028292 12.771
 68    42.731 54582.56744753 24.68 301.159497 -28.031572 12.771
 68    42.554 54582.56744818 24.71 301.158636 -28.034862  5.767
 68    42.469 54582.56744882 22.44 301.157776 -28.038142  5.767
 68    42.382 54582.56744946 21.80 301.156906 -28.041422  5.767
 68    42.488 54582.56745011 18.28 301.156046 -28.044702  5.767
 68    42.665 54582.56745075 16.15 301.155176 -28.047992  5.767
 68    42.882 54582.56745140 14.75 301.154316 -28.051272  5.767
 68    41.830 54582.56745204 15.49 301.153446 -28.054552  5.767
 68    42.541 54582.56745269 14.70 301.152586 -28.057832  5.767
 69    42.229 54617.56746379 28.21 301.166025 -28.005427 18.474
 69    42.297 54617.56746443 22.93 301.165155 -28.008707 18.474
 69    42.181 54617.56746508 26.65 301.164295 -28.011987 18.474
 69    42.102 54617.56746572 26.94 301.163435 -28.015267 18.474
 69    42.282 54617.56746637 25.39 301.162565 -28.018557 18.474
 69    42.377 54617.56746701 21.93 301.161705 -28.021837 18.474
 69    42.519 54617.56746766 20.43 301.160835 -28.025117 18.474
 69    42.547 54617.56746830 20.02 301.159975 -28.028397 18.474
 69    42.062 54617.56746895 25.74 301.159115 -28.031687 18.474
 69    41.956 54617.56746959 28.13 301.158245 -28.034967 18.474
 69    42.043 54617.56747024 27.65 301.157385 -28.038247 18.474
 69    41.990 54617.56747088 24.64 301.156515 -28.041527 18.474
 69    42.025 54617.56747153 24.07 301.155655 -28.044817 18.474
 69    41.707 54617.56747217 20.72 301.154795 -28.048097 18.474
 69    41.587 54617.56747282 16.61 301.153925 -28.051377 18.474
 69    41.657 54617.56747346 15.59 301.153065 -28.054657 18.474
 69    41.765 54617.56747410 18.22 301.152195 -28.057947 18.474
 69    41.887 54617.56747475 26.58 301.151335 -28.061227 18.474
 70    42.360 54652.56747551 34.48 301.164266 -28.003688 14.766
 70    42.343 54652.56747615 27.20 301.163406 -28.006978 14.766
 70    42.478 54652.56747680 26.14 301.162546 -28.010258 14.766
 70    42.400 54652.56747744 25.30 301.161676 -28.013538 14.766
 70    42.386 54652.56747808 29.41 301.160816 -28.016818 14.766
 70    42.564 54652.56747873 26.82 301.159956 -28.020108 14.766
 70    42.478 54652.56747937 23.01 301.159086 -28.023388 14.766
 70    42.537 54652.56748002 22.65 301.158226 -28.026668 14.766
 70    42.466 54652.56748066 22.96 301.157356 -28.029958 14.766
 70    42.179 54652.56748131 23.79 301.156496 -28.033230  9.121
 70    42.258 54652.56748195 27.41 301.155636 -28.036520  9.121
 70    42.305 54652.56748260 31.66 301.154766 -28.039800  9.121
 70    42.202 54652.56748324 18.13 301.153906 -28.043080  9.121
 70    41.956 54652.56748389 18.44 301.153036 -28.046370  9.121
 70    41.852 54652.56748453 14.63 301.152176 -28.049650  9.121
 70    41.858 54652.56748518 13.93 301.151306 -28.052930  9.121
 70    41.829 54652.56748582 12.32 301.150446 -28.056210  9.121
 70    42.061 54652.56748647 12.77 301.149586 -28.059500  9.121
 70    42.193 54652.56748711 19.43 301.148716 -28.062780  9.121
 70    42.124 54652.56748775 30.37 301.147856 -28.066060  9.121
 70    42.833 54652.56748840 22.99 301.146986 -28.069340  9.121
 71    42.326 54687.56746558 28.44 301.166862 -28.004382 10.608
 71    42.474 54687.56746622 22.66 301.166002 -28.007662 10.608
 71    42.390 54687.56746687 31.42 301.165142 -28.010942 10.608
 71    42.423 54687.56746751 33.02 301.164272 -28.014222 10.608
 71    42.120 54687.56746816 24.95 301.163412 -28.017512 10.608
 71    42.112 54687.56746880 19.46 301.162552 -28.020792 10.608
 71    42.017 54687.56746944 20.10 301.161682 -28.024072 10.608
 71    42.035 54687.56747009 20.47 301.160822 -28.027362 10.608
 71    41.855 54687.56747073 21.57 301.159962 -28.030642 10.608
 71    41.748 54687.56747138 22.35 301.159092 -28.033922 10.608
 71    41.946 54687.56747202 22.90 301.158232 -28.037202 10.608
 71    42.140 54687.56747267 25.73 301.157362 -28.040492 10.608
 71    42.073 54687.56747331 24.91 301.156504 -28.043774 16.358
 71    42.065 54687.56747396 22.86 301.155644 -28.047054 16.358
 71    42.004 54687.56747460 23.41 301.154774 -28.050334 16.358
 71    42.102 54687.56747525 27.87 301.153914 -28.053614 16.358
 71    42.258 54687.56747589 32.53 301.153044 -28.056904 16.358
 72    42.263 54722.56742237 31.48 301.163955 -28.003452 16.183
 72    42.255 54722.56742302 29.22 301.163095 -28.006732 16.183
 72    42.155 54722.56742366 28.58 301.162225 -28.010012 16.183
 72    42.140 54722.56742431 29.35 301.161365 -28.013292 16.183
 72    42.701 54722.56742495 28.76 301.160495 -28.016582 16.183
 72    42.707 54722.56742560 26.74 301.159635 -28.019862 16.183
 72    42.562 54722.56742624 22.38 301.158775 -28.023142 16.183
 72    42.527 54722.56742689 22.64 301.157905 -28.026422 16.183
 72    42.433 54722.56742753 24.03 301.157038 -28.029711 14.782
 72    42.247 54722.56742817 25.49 301.156178 -28.032991 14.782
 72    42.115 54722.56742882 25.57 301.155308 -28.036271 14.782
 72    42.086 54722.56742946 27.56 301.154448 -28.039551 14.782
 72    42.030 54722.56743011 21.86 301.153588 -28.042841 14.782
 72    41.865 54722.56743075 17.13 301.152718 -28.046121 14.782
 72    41.576 54722.56743140 15.73 301.151858 -28.049401 14.782
 72    41.643 54722.56743204 13.27 301.150988 -28.052681 14.782
 72    41.761 54722.56743269 13.55 301.150128 -28.055971 14.782
 72    41.821 54722.56743333 14.87 301.149258 -28.059251 14.782
 72    41.878 54722.56743398 19.75 301.148398 -28.062531 14.782
 72    41.784 54722.56743462 33.16 301.147528 -28.065811 14.782
 72    41.991 54722.56743527 39.58 301.146668 -28.069101 14.782
 73    42.549 54757.56744161 23.97 301.165610 -28.003170 10.896
 73    42.620 54757.56744225 22.36 301.164740 -28.006450 10.896
 73    42.772 54757.56744290 22.11 301.163880 -28.009740 10.896
 73    42.628 54757.56744354 23.99 301.163020 -28.013020 10.896
 73    42.689 54757.56744418 23.60 301.162150 -28.016300 10.896
 73    42.341 54757.56744483 24.75 301.161290 -28.019590 10.896
 73    42.317 54757.56744547 18.27 301.160430 -28.022870 10.896
 73    42.506 54757.56744612 16.52 301.159560 -28.026150 10.896
 73    42.424 54757.56744676 16.83 301.158700 -28.029430 10.896
 73    42.206 54757.56744741 18.32 301.157830 -28.032720 10.896
 73    42.087 54757.56744805 17.63 301.156971 -28.036002  6.306
 73    42.256 54757.56744870 14.50 301.156101 -28.039282  6.306
 73    42.241 54757.56744934 13.38 301.155241 -28.042562  6.306
 73    42.228 54757.56744999 13.53 301.154381 -28.045842  6.306
 73    42.301 54757.56745063 12.95 301.153511 -28.049132  6.306
 73    42.348 54757.56745128 12.11 301.152651 -28.052412  6.306
 73    44.394 54757.56745192 11.76 301.151781 -28.055692  6.306
 73    55.385 54757.56745257 11.36 301.150921 -28.058972  6.306
 73    55.590 54757.56745321 12.16 301.150061 -28.062262  6.306
 73    42.170 54757.56745385 28.30 301.149191 -28.065542  6.306
 73    44.144 54757.56745450 25.64 301.148331 -28.068822  6.306
 74    42.963 54792.56741604 36.29 301.161216 -28.004770 23.956
 74    42.986 54792.56741668 31.52 301.160346 -28.008050 23.956
 74    43.061 54792.56741733 32.92 301.159486 -28.011330 23.956
 74    43.206 54792.56741991 35.28 301.156026 -28.024470 23.956
 74    43.146 54792.56742055 37.75 301.155158 -28.027742 11.343
 74    43.042 54792.56742120 28.04 301.154298 -28.031032 11.343
 74    42.984 54792.56742184 25.95 301.153428 -28.034312 11.343
 74    42.902 54792.56742249 23.41 301.152568 -28.037592 11.343
 74    42.747 54792.56742313 22.97 301.151708 -28.040882 11.343
 74    42.590 54792.56742377 22.23 301.150838 -28.044162 11.343
 74    42.519 54792.56742442 22.50 301.149978 -28.047442 11.343
 74    42.420 54792.56742506 20.52 301.149108 -28.050722 11.343
 74    42.061 54792.56742571 19.83 301.148248 -28.054012 11.343
 74    42.258 54792.56742635 18.03 301.147378 -28.057292 11.343
 74    42.658 54792.56742700 17.63 301.146518 -28.060572 11.343
 74    42.728 54792.56742764 27.30 301.145648 -28.063852 11.343
 74    43.175 54792.56742829 26.06 301.144788 -28.067142 11.343
 74    42.959 54792.56742893 22.75 301.143918 -28.070422 11.343
 75    41.440 54827.56743904 45.08 301.165331 -28.004328 45.027
 75    41.405 54827.56743968 36.81 301.164471 -28.007608 45.027
 75    41.305 54827.56744032 33.88 301.163601 -28.010888 45.027
 75    41.282 54827.56744097 45.32 301.162741 -28.014178 45.027
 75    41.273 54827.56744161 48.79 301.161881 -28.017458 45.027
 75    41.251 54827.56744226 46.45 301.161011 -28.020738 45.027
 75    41.214 54827.56744290 41.14 301.160151 -28.024018 45.027
 75    41.208 54827.56744355 45.76 301.159281 -28.027308 45.027
 75    41.196 54827.56744419 45.30 301.158421 -28.030588 45.027
 75    41.199 54827.56744484 48.18 301.157561 -28.033868 45.027
 75    41.153 54827.56744548 43.45 301.156691 -28.037148 45.027
 75    41.135 54827.56744613 45.46 301.155828 -28.040439 26.552
 75    41.122 54827.56744677 43.98 301.154968 -28.043719 26.552
 75    41.069 54827.56744742 39.28 301.154098 -28.046999 26.552
 75    41.019 54827.56744806 47.07 301.153238 -28.050279 26.552
 75    40.993 54827.56744871 49.56 301.152368 -28.053569 26.552
 75    40.989 54827.56744935 50.10 301.151508 -28.056849 26.552
 75    40.970 54827.56744999 43.96 301.150648 -28.060129 26.552
 75    40.913 54827.56745064 34.24 301.149778 -28.063409 26.552
 75    40.858 54827.56745128 40.53 301.148918 -28.066699 26.552
 76    41.743 54862.56741034 31.08 301.163869 -28.004467 25.066
 76    41.500 54862.56741099 38.15 301.162999 -28.007747 25.066
 76    41.541 54862.56741163 38.39 301.162139 -28.011027 25.066
 76    41.605 54862.56741228 31.67 301.161269 -28.014317 25.066
 76    42.025 54862.56741292 27.83 301.160409 -28.017597 25.066
 76    41.602 54862.56741356 26.82 301.159549 -28.020877 25.066
 76    41.908 54862.56741421 20.98 301.158679 -28.024157 25.066
 76    41.927 54862.56741485 22.19 301.157814 -28.027446 18.379
 76    41.561 54862.56741550 26.19 301.156954 -28.030726 18.379
 76    41.379 54862.56741614 33.25 301.156084 -28.034006 18.379
 76    41.438 54862.56741679 34.18 301.155224 -28.037286 18.379
 76    41.311 54862.56741743 33.85 301.154354 -28.040576 18.379
 76    41.356 54862.56741808 31.87 301.153494 -28.043856 18.379
 76    41.099 54862.56741872 28.82 301.152634 -28.047136 18.379
 76    41.040 54862.56741937 25.87 301.151764 -28.050416 18.379
 76    41.243 54862.56742001 23.89 301.150904 -28.053706 18.379
 76    41.306 54862.56742066 24.87 301.150034 -28.056986 18.379
 76    41.309 54862.56742130 25.33 301.149174 -28.060266 18.379
 76    41.252 54862.56742195 24.93 301.148304 -28.063546 18.379
 76    41.214 54862.56742259 26.21 301.147444 -28.066836 18.379
 76    41.127 54862.56742323 26.73 301.146574 -28.070116 18.379
 77    42.636 54897.56743930 37.56 301.165369 -28.003154 15.896
 77    42.625 54897.56743995 41.92 301.164499 -28.006434 15.896
 77    42.545 54897.56744059 31.94 301.163639 -28.009724 15.896
 77    42.499 54897.56744123 44.80 301.162779 -28.013004 15.896
 77    42.387 54897.56744188 30.74 301.161909 -28.016284 15.896
 77    42.369 54897.56744252 25.96 301.161049 -28.019564 15.896
 77    41.885 54897.56744317 25.35 301.160189 -28.022854 15.896
 77    41.980 54897.56744381 26.53 301.159319 -28.026134 15.896
 77    42.220 54897.56744446 27.91 301.158459 -28.029414 15.896
 77    42.472 54897.56744510 31.52 301.157589 -28.032704 15.896
 77    42.518 54897.56744575 36.74 301.156731 -28.035978 17.503
 77    42.341 54897.56744639 40.87 301.155871 -28.039268 17.503
 77    42.370 54897.56744704 43.00 301.155001 -28.042548 17.503
 77    42.366 54897.56744768 36.49 301.154141 -28.045828 17.503
 77    42.231 54897.56744833 33.23 301.153271 -28.049108 17.503
 77    42.258 54897.56744897 30.61 301.152411 -28.052398 17.503
 77    42.344 54897.56744962 29.46 301.151551 -28.055678 17.503
 77    42.352 54897.56745026 30.42 301.150681 -28.058958 17.503
 77    42.330 54897.56745090 35.33 301.149821 -28.062248 17.503
 77    42.372 54897.56745155 44.40 301.148951 -28.065528 17.503
 77    42.331 54897.56745219 43.74 301.148091 -28.068808 17.503
 78    42.286 54932.56740494 32.86 301.163139 -28.004827 17.815
 78    42.301 54932.56740558 25.54 301.162279 -28.008107 17.815
 78    42.188 54932.56740623 41.87 301.161409 -28.011387 17.815
 78    42.108 54932.56740752 33.79 301.159679 -28.017957 17.815
 78    42.177 54932.56740816 24.67 301.158819 -28.021237 17.815
 78    41.690 54932.56740881 24.12 301.157959 -28.024517 17.815
 78    41.585 54932.56740945 25.31 301.157089 -28.027807 17.815
 78    41.364 54932.56741010 26.86 301.156225 -28.031080 11.511
 78    41.097 54932.56741074 30.32 301.155365 -28.034370 11.511
 78    41.434 54932.56741138 33.38 301.154495 -28.037650 11.511
 78    41.549 54932.56741203 33.11 301.153635 -28.040930 11.511
 78    41.384 54932.56741267 31.52 301.152765 -28.044220 11.511
 78    41.224 54932.56741332 30.99 301.151905 -28.047500 11.511
 78    41.181 54932.56741396 28.19 301.151045 -28.050780 11.511
 78    40.962 54932.56741461 25.67 301.150175 -28.054060 11.511
 78    40.541 54932.56741525 25.78 301.149315 -28.057350 11.511
 78    41.493 54932.56741590 22.78 301.148445 -28.060630 11.511
 78    41.912 54932.56741654 27.05 301.147585 -28.063910 11.511
 78    41.933 54932.56741719 36.71 301.146715 -28.067190 11.511
 78    42.087 54932.56741783 27.37 301.145855 -28.070480 11.511
 79    41.327 54967.56743982 25.00 301.165909 -28.003172 14.947
 79    41.350 54967.56744046 29.77 301.165049 -28.006452 14.947
 79    41.329 54967.56744111 29.16 301.164179 -28.009732 14.947
 79    41.211 54967.56744175 27.46 301.163319 -28.013022 14.947
 79    41.247 54967.56744239 27.78 301.162459 -28.016302 14.947
 79    41.329 54967.56744304 21.49 301.161589 -28.019582 14.947
 79    41.317 54967.56744368 17.99 301.160729 -28.022862 14.947
 79    41.377 54967.56744433 18.01 301.159859 -28.026152 14.947
 79    41.496 54967.56744497 15.59 301.158999 -28.029432 14.947
 79    41.448 54967.56744562 16.85 301.158139 -28.032712 14.947
 79    41.828 54967.56744626 16.76 301.157269 -28.035992 14.947
 79    41.974 54967.56744691 16.04 301.156408 -28.039282 10.908
 79    41.805 54967.56744755 16.86 301.155548 -28.042562 10.908
 79    41.384 54967.56744820 16.91 301.154678 -28.045842 10.908
 79    40.861 54967.56744884 17.92 301.153818 -28.049122 10.908
 79    40.727 54967.56744949 16.38 301.152948 -28.052412 10.908
 79    40.451 54967.56745013 16.79 301.152088 -28.055692 10.908
 79    40.655 54967.56745078 15.36 301.151218 -28.058972 10.908
 79    40.774 54967.56745142 24.51 301.150358 -28.062252 10.908
 79    40.759 54967.56745206 32.39 301.149498 -28.065542 10.908
 79    40.670 54967.56745271 25.86 301.148628 -28.068822 10.908
 80    42.172 55002.56746005 34.37 301.163061 -28.002249 15.998
 80    41.903 55002.56746069 34.63 301.162201 -28.005529 15.998
 80    42.045 55002.56746134 32.82 301.161331 -28.008809 15.998
 80    41.978 55002.56746198 35.38 301.160471 -28.012089 15.998
 80    41.779 55002.56746392 19.45 301.157881 -28.021939 15.998
 80    41.882 55002.56746456 20.37 301.157011 -28.025219 15.998
 80    41.809 55002.56746521 21.72 301.156152 -28.028510  6.420
 80    41.670 55002.56746585 22.24 301.155282 -28.031790  6.420
 80    41.821 55002.56746650 23.27 301.154422 -28.035070  6.420
 80    41.860 55002.56746714 22.37 301.153562 -28.038350  6.420
 80    41.802 55002.56746778 22.01 301.152692 -28.041640  6.420
 80    41.307 55002.56746843 22.56 301.151832 -28.044920  6.420
 80    41.208 55002.56746907 22.43 301.150962 -28.048200  6.420
 80    41.152 55002.56746972 22.02 301.150102 -28.051480  6.420
 80    40.902 55002.56747036 22.01 301.149242 -28.054770  6.420
 80    40.366 55002.56747101 21.54 301.148372 -28.058050  6.420
 80    41.331 55002.56747165 19.80 301.147512 -28.061330  6.420
 80    41.612 55002.56747230 22.48 301.146642 -28.064610  6.420
 80    41.646 55002.56747294 31.62 301.145782 -28.067900  6.420
 80    41.590 55002.56747359 25.33 301.144912 -28.071180  6.420
 81    42.719 55037.56744610 24.30 301.167237 -28.003663  6.830
 81    42.745 55037.56744674 24.98 301.166367 -28.006943  6.830
 81    42.888 55037.56744739 29.62 301.165507 -28.010233  6.830
 81    42.775 55037.56744803 30.98 301.164647 -28.013513  6.830
 81    42.624 55037.56744868 24.78 301.163777 -28.016793  6.830
 81    42.582 55037.56744932 22.10 301.162917 -28.020083  6.830
 81    42.370 55037.56744997 21.27 301.162047 -28.023363  6.830
 81    42.120 55037.56745061 20.84 301.161187 -28.026643  6.830
 81    42.110 55037.56745126 21.41 301.160327 -28.029923  6.830
 81    42.034 55037.56745190 21.60 301.159457 -28.033213  6.830
 81    41.923 55037.56745255 21.50 301.158596 -28.036495  4.686
 81    41.992 55037.56745319 20.34 301.157736 -28.039775  4.686
 81    41.880 55037.56745383 20.54 301.156866 -28.043055  4.686
 81    42.014 55037.56745448 19.56 301.156006 -28.046335  4.686
 81    42.038 55037.56745512 18.81 301.155136 -28.049625  4.686
 81    41.948 55037.56745577 18.52 301.154276 -28.052905  4.686
 81    41.679 55037.56745641 17.07 301.153416 -28.056185  4.686
 82    42.508 55072.56743265 26.43 301.167497 -28.003182 14.981
 82    42.291 55072.56743329 25.15 301.166637 -28.006472 14.981
 82    42.460 55072.56743393 25.26 301.165767 -28.009752 14.981
 82    42.335 55072.56743458 31.44 301.164907 -28.013032 14.981
 82    42.384 55072.56743522 26.23 301.164037 -28.016312 14.981
 82    42.509 55072.56743587 21.24 301.163177 -28.019602 14.981
 82    42.343 55072.56743651 19.53 301.162317 -28.022882 14.981
 82    42.217 55072.56743716 22.06 301.161447 -28.026162 14.981
 82    42.132 55072.56743780 21.10 301.160587 -28.029452 14.981
 82    42.040 55072.56743845 21.95 301.159727 -28.032732 14.981
 82    42.205 55072.56743909 22.42 301.158857 -28.036012 14.981
 82    42.376 55072.56743974 22.93 301.157997 -28.039292 14.981
 82    42.349 55072.56744038 18.25 301.157137 -28.042582 14.981
 82    42.041 55072.56744103 15.17 301.156269 -28.045864  6.813
 82    41.990 55072.56744167 13.34 301.155399 -28.049144  6.813
 82    41.933 55072.56744232 12.58 301.154539 -28.052424  6.813
 82    41.929 55072.56744296 12.19 301.153679 -28.055704  6.813
 83    43.869 55107.56737909 41.93 301.162842 -28.003127 18.845
 83    43.935 55107.56737974 34.59 301.161982 -28.006417 18.845
 83    43.937 55107.56738038 32.43 301.161122 -28.009697 18.845
 83    43.780 55107.56738232 44.89 301.158522 -28.019547 18.845
 83    43.798 55107.56738296 32.01 301.157662 -28.022827 18.845
 83    43.791 55107.56738360 32.60 301.156802 -28.026107 18.845
 83    43.663 55107.56738425 31.48 301.155932 -28.029387 18.845
 83    43.534 55107.56738489 30.78 301.155066 -28.032677 12.609
 83    43.284 55107.56738554 31.51 301.154206 -28.035957 12.609
 83    43.199 55107.56738618 31.20 301.153336 -28.039237 12.609
 83    43.327 55107.56738683 28.79 301.152476 -28.042517 12.609
 83    43.289 55107.56738747 28.25 301.151616 -28.045807 12.609
 83    43.267 55107.56738812 28.76 301.150746 -28.049087 12.609
 83    42.975 55107.56738876 28.33 301.149886 -28.052367 12.609
 83    42.900 55107.56738941 28.97 301.149016 -28.055647 12.609
 83    43.018 55107.56739005 30.14 301.148156 -28.058937 12.609
 83    43.678 55107.56739070 29.53 301.147286 -28.062217 12.609
 83    43.600 55107.56739134 42.74 301.146426 -28.065497 12.609
 83    43.575 55107.56739199 46.93 301.145556 -28.068777 12.609
 84    44.315 55142.56738393 42.66 301.165374 -28.003541 24.527
 84    44.414 55142.56738457 45.24 301.164504 -28.006821 24.527
 84    44.299 55142.56738522 44.38 301.163644 -28.010111 24.527
 84    44.325 55142.56738586 45.22 301.162784 -28.013391 24.527
 84    44.309 55142.56738650 38.37 301.161914 -28.016671 24.527
 84    44.322 55142.56738715 34.80 301.161054 -28.019951 24.527
 84    44.364 55142.56738779 35.12 301.160194 -28.023241 24.527
 84    44.262 55142.56738844 38.60 301.159324 -28.026521 24.527
 84    44.311 55142.56738908 35.47 301.158464 -28.029801 24.527
 84    44.174 55142.56738973 37.24 301.157594 -28.033081 24.527
 84    44.260 55142.56739037 36.54 301.156735 -28.036364 15.113
 84    44.151 55142.56739102 32.51 301.155875 -28.039654 15.113
 84    44.060 55142.56739166 30.89 301.155005 -28.042934 15.113
 84    44.151 55142.56739231 31.08 301.154145 -28.046214 15.113
 84    44.256 55142.56739295 31.26 301.153275 -28.049504 15.113
 84    44.584 55142.56739360 28.92 301.152415 -28.052784 15.113
 84    44.533 55142.56739424 30.50 301.151545 -28.056064 15.113
 84    44.402 55142.56739489 33.23 301.150685 -28.059344 15.113
 84    44.521 55142.56739553 33.38 301.149825 -28.062634 15.113
 84    44.495 55142.56739617 41.17 301.148955 -28.065914 15.113
 84    44.552 55142.56739682 43.63 301.148095 -28.069194 15.113
 85    44.494 55177.56734973 32.07 301.163760 -28.002894 14.227
 85    44.248 55177.56735037 30.35 301.162890 -28.006174 14.227
 85    44.272 55177.56735102 31.01 301.162030 -28.009454 14.227
 85    44.702 55177.56735166 29.66 301.161160 -28.012744 14.227
 85    44.656 55177.56735230 39.56 301.160300 -28.016024 14.227
 85    44.246 55177.56735295 41.96 301.159430 -28.019304 14.227
 85    44.281 55177.56735359 29.83 301.158570 -28.022584 14.227
 85    44.316 55177.56735424 29.24 301.157702 -28.025875 14.104
 85    44.316 55177.56735488 28.55 301.156842 -28.029155 14.104
 85    44.239 55177.56735553 28.22 301.155972 -28.032435 14.104
 85    44.214 55177.56735617 28.06 301.155112 -28.035715 14.104
 85    44.102 55177.56735682 26.29 301.154252 -28.039005 14.104
 85    44.311 55177.56735746 24.99 301.153382 -28.042285 14.104
 85    44.350 55177.56735811 27.04 301.152522 -28.045565 14.104
 85    44.771 55177.56735875 24.33 301.151652 -28.048845 14.104
 85    45.237 55177.56735940 23.66 301.150792 -28.052135 14.104
 85    44.878 55177.56736004 26.22 301.149922 -28.055415 14.104
 85    44.862 55177.56736069 26.82 301.149062 -28.058695 14.104
 85    44.761 55177.56736133 30.88 301.148192 -28.061975 14.104
 85    46.420 55177.56736198 32.60 301.147332 -28.065265 14.104
 85    44.862 55177.56736262 36.77 301.146462 -28.068545 14.104
 86    45.018 55212.56737876 31.42 301.165606 -28.003412 14.300
 86    44.923 55212.56737941 33.18 301.164746 -28.006692 14.300
 86    44.788 55212.56738005 33.61 301.163876 -28.009982 14.300
 86    44.945 55212.56738070 30.35 301.163016 -28.013262 14.300
 86    45.046 55212.56738134 34.49 301.162146 -28.016542 14.300
 86    44.912 55212.56738199 30.86 301.161286 -28.019822 14.300
 86    44.708 55212.56738263 29.32 301.160426 -28.023112 14.300
 86    44.621 55212.56738328 29.58 301.159556 -28.026392 14.300
 86    44.622 55212.56738392 28.18 301.158696 -28.029672 14.300
 86    44.557 55212.56738457 28.04 301.157826 -28.032962 14.300
 86    44.510 55212.56738521 29.41 301.156967 -28.036243 14.929
 86    44.315 55212.56738586 27.31 301.156097 -28.039523 14.929
 86    44.406 55212.56738650 23.81 301.155237 -28.042803 14.929
 86    44.462 55212.56738715 21.85 301.154377 -28.046083 14.929
 86    44.673 55212.56738779 21.92 301.153507 -28.049373 14.929
 86    44.891 55212.56738843 22.11 301.152647 -28.052653 14.929
 86    44.835 55212.56738908 29.67 301.151777 -28.055933 14.929
 86    45.079 55212.56738972 27.38 301.150917 -28.059213 14.929
 86    44.866 55212.56739037 27.76 301.150057 -28.062503 14.929
 86    44.812 55212.56739101 38.85 301.149187 -28.065783 14.929
 86    44.810 55212.56739166 41.66 301.148327 -28.069063 14.929
 87    44.783 55247.56735196 34.65 301.164744 -28.002588 12.997
 87    44.454 55247.56735260 30.97 301.163874 -28.005868 12.997
 87    44.327 55247.56735325 30.19 301.163014 -28.009148 12.997
 87    44.616 55247.56735389 31.18 301.162144 -28.012438 12.997
 87    44.590 55247.56735454 39.12 301.161284 -28.015720 14.685
 87    44.565 55247.56735518 35.52 301.160424 -28.019000 14.685
 87    44.409 55247.56735583 29.81 301.159554 -28.022280 14.685
 87    44.358 55247.56735647 29.10 301.158694 -28.025560 14.685
 87    44.302 55247.56735712 27.70 301.157824 -28.028850 14.685
 87    44.344 55247.56735776 27.08 301.156964 -28.032130 14.685
 87    44.159 55247.56735841 26.13 301.156094 -28.035410 14.685
 87    44.121 55247.56735905 25.59 301.155234 -28.038690 14.685
 87    44.098 55247.56735970 22.89 301.154374 -28.041980 14.685
 87    44.140 55247.56736034 20.60 301.153504 -28.045260 14.685
 87    44.063 55247.56736098 19.18 301.152644 -28.048540 14.685
 87    44.117 55247.56736163 18.37 301.151774 -28.051820 14.685
 87    44.667 55247.56736227 18.22 301.150914 -28.055110 14.685
 87    44.503 55247.56736292 17.81 301.150044 -28.058390 14.685
 87    44.531 55247.56736356 19.09 301.149184 -28.061670 14.685
 87    44.566 55247.56736421 25.43 301.148314 -28.064950 14.685
 87    44.592 55247.56736485 29.22 301.147454 -28.068240 14.685
 88    43.982 55282.56737175 28.70 301.165984 -28.003982 11.867
 88    43.976 55282.56737240 27.43 301.165124 -28.007262 11.867
 88    44.215 55282.56737304 31.84 301.164254 -28.010542 11.867
 88    43.992 55282.56737369 29.95 301.163394 -28.013832 11.867
 88    44.167 55282.56737433 31.06 301.162534 -28.017112 11.867
 88    44.050 55282.56737498 28.50 301.161664 -28.020392 11.867
 88    43.852 55282.56737562 26.99 301.160804 -28.023682 11.867
 88    43.861 55282.56737627 27.09 301.159944 -28.026962 11.867
 88    43.780 55282.56737691 26.54 301.159074 -28.030242 11.867
 88    43.691 55282.56737755 26.26 301.158214 -28.033522 11.867
 88    43.538 55282.56737820 23.56 301.157354 -28.036812 11.867
 88    43.612 55282.56737884 22.71 301.156485 -28.040096  6.383
 88    43.724 55282.56737949 20.84 301.155625 -28.043376  6.383
 88    43.874 55282.56738013 19.57 301.154755 -28.046656  6.383
 88    44.156 55282.56738078 19.30 301.153895 -28.049936  6.383
 88    44.894 55282.56738142 18.49 301.153025 -28.053216  6.383
 88    48.955 55282.56738207 18.61 301.152165 -28.056506  6.383
 88    44.329 55282.56738271 25.12 301.151295 -28.059786  6.383
 88    44.562 55282.56738336 25.23 301.150435 -28.063066  6.383
 88    44.162 55282.56738400 34.88 301.149575 -28.066356  6.383
 89    44.650 55317.56734065 39.00 301.165134 -28.002338 18.721
 89    44.643 55317.56734130 37.70 301.164274 -28.005618 18.721
 89    44.647 55317.56734194 38.69 301.163404 -28.008908 18.721
 89    44.628 55317.56734258 42.81 301.162544 -28.012188 18.721
 89    44.593 55317.56734323 41.36 301.161674 -28.015468 18.721
 89    44.533 55317.56734387 38.67 301.160814 -28.018748 18.721
 89    44.532 55317.56734452 34.96 301.159954 -28.022038 18.721
 89    44.373 55317.56734516 32.46 301.159084 -28.025318 18.721
 89    44.313 55317.56734581 32.81 301.158224 -28.028598 18.721
 89    44.228 55317.56734645 33.37 301.157364 -28.031878 18.721
 89    44.384 55317.56734710 33.09 301.156495 -28.035169 11.439
 89    44.465 55317.56734774 32.32 301.155635 -28.038449 11.439
 89    44.490 55317.56734839 32.87 301.154765 -28.041729 11.439
 89    44.493 55317.56734903 33.36 301.153905 -28.045009 11.439
 89    44.378 55317.56734968 35.15 301.153035 -28.048299 11.439
 89    43.990 55317.56735032 37.34 301.152175 -28.051579 11.439
 89    44.047 55317.56735097 37.05 301.151305 -28.054859 11.439
 89    44.408 55317.56735161 35.89 301.150445 -28.058139 11.439
 89    44.438 55317.56735225 37.24 301.149585 -28.061429 11.439
 89    44.469 55317.56735290 40.92 301.148715 -28.064709 11.439
 89    44.520 55317.56735354 47.18 301.147855 -28.067989 11.439
 90    43.360 55352.56734461 32.43 301.166750 -28.002536  9.868
 90    43.404 55352.56734526 34.29 301.165880 -28.005816  9.868
 90    43.359 55352.56734590 36.95 301.165020 -28.009106  9.868
 90    43.360 55352.56734655 38.76 301.164160 -28.012386  9.868
 90    43.158 55352.56734719 30.12 301.163290 -28.015666  9.868
 90    43.177 55352.56734784 28.24 301.162430 -28.018946  9.868
 90    43.119 55352.56734848 25.37 301.161570 -28.022236  9.868
 90    42.993 55352.56734913 24.66 301.160700 -28.025516  9.868
 90    42.980 55352.56734977 24.26 301.159840 -28.028796  9.868
 90    42.879 55352.56735042 23.64 301.158980 -28.032086  9.868
 90    42.899 55352.56735106 23.36 301.158112 -28.035367  6.954
 90    42.752 55352.56735170 22.44 301.157242 -28.038647  6.954
 90    42.877 55352.56735235 21.65 301.156382 -28.041927  6.954
 90    43.893 55352.56735299 21.00 301.155522 -28.045207  6.954
 90    44.341 55352.56735364 20.81 301.154652 -28.048497  6.954
 90    45.498 55352.56735428 19.35 301.153792 -28.051777  6.954
 90    45.292 55352.56735493 20.39 301.152922 -28.055057  6.954
 90    44.936 55352.56735557 24.80 301.152062 -28.058337  6.954
 90    44.705 55352.56735622 31.38 301.151202 -28.061627  6.954
 91    42.488 55387.56734110 37.21 301.162013 -28.004148 24.931
 91    42.432 55387.56734175 38.12 301.161153 -28.007428 24.931
 91    42.311 55387.56734239 40.48 301.160283 -28.010708 24.931
 91    42.859 55387.56734497 31.43 301.156823 -28.023838 24.931
 91    42.862 55387.56734562 32.16 301.155963 -28.027128 24.931
 91    42.484 55387.56734626 32.50 301.155097 -28.030409 19.137
 91    42.222 55387.56734691 33.42 301.154237 -28.033689 19.137
 91    42.133 55387.56734755 34.91 301.153367 -28.036969 19.137
 91    42.028 55387.56734820 36.13 301.152507 -28.040249 19.137
 91    41.871 55387.56734884 37.66 301.151637 -28.043539 19.137
 91    42.128 55387.56734948 35.26 301.150777 -28.046819 19.137
 91    41.731 55387.56735013 32.20 301.149917 -28.050099 19.137
 91    41.668 55387.56735077 30.97 301.149047 -28.053379 19.137
 91    41.887 55387.56735142 29.44 301.148187 -28.056669 19.137
 91    42.007 55387.56735206 30.59 301.147317 -28.059949 19.137
 91    41.968 55387.56735271 31.95 301.146457 -28.063229 19.137
 91    41.998 55387.56735335 36.94 301.145587 -28.066509 19.137
 91    41.988 55387.56735400 43.71 301.144727 -28.069799 19.137
 92    42.289 55422.56736221 25.98 301.166861 -28.004375  8.918
 92    43.186 55422.56736285 27.47 301.166001 -28.007655  8.918
 92    42.424 55422.56736350 28.27 301.165131 -28.010935  8.918
 92    42.661 55422.56736414 24.84 301.164271 -28.014225  8.918
 92    42.024 55422.56736479 24.51 301.163411 -28.017505  8.918
 92    42.350 55422.56736543 20.01 301.162541 -28.020785  8.918
 92    42.497 55422.56736607 19.66 301.161681 -28.024065  8.918
 92    42.448 55422.56736672 19.97 301.160821 -28.027355  8.918
 92    42.397 55422.56736736 19.36 301.159951 -28.030635  8.918
 92    42.137 55422.56736801 19.76 301.159091 -28.033915  8.918
 92    42.111 55422.56736865 19.65 301.158221 -28.037205  8.918
 92    42.043 55422.56736930 16.84 301.157361 -28.040486  9.802
 92    41.968 55422.56736994 16.53 301.156501 -28.043766  9.802
 92    42.159 55422.56737059 15.30 301.155631 -28.047046  9.802
 92    44.493 55422.56737123 14.51 301.154771 -28.050326  9.802
 92    49.002 55422.56737188 14.13 301.153901 -28.053616  9.802
 92    42.481 55422.56737252 15.20 301.153041 -28.056896  9.802
 93    42.170 55457.56733606 24.28 301.167737 -28.005570  5.992
 93    42.096 55457.56733671 24.89 301.166867 -28.008850  5.992
 93    42.109 55457.56733735 24.94 301.166007 -28.012130  5.992
 93    41.712 55457.56733800 23.63 301.165147 -28.015410  5.992
 93    41.925 55457.56733864 22.54 301.164277 -28.018700  5.992
 93    54.338 55457.56733929 18.82 301.163417 -28.021980  5.992
 93    54.964 55457.56733993 18.35 301.162547 -28.025260  5.992
 93    42.252 55457.56734058 19.14 301.161687 -28.028550  5.992
 93    42.089 55457.56734122 19.06 301.160827 -28.031830  5.992
 93    41.847 55457.56734187 20.32 301.159957 -28.035110  5.992
 93    44.647 55457.56734251 19.11 301.159097 -28.038390  5.992
 93    45.021 55457.56734316 19.71 301.158237 -28.041680  5.992
 93    45.279 55457.56734380 19.23 301.157370 -28.044962 13.768
 93    45.424 55457.56734444 18.64 301.156500 -28.048242 13.768
 93    44.847 55457.56734509 23.71 301.155640 -28.051522 13.768
 93    45.168 55457.56734573 26.97 301.154780 -28.054802 13.768
