# NaN NaN NaN ;Mean Elev.(m), Avg Gradient(m/km), RMS Gradient(m/km) - SRTM1     
#   53.462   0.037   3.211 ;Mean Elev.(m), Avg Gradient(m/km), RMS Gradient(m/km) - ASTER GDEM
#   53.869  -0.052   3.645 ;Mean Elev.(m), Avg Gradient(m/km), RMS Gradient(m/km) - GMTED2010 
  8 302.557423 -27.405542    56.035    54.315 10 52489.08864206 38.612
  9 302.551703 -27.404743    55.073    53.589 10 52524.08861792 23.996
 10 302.552994 -27.406197    58.966    57.408 10 52559.08866726 26.776
 11 302.547849 -27.404863    55.219    54.646 10 52594.08867025 35.402
 12 302.562732 -27.407678    54.663    54.535 10 52629.08859658 39.598
 13 302.552408 -27.404707    54.691    54.701 10 52664.08863200 32.855
 14 302.563578 -27.407632    58.068    56.317 10 52699.08860589 34.696
 15 302.561120 -27.407132    58.128    56.561  9 52734.08863168 28.730
 16 302.549787 -27.406406    54.023    54.053 10 52769.08862994 28.404
 17 302.557560 -27.406691    54.350    54.406 10 52804.08865684 40.110
 18 302.558298 -27.405701    53.733    53.725 10 52839.08871965 40.867
 19 302.556601 -27.406197    53.640    53.610  9 52874.08875904 23.476
 21 302.566284 -27.408412    57.024    54.162  9 52944.08866957 24.185
 22 302.557822 -27.406881    54.349    54.463 10 52979.08872461 40.760
 23 302.550618 -27.404223    54.837    54.851 10 53014.08872338 49.212
 24 302.557683 -27.406409    54.080    54.045  9 53049.08869499 37.425
 25 302.545942 -27.404354    53.836    53.799 11 53084.08873093 39.459
 26 302.553604 -27.406282    57.347    56.181 10 53119.08870059 33.650
 27 302.549474 -27.404793    54.564    54.547 10 53154.08875291 41.875
 28 302.561749 -27.406896    54.074    54.048  9 53189.08874135 46.325
 29 302.556094 -27.406153    57.821    56.449 10 53224.08875574 30.060
 30 302.548507 -27.407724    53.606    53.634 11 53259.08873073 23.665
 31 302.548375 -27.404208    59.327    56.962 10 53294.08875594 22.753
 32 302.555862 -27.405270    55.496    55.609 10 53329.08872884 42.064
 33 302.556259 -27.405397    54.534    54.524 10 53364.08868047 50.489
 35 302.555277 -27.405736    55.943    54.546 10 53434.08869447 48.949
 36 302.555573 -27.406373    57.637    56.490 10 53469.08873600 28.389
 37 302.549528 -27.404677    55.220    53.792 10 53504.08878125 43.791
 38 302.552649 -27.404570    59.112    57.161 10 53539.08877921 28.078
 39 302.549608 -27.405363    54.133    54.111 11 53574.08877684 43.704
 40 302.550396 -27.406239    53.873    53.844 10 53609.08872642 44.346
 41 302.556933 -27.406307    54.336    54.384 10 53644.08872869 34.373
 42 302.548838 -27.405316    56.417    56.449 10 53679.08874679 33.871
 43 302.556140 -27.406601    57.571    56.569 10 53714.08867464 23.515
 44 302.563627 -27.406848    57.081    54.557  9 53749.08858922 33.271
 45 302.558461 -27.406937    54.405    54.422 10 53784.08861996 50.801
 46 302.554239 -27.406200    55.016    55.112 10 53819.08858156 34.759
 47 302.552262 -27.405699    54.154    54.167 10 53854.08866168 51.032
 48 302.563094 -27.407408    56.936    54.498 10 53889.08866936 29.190
 49 302.545178 -27.405500    53.619    53.628 10 53924.08873787 43.961
 50 302.545862 -27.404808    53.541    53.548 10 53959.08872898 51.074
 51 302.562926 -27.407451    53.971    53.657  9 53994.08865866 39.228
 52 302.559235 -27.406436    54.175    54.228 10 54029.08871839 34.358
 53 302.558260 -27.406479    54.363    54.335  9 54064.08871166 45.801
 54 302.552274 -27.405611    55.742    55.754  9 54099.08867850 44.643
 55 302.557749 -27.406030    57.046    57.028 10 54134.08863635 45.818
 57 302.556906 -27.406183    58.034    56.250  9 54204.08863990 34.565
 58 302.556057 -27.406133    55.917    54.916  9 54239.08867506 35.814
 59 302.555201 -27.405645    53.965    53.993  9 54274.08869291 36.545
 60 302.556168 -27.406534    54.052    53.967 10 54309.08869395 31.710
 61 302.553963 -27.406345    53.661    53.627  9 54344.08867123 36.969
 62 302.557001 -27.406899    54.276    54.238  9 54379.08862963 47.393
 63 302.554177 -27.405868    54.322    54.342  9 54414.08861920 38.927
 64 302.557716 -27.407086    54.707    54.695  9 54449.08859625 49.913
 65 302.557413 -27.407206    54.376    54.510 10 54484.08861310 26.051
 66 302.558385 -27.406807    54.331    54.344  9 54519.08860985 50.549
 67 302.553036 -27.405952    54.091    53.972  9 54554.08862506 37.472
 68 302.555901 -27.406271    58.223    56.908 10 54589.08860639 31.400
 69 302.554338 -27.406174    55.699    54.099 10 54624.08862383 31.362
 70 302.552945 -27.404718    57.509    55.898 10 54659.08863248 40.093
 71 302.556906 -27.416192    54.934    54.931 10 54694.08861071 45.869
 72 302.557230 -27.406213    53.800    53.710 10 54729.08858678 44.662
 73 302.554483 -27.405141    54.774    54.763 10 54764.08859056 48.525
 74 302.557020 -27.405943    54.583    54.579  9 54799.08857933 49.073
 75 302.554234 -27.405752    53.587    53.608 10 54834.08858132 37.631
 76 302.558514 -27.407344    54.246    54.196 10 54869.08857645 44.748
 77 302.550671 -27.404598    54.383    54.278 10 54904.08859042 39.604
 78 302.556768 -27.406533    55.078    53.907  9 54939.08856734 36.523
 79 302.557633 -27.416076    53.677    53.658 10 54974.08859710 44.366
 80 302.553306 -27.406592    53.712    53.738 10 55009.08861250 31.832
 81 302.555782 -27.406012    54.606    54.617 10 55044.08860228 48.347
 82 302.552835 -27.404702    54.391    54.404 10 55079.08857983 26.750
 83 302.557014 -27.407137    55.876    55.180 10 55114.08853454 41.752
 84 302.553787 -27.406142    55.555    55.548  9 55149.08853451 48.533
 85 302.557132 -27.406164    57.581    56.907 10 55184.08851731 38.850
 86 302.553222 -27.406593    57.425    57.470 10 55219.08853282 41.211
 87 302.558660 -27.406959    56.475    56.431  9 55254.08851275 49.858
 88 302.551855 -27.405970    55.631    55.583 10 55289.08852223 31.577
 89 302.552949 -27.405688    56.507    55.665 10 55324.08850119 29.129
 90 302.553577 -27.406104    57.829    55.979  9 55359.08849908 26.379
 91 302.556132 -27.406136    56.783    54.321  9 55394.08850257 28.061
 92 302.556088 -27.405403    54.285    54.274 10 55429.08851484 50.065
 93 302.554172 -27.405692    54.131    54.084  9 55464.08847784 39.370
