-193538.556    20.639     0.00    2.27
-193162.691    21.046     1.08    2.30
-192786.809    21.045    -0.00    2.30
-192410.909    20.954    -0.24    2.31
-192034.991    20.068    -2.36    2.25
-191659.055    18.782    -3.42    1.85
-191283.101    17.750    -2.75    0.95
-190907.130    17.572    -0.47    0.56
-190531.140    17.808     0.63    0.81
-190155.133    18.136     0.87    1.22
-189779.108    18.697     1.49    1.75
-189403.065    19.636     2.50    2.41
-189027.004    19.958     0.86    2.36
-188650.925    20.107     0.40    1.99
-188274.828    20.386     0.74    1.61
-187898.714    19.909    -1.27    1.04
-187522.581    19.818    -0.24    0.95
-187146.431    19.581    -0.63    1.05
-186770.262    19.500    -0.22    1.05
-186394.076    19.541     0.11    1.05
-186017.872    19.477    -0.17    1.02
-185641.650    19.431    -0.12    1.02
-185265.410    19.386    -0.12    1.00
-184889.152    19.522     0.36    0.96
-184512.876    19.477    -0.12    0.89
-184136.582    19.340    -0.36    0.66
-183760.270    19.204    -0.36    0.68
-183383.940    19.113    -0.24    0.89
-183007.592    19.409     0.78    1.12
-182631.227    19.673     0.70    1.39
-182254.843    19.818     0.39    1.30
-181878.441    19.907     0.24    1.66
-181502.022    20.159     0.67    1.91
-181125.584    19.772    -1.03    1.86
-180749.129    19.410    -0.96    1.95
-180372.655    19.208    -0.54    1.61
-179996.163    19.292     0.22    1.72
-179619.654    19.295     0.01    1.58
-179243.126    19.141    -0.41    1.43
-178866.581    19.038    -0.27    1.30
-178490.017    19.204     0.44    1.61
-178113.436    19.387     0.49    1.69
-177736.836    19.276    -0.29    1.35
-177360.218    19.030    -0.65    0.85
-176983.583    19.045     0.04    0.83
-176606.929    18.958    -0.23    0.86
-176230.257    18.982     0.06    1.17
-175853.567    19.204     0.59    1.35
-175476.859    19.288     0.22    1.16
-175100.133    19.068    -0.59    1.11
-174723.389    19.022    -0.12    1.16
-174346.627    18.945    -0.21    0.98
-173969.847    18.795    -0.40    0.90
-173593.049    18.827     0.08    0.95
-173216.233    18.840     0.04    0.98
-172839.399    19.077     0.63    1.13
-172462.546    19.363     0.76    1.12
-172085.676    19.541     0.47    1.11
-171711.844    19.805     0.71    1.16
-171338.524    19.772    -0.09    1.13
-170965.187    19.888     0.31    1.01
-170591.832    20.045     0.42    1.07
-170218.459    19.852    -0.52    1.10
-169845.068    19.659    -0.52    1.09
-169471.659    19.697     0.10    1.09
-169098.233    19.697     0.00    1.39
-168724.789    19.431    -0.71    1.34
-168351.327    19.313    -0.32    1.32
-167977.847    19.295    -0.05    1.32
-167604.350    18.991    -0.81    1.36
-167230.835    19.090     0.27    1.44
-166857.302    19.163     0.19    1.44
-166483.751    19.458     0.79    1.19
-166110.183    19.522     0.17    1.12
-165736.596    19.513    -0.02    0.92
-165362.992    19.522     0.02    0.96
-164989.370    19.317    -0.55    0.87
-164615.731    19.340     0.06    1.07
-164242.073    19.119    -0.59    1.15
-163868.398    19.293     0.47    1.12
-163494.705    19.409     0.31    1.08
-163120.993    19.488     0.21    0.91
-162747.265    19.431    -0.15    0.95
-162373.518    19.387    -0.12    1.12
-161999.753    19.295    -0.25    1.11
-161625.971    19.452     0.42    1.28
-161252.171    19.863     1.10    1.27
-160878.353    20.022     0.43    1.16
-160504.517    19.913    -0.29    1.08
-160130.663    19.818    -0.26    1.02
-159756.791    19.828     0.03    0.98
-159382.901    19.795    -0.09    1.23
-159008.994    19.874     0.21    1.34
-158635.069    19.828    -0.12    1.22
-158261.125    19.681    -0.39    0.96
-157887.164    19.788     0.29    0.87
-157513.185    19.818     0.08    0.87
-157139.188    19.572    -0.66    0.91
-156765.174    19.659     0.23    1.23
-156391.141    19.963     0.81    1.34
-156017.090    19.921    -0.11    1.12
-155643.022    19.954     0.09    1.19
-155268.935    19.788    -0.44    1.28
-154894.831    19.250    -1.44    1.43
-154520.708    19.154    -0.26    1.54
-154146.568    19.227     0.19    1.71
-153772.410    19.141    -0.23    1.55
-153398.234    19.131    -0.03    1.57
-153024.039    19.113    -0.05    1.64
-152649.827    18.513    -1.60    1.31
-152275.597    18.045    -1.25    1.18
-151901.349    18.131     0.23    1.23
-151527.083    18.272     0.38    1.34
-151152.799    18.385     0.30    1.41
-150778.497    18.526     0.38    1.65
-150404.177    18.613     0.23    1.67
-150029.840    18.563    -0.13    1.49
-149655.484    18.318    -0.66    1.16
-149281.110    18.084    -0.62    1.01
-148906.718    18.068    -0.04    1.00
-148532.308    17.985    -0.22    0.91
-148157.880    18.077     0.25    0.89
-147783.434    18.318     0.64    1.01
-147408.970    18.286    -0.08    0.98
-147034.488    18.250    -0.10    0.92
-146659.988    18.247    -0.01    0.82
-146285.470    18.181    -0.17    0.66
-145910.934    18.272     0.24    0.83
-145536.380    18.290     0.05    1.08
-145161.808    18.136    -0.41    1.05
-144787.218    18.063    -0.19    1.11
-144412.610    17.977    -0.23    0.92
-144037.983    18.000     0.06    0.92
-143663.339    17.759    -0.64    0.88
-143288.677    17.750    -0.02    0.89
-142913.996    17.753     0.01    0.89
-142539.298    17.681    -0.19    0.83
-142164.581    17.594    -0.23    0.96
-141789.846    17.886     0.78    1.09
-141415.094    17.886     0.00    1.11
-141040.323    18.154     0.71    1.06
-140665.534    18.008    -0.39    1.07
-140290.726    18.013     0.01    0.98
-139915.901    17.863    -0.40    1.19
-139541.058    17.568    -0.79    0.98
-139166.197    17.596     0.07    0.97
-138791.317    17.545    -0.14    0.90
-138416.419    17.572     0.07    0.86
-138041.503    17.608     0.09    0.93
-137666.569    17.663     0.15    0.91
-137291.617    17.431    -0.62    1.19
-136916.647    17.158    -0.73    1.22
-136541.659    16.795    -0.97    1.23
-136166.652    16.500    -0.79    0.98
-135791.628    16.363    -0.36    0.93
-135416.585    16.319    -0.12    0.93
-135041.524    16.188    -0.35    1.15
-134666.444    16.159    -0.08    1.19
-134291.347    16.268     0.29    1.14
-133916.232    16.568     0.80    1.23
-133541.098    16.697     0.34    1.38
-133165.946    16.792     0.25    1.47
-132790.776    16.668    -0.33    1.38
-132415.587    16.625    -0.11    1.45
-132040.381    16.590    -0.09    1.26
-131665.156    16.945     0.94    1.43
-131289.913    17.227     0.75    1.49
-130914.652    17.500     0.73    1.55
-130539.373    17.911     1.10    1.61
-130164.075    18.141     0.61    1.70
-129788.759    18.503     0.96    1.70
-129413.425    18.613     0.29    1.73
-129038.073    18.522    -0.24    1.51
-128662.703    18.320    -0.54    1.44
-128287.314    18.386     0.18    1.49
-127911.907    18.387     0.00    1.42
-127536.481    18.630     0.65    1.39
-127161.038    19.107     1.27    1.26
-126785.576    19.022    -0.23    1.26
-126410.096    18.704    -0.85    1.60
-126034.598    18.472    -0.62    1.54
-125659.081    18.500     0.07    1.29
-125283.546    18.477    -0.06    1.33
-124907.993    18.252    -0.60    1.25
-124532.421    18.386     0.36    1.28
-124156.831    18.204    -0.48    1.20
-123781.223    18.272     0.18    0.98
-123405.597    18.477     0.54    0.99
-123029.952    18.068    -1.09    1.53
-122654.289    17.886    -0.48    1.47
-122278.608    17.977     0.24    1.65
-121902.908    17.681    -0.79    1.58
-121527.190    17.750     0.18    1.30
-121151.454    17.681    -0.18    1.33
-120775.699    17.159    -1.39    1.07
-120399.926    16.977    -0.48    0.97
-120024.134    16.886    -0.24    0.98
-119648.325    16.840    -0.12    0.93
-119272.497    16.985     0.39    1.01
-118896.650    16.887    -0.26    1.06
-118520.785    16.886    -0.00    0.93
-118144.902    16.820    -0.18    0.91
-117769.001    16.750    -0.19    0.84
-117393.081    16.681    -0.18    0.88
-117017.142    16.456    -0.60    0.95
-116641.185    16.341    -0.31    0.99
-116265.210    16.292    -0.13    1.07
-115889.217    16.433     0.38    1.01
-115513.205    16.585     0.41    1.13
-115137.175    16.585     0.00    1.28
-114761.126    16.665     0.21    1.44
-114385.059    16.554    -0.30    1.31
-114008.973    16.497    -0.15    1.39
-113632.869    16.506     0.03    1.39
-113256.747    16.674     0.45    1.44
-112880.606    16.659    -0.04    1.42
-112504.446    16.456    -0.54    1.48
-112128.269    16.227    -0.61    1.23
-111752.072    16.013    -0.57    1.08
-111375.858    16.163     0.40    1.34
-110999.625    15.898    -0.70    1.50
-110623.373    15.613    -0.76    1.57
-110247.103    15.522    -0.24    1.55
-109870.814    15.413    -0.29    1.45
-109494.507    15.409    -0.01    1.51
-109118.182    15.063    -0.92    1.36
-108741.838    14.519    -1.45    1.04
-108365.475    14.317    -0.54    1.07
-107989.094    14.204    -0.30    1.14
-107612.695    14.385     0.48    1.22
-107236.277    14.485     0.26    1.38
-106859.840    14.613     0.34    1.50
-106483.385    14.875     0.70    1.36
-106106.912    14.830    -0.12    1.32
-105730.420    14.840     0.03    1.13
-105353.909    14.572    -0.71    1.15
-104977.380    14.500    -0.19    1.13
-104600.832    14.413    -0.23    1.04
-104224.266    14.295    -0.31    1.13
-103847.681    13.898    -1.05    1.30
-103471.078    13.613    -0.76    1.24
-103094.456    13.295    -0.84    1.17
-102717.816    13.119    -0.47    1.18
-102341.157    12.704    -1.10    1.31
-101964.479    12.339    -0.97    1.14
-101587.783    12.061    -0.74    1.34
-101211.068    12.045    -0.04    1.36
-100834.335    12.297     0.67    1.16
-100457.583    12.141    -0.41    1.20
-100080.813    11.851    -0.77    1.14
 -99704.024    11.608    -0.65    1.05
 -99327.216    11.477    -0.35    1.08
 -98950.390    11.227    -0.66    1.15
 -98573.545    11.008    -0.58    0.98
 -98196.681    10.931    -0.20    1.00
 -97819.799    11.052     0.32    1.02
 -97442.898    11.200     0.39    1.04
 -97067.147    11.208     0.02    1.17
 -96693.896    11.068    -0.37    1.13
 -96320.627    10.954    -0.30    1.11
 -95947.340    10.795    -0.43    1.09
 -95574.034    10.954     0.43    1.06
 -95200.710    11.363     1.10    1.06
 -94827.368    11.613     0.67    1.04
 -94454.008    11.652     0.10    0.94
 -94080.629    11.750     0.26    0.97
 -93707.232    11.500    -0.67    1.11
 -93333.817    11.477    -0.06    1.22
 -92960.383    11.659     0.49    1.15
 -92586.931    11.727     0.18    1.22
 -92213.461    11.636    -0.24    1.21
 -91839.972    11.431    -0.55    1.13
 -91466.466    11.386    -0.12    1.05
 -91092.940    11.340    -0.12    0.93
 -90719.397    11.545     0.55    1.32
 -90345.835    11.863     0.85    1.58
 -89972.255    11.750    -0.30    1.65
 -89598.657    11.408    -0.92    1.68
 -89225.040    10.886    -1.40    1.41
 -88851.405    10.541    -0.92    1.13
 -88477.751    10.386    -0.41    1.17
 -88104.079    10.319    -0.18    1.38
 -87730.389    10.204    -0.31    1.41
 -87356.680     9.830    -1.00    1.52
 -86982.953     9.674    -0.42    1.58
 -86609.208     9.545    -0.35    1.57
 -86235.444     9.808     0.70    1.47
 -85861.662    10.477     1.79    2.21
 -85487.862    10.963     1.30    2.54
 -85114.043    11.295     0.89    3.11
 -84740.206    11.941     1.73    3.23
 -84366.350    12.168     0.61    3.19
 -83992.476    12.074    -0.25    2.78
 -83618.583    11.585    -1.31    2.83
 -83244.672    11.386    -0.53    2.87
 -82870.743    10.537    -2.27    2.34
 -82496.795    10.107    -1.15    2.09
 -82122.829    10.022    -0.23    2.07
 -81748.845     9.668    -0.95    1.79
 -81374.842     9.409    -0.69    1.78
 -81000.820     9.852     1.19    1.87
 -80626.780    10.293     1.18    1.74
 -80252.722    10.727     1.16    1.46
 -79878.645    11.030     0.81    1.14
 -79504.550    10.795    -0.63    1.17
 -79130.436    10.428    -0.98    1.24
 -78756.304    10.068    -0.96    1.19
 -78382.153     9.886    -0.49    1.25
 -78007.984     9.805    -0.22    1.26
 -77633.796    10.185     1.02    1.45
 -77259.590    10.292     0.28    1.55
 -76885.365    10.295     0.01    1.50
 -76511.122     9.994    -0.81    1.27
 -76136.860     9.941    -0.14    1.50
 -75762.580     9.712    -0.61    1.56
 -75388.281     9.503    -0.56    1.58
 -75013.964     9.541     0.10    1.51
 -74639.629     9.387    -0.41    1.44
 -74265.274     9.074    -0.84    1.46
 -73890.902     8.763    -0.83    1.30
 -73516.510     8.590    -0.46    1.16
 -73142.100     8.435    -0.42    0.95
 -72767.672     8.549     0.31    1.24
 -72393.225     8.608     0.16    1.17
 -72018.760     8.554    -0.14    1.27
 -71644.275     8.581     0.07    1.28
 -71269.773     8.522    -0.16    1.10
 -70895.252     8.318    -0.55    1.12
 -70520.712     8.113    -0.55    1.08
 -70146.154     8.095    -0.05    1.32
 -69771.577     7.886    -0.56    1.15
 -69396.981     8.022     0.36    1.24
 -69022.367     8.030     0.02    1.21
 -68647.734     8.136     0.28    0.96
 -68273.083     8.181     0.12    1.06
 -67898.413     8.136    -0.12    0.99
 -67523.725     8.138     0.01    1.00
 -67149.018     8.113    -0.07    0.94
 -66774.292     8.163     0.13    0.91
 -66399.548     8.230     0.18    0.87
 -66024.785     8.431     0.54    0.79
 -65650.003     8.431     0.00    0.87
 -65275.203     8.272    -0.42    0.94
 -64900.384     8.213    -0.16    0.95
 -64525.546     8.113    -0.27    0.92
 -64150.690     7.973    -0.37    0.97
 -63775.815     7.886    -0.23    1.13
 -63400.922     7.795    -0.24    1.35
 -63026.010     7.818     0.06    1.50
 -62651.079     7.874     0.15    1.65
 -62276.129     7.778    -0.26    1.64
 -61901.161     7.704    -0.20    1.29
 -61526.174     7.778     0.20    1.14
 -61151.169     7.704    -0.20    1.16
 -60776.144     7.818     0.30    0.95
 -60401.101     7.782    -0.10    1.12
 -60026.040     7.852     0.19    1.12
 -59650.959     7.813    -0.10    1.43
 -59275.860     7.977     0.44    1.66
 -58900.742     7.863    -0.30    1.75
 -58525.606     7.704    -0.42    1.76
 -58150.451     7.454    -0.67    1.64
 -57775.277     7.177    -0.74    1.24
 -57400.084     6.963    -0.57    1.16
 -57024.872     7.038     0.20    1.33
 -56649.642     7.204     0.44    1.18
 -56274.393     7.250     0.12    1.19
 -55899.126     7.295     0.12    1.00
 -55523.839     7.474     0.48    1.13
 -55148.534     7.340    -0.36    1.35
 -54773.210     7.254    -0.23    1.66
 -54397.867     6.839    -1.11    1.81
 -54022.506     6.541    -0.79    1.72
 -53647.125     5.909    -1.68    1.37
 -53271.726     5.689    -0.58    1.03
 -52896.308     5.477    -0.57    1.38
 -52520.872     5.526     0.13    1.53
 -52145.416     5.450    -0.20    1.64
 -51769.942     5.224    -0.60    1.54
 -51394.449     5.630     1.08    1.53
 -51018.937     5.818     0.50    1.30
 -50643.406     6.124     0.82    1.25
 -50267.856     5.963    -0.43    1.10
 -49892.288     5.863    -0.27    1.13
 -49516.701     5.941     0.21    1.10
 -49141.095     5.750    -0.51    1.13
 -48765.470     5.630    -0.32    1.16
 -48389.826     5.431    -0.53    1.04
 -48014.163     5.408    -0.06    1.07
 -47638.482     5.230    -0.47    1.01
 -47262.781     5.250     0.05    1.17
 -46887.062     5.363     0.30    1.09
 -46511.324     5.477     0.30    0.95
 -46135.567     5.596     0.32    1.04
 -45759.791     5.674     0.21    0.95
 -45383.996     5.549    -0.33    0.88
 -45008.183     5.727     0.47    1.06
 -44632.350     5.602    -0.33    0.99
 -44256.499     5.704     0.27    1.03
 -43880.628     5.852     0.39    1.06
 -43504.739     5.852    -0.00    1.18
 -43128.831     5.941     0.24    1.08
 -42752.904     5.673    -0.71    1.20
 -42376.958     5.385    -0.76    1.08
 -42000.993     5.204    -0.48    1.03
 -41625.009     5.008    -0.52    1.03
 -41249.006     5.090     0.22    0.90
 -40872.984     4.958    -0.35    0.91
 -40496.944     4.931    -0.07    1.00
 -40120.884     4.911    -0.05    1.31
 -39744.805     4.863    -0.13    1.77
 -39368.708     4.431    -1.15    2.03
 -38992.591     3.909    -1.39    2.18
 -38616.456     3.409    -1.33    1.94
 -38240.301     3.138    -0.72    2.04
 -37864.128     2.697    -1.17    2.03
 -37487.935     2.782     0.23    2.33
 -37111.724     2.941     0.42    2.40
 -36735.493     3.519     1.54    2.46
 -36359.244     3.958     1.17    2.05
 -35982.975     4.590     1.68    1.55
 -35606.688     4.753     0.43    1.38
 -35230.381     4.719    -0.09    1.19
 -34854.056     4.840     0.32    1.25
 -34477.711     4.840     0.00    1.19
 -34101.348     4.297    -1.45    1.10
 -33724.965     4.338     0.11    1.29
 -33348.563     4.250    -0.24    1.50
 -32972.143     4.387     0.37    1.51
 -32595.703     4.272    -0.30    1.41
 -32219.244     4.230    -0.11    1.47
 -31842.766     4.022    -0.55    1.61
 -31466.269     3.754    -0.71    1.73
 -31089.753     3.119    -1.69    1.61
 -30713.218     2.541    -1.54    1.51
 -30336.664     2.227    -0.83    1.41
 -29960.091     2.211    -0.04    1.40
 -29583.499     2.385     0.46    1.54
 -29206.887     2.704     0.85    1.78
 -28830.257     2.450    -0.67    1.66
 -28453.607     2.270    -0.48    1.59
 -28076.938     1.874    -1.05    1.18
 -27700.250     1.750    -0.33    1.17
 -27323.543     2.059     0.82    1.49
 -26946.817     2.674     1.63    1.94
 -26570.072     4.000     3.52    2.34
 -26193.308     4.763     2.03    2.05
 -25816.524     5.681     2.44    1.68
 -25439.722     6.200     1.38    1.65
 -25062.900     5.841    -0.95    2.51
 -24686.059     6.386     1.44    2.87
 -24309.199     6.204    -0.48    3.30
 -23932.320     6.711     1.35    3.14
 -23555.421     6.585    -0.33    3.07
 -23178.504     6.863     0.74    2.26
 -22801.567     6.601    -0.69    1.76
 -22424.611     6.037    -1.50    1.30
 -22050.623     6.101     0.17    1.58
 -21677.432     6.363     0.70    1.57
 -21304.222     6.318    -0.12    1.58
 -20930.993     6.141    -0.47    1.33
 -20557.745     6.008    -0.36    1.13
 -20184.478     5.792    -0.58    1.19
 -19811.193     6.252     1.23    1.56
 -19437.889     6.554     0.81    1.78
 -19064.566     6.863     0.83    1.92
 -18691.224     7.272     1.10    1.76
 -18317.864     7.208    -0.17    1.82
 -17944.484     7.409     0.54    1.89
 -17571.086     7.458     0.13    2.12
 -17197.669     7.022    -1.17    2.40
 -16824.233     6.538    -1.30    2.62
 -16450.778     6.141    -1.06    2.78
 -16077.305     5.909    -0.62    3.18
 -15703.812     5.477    -1.16    3.25
 -15330.301     5.250    -0.61    2.97
 -14956.771     5.266     0.04    2.74
 -14583.222     5.931     1.78    2.76
 -14209.654     6.338     1.09    2.52
 -13836.067     6.319    -0.05    2.46
 -13462.461     6.107    -0.57    2.40
 -13088.837     5.568    -1.44    2.19
 -12715.193     5.319    -0.67    2.12
 -12341.531     4.805    -1.37    1.62
 -11967.849     4.090    -1.91    1.30
 -11594.149     3.888    -0.54    1.34
 -11220.430     3.545    -0.92    1.39
 -10846.692     3.433    -0.30    1.80
 -10472.935     3.741     0.82    2.06
 -10099.159     3.697    -0.12    2.12
  -9725.364     3.410    -0.77    2.10
  -9351.551     3.250    -0.43    2.00
  -8977.718     3.601     0.94    1.81
  -8603.866     3.568    -0.09    1.59
  -8229.996     3.435    -0.36    1.74
  -7856.106     3.363    -0.19    2.04
  -7482.198     3.430     0.18    1.91
  -7108.270     3.410    -0.05    2.12
  -6734.324     3.852     1.18    1.84
  -6360.359     4.288     1.17    1.76
  -5986.374     4.340     0.14    1.82
  -5612.371     3.949    -1.05    2.16
  -5238.348     2.795    -3.08    3.11
  -4864.307     1.795    -2.67    3.21
  -4490.247     1.549    -0.66    3.05
  -4116.167     1.919     0.99    2.93
  -3742.069     2.513     1.59    2.53
  -3367.952     2.704     0.51    2.67
  -2993.815     3.461     2.02    2.32
  -2619.660     3.659     0.53    2.22
  -2245.485     3.750     0.24    2.29
  -1871.292     4.227     1.28    1.84
  -1497.079     3.941    -0.76    2.46
  -1122.848     2.949    -2.65    3.07
   -748.597     1.454    -3.99    3.01
   -374.328    -0.375    -4.89    0.86
     -0.039    -0.637    -0.70    0.00
    374.269    -0.463     0.46    1.18
    748.596     0.250     1.90    3.98
   1122.941     8.278    21.45   14.87
   1497.306    18.173    26.43   17.82
   1871.690    25.474    19.50   14.77
   2246.094    29.503    10.76    9.98
   2620.516    27.409    -5.59   10.57
   2994.957    23.052   -11.63   11.65
   3369.418    20.733    -6.19   14.42
   3743.897    18.341    -6.39   16.15
   4118.396    14.363   -10.62   17.64
   4492.913    11.189    -8.47   17.61
   4867.450     5.875   -14.19   14.13
   5242.006     3.452    -6.47   10.17
   5616.581     1.874    -4.21    4.37
   5991.176     2.820     2.52    4.43
   6365.789     3.297     1.27    4.05
   6740.422     4.750     3.88    5.85
   7115.073     5.646     2.39    7.09
   7489.744     5.545    -0.27    7.36
   7864.434     7.074     4.08    9.32
   8239.143     8.000     2.47   10.62
   8613.871     9.741     4.65   12.50
   8988.619     9.341    -1.07   12.11
   9363.386     8.227    -2.97   10.92
   9738.171     4.830    -9.06    5.74
  10112.976     3.295    -4.10    2.42
  10487.801     2.863    -1.15    1.78
  10862.644     3.008     0.39    2.01
  11237.507     3.681     1.80    1.60
  11612.388     3.711     0.08    1.02
  11987.289     3.808     0.26    0.92
  12362.210     3.785    -0.06    0.99
  12737.149     3.681    -0.28    1.09
  13112.108     3.590    -0.24    0.96
  13487.086     8.541    13.20   10.81
  13862.083    14.673    16.35   15.09
  14237.099    19.950    14.07   16.22
  14612.135    25.185    13.96   14.38
  14987.190    26.897     4.56   11.69
  15362.264    28.500     4.27    9.48
  15737.357    32.772    11.39    8.49
  16112.470    39.541    18.04    6.98
  16487.602    44.510    13.25    7.07
  16862.753    49.537    13.40    8.09
  17237.924    56.545    18.68    7.68
  17613.113    62.090    14.78    6.76
  17988.322    64.772     7.15    5.04
  18363.551    64.506    -0.71    5.90
  18738.798    61.136    -8.98    8.01
  19114.065    55.688   -14.52    7.89
  19489.351    49.697   -15.97    8.27
  19864.657    44.526   -13.78    7.69
  20239.982    40.319   -11.21    6.49
  20615.326    35.659   -12.42    7.18
  20990.690    31.577   -10.87    7.22
  21366.072    31.477    -0.27    6.23
  21741.475    33.839     6.29    7.23
  22116.896    38.919    13.53    9.23
  22492.337    46.477    20.13    8.15
  22867.797    51.068    12.23    7.73
  23243.277    54.230     8.42    7.52
  23618.776    55.054     2.19    9.04
  23994.294    57.045     5.30    8.00
  24369.832    57.363     0.85    6.31
  24745.389    59.636     6.05    6.02
  25120.965    64.941    14.13    7.16
  25496.561    68.159     8.57    7.05
  25872.176    69.841     4.48    6.46
  26247.811    68.339    -4.00    5.94
  26623.465    66.941    -3.72    6.92
  26999.138    62.572   -11.63    7.33
  27374.831    59.074    -9.31    8.31
  27750.544    55.008   -10.82    8.30
  28126.275    50.407   -12.25    6.62
  28502.026    49.719    -1.83    6.66
  28877.797    48.107    -4.29    7.92
  29253.587    49.408     3.46    8.35
  29629.396    50.477     2.85    7.50
  30005.225    49.795    -1.81    6.20
  30381.073    51.674     5.00    7.17
  30756.941    52.909     3.28    6.77
  31132.828    50.697    -5.89    6.34
  31508.735    49.189    -4.01    6.29
  31884.661    46.319    -7.64    7.22
  32260.607    43.408    -7.74    6.88
  32636.572    42.818    -1.57    6.44
  33012.556    41.059    -4.68    6.71
  33388.560    41.250     0.51    6.93
  33764.584    40.408    -2.24    7.19
  34140.627    39.124    -3.41    6.64
  34516.690    39.776     1.73    5.70
  34892.772    39.522    -0.68    6.93
  35268.873    36.316    -8.53    8.98
  35644.994    30.276   -16.06   11.64
  36021.135    23.000   -19.35   13.88
  36397.295    14.341   -23.02   11.90
  36773.475     7.840   -17.28    6.96
  37149.674     4.581    -8.67    4.60
  37525.893     2.750    -4.87    2.48
  37902.131     2.163    -1.56    2.33
  38278.389     1.830    -0.89    2.27
  38654.666     1.898     0.18    2.24
  39030.963     2.052     0.41    2.33
  39407.280     2.274     0.59    2.69
  39783.616     1.863    -1.09    3.16
  40159.972     1.886     0.06    3.28
  40536.347     1.149    -1.96    3.56
  40912.742     0.795    -0.94    3.22
  41289.157     2.409     4.29    8.48
  41665.591     6.045     9.66   16.36
  42042.044     9.074     8.05   19.78
  42418.518     8.506    -1.51   18.40
  42795.011     9.500     2.64   17.78
  43171.523     7.792    -4.54   16.02
  43548.055     7.750    -0.11   17.54
  43924.607     8.081     0.88   19.11
  44301.178     3.319   -12.65   13.45
  44677.769     0.059    -8.66    8.50
  45054.380    -2.827    -7.66    2.31
  45431.010    -3.392    -1.50    1.15
  45807.660    -3.637    -0.65    0.00
  46184.330    -3.160     1.27    1.80
  46561.019    -2.170     2.63    3.34
  46937.728    -1.705     1.23    3.46
  47314.457    -1.159     1.45    3.80
  47691.205    -0.481     1.80    4.07
  48067.973    -0.548    -0.18    3.82
  48444.761     0.741     3.42    4.44
  48821.569     1.886     3.04    4.28
  49198.396     2.363     1.27    3.51
  49575.243     2.931     1.51    2.89
  49952.109     3.141     0.56    1.85
  50328.995     2.407    -1.95    1.59
  50705.901     1.954    -1.20    1.44
  51082.827     1.830    -0.33    1.59
  51459.772     1.411    -1.11    1.72
  51836.737     1.624     0.57    1.68
  52213.722     1.608    -0.04    1.60
  52589.743     1.341    -0.71    1.56
  52962.864     1.818     1.28    1.65
  53336.004     2.102     0.76    1.54
  53709.164     1.954    -0.40    1.54
  54082.344     1.713    -0.65    1.46
  54455.542     0.897    -2.19    1.71
  54828.760     0.601    -0.79    1.41
  55201.997     0.585    -0.04    1.69
  55575.254     1.318     1.96    1.75
  55948.530     1.159    -0.43    2.31
  56321.825     1.181     0.06    3.51
  56695.139     0.435    -2.00    4.23
  57068.473    -0.910    -3.60    4.67
  57441.827    -1.613    -1.88    4.83
  57815.200    -1.841    -0.61    4.66
  58188.592    -1.000     2.25    5.28
  58562.003    -0.046     2.56    5.48
  58935.434     0.319     0.98    5.53
  59308.884    -0.027    -0.93    4.97
  59682.354    -1.432    -3.76    4.32
  60055.843    -2.076    -1.72    3.94
  60429.352    -2.015     0.16    4.06
  60802.880    -1.069     2.53    4.07
  61176.427     0.119     3.18    4.08
  61549.994     0.941     2.20    3.53
  61923.580    -0.137    -2.89    3.54
  62297.186    -0.455    -0.85    3.45
  62670.811    -1.222    -2.05    3.22
  63044.456    -1.273    -0.14    3.13
  63418.120    -0.887     1.03    3.11
  63791.803    -0.103     2.10    3.40
  64165.506    -0.215    -0.30    3.30
  64539.229    -0.125     0.24    3.31
  64912.970    -0.037     0.24    3.32
  65286.732    -0.212    -0.47    3.41
  65660.513    -0.069     0.38    3.24
  66034.313     0.185     0.68    3.33
  66408.133     0.759     1.53    3.14
  66781.972     0.652    -0.28    2.74
  67155.831     0.674     0.06    2.74
  67529.709     0.341    -0.89    1.84
  67903.607     0.411     0.19    1.53
  68277.525     0.208    -0.54    1.09
  68651.462     0.689     1.29    1.63
  69025.418     1.230     1.45    1.78
  69399.394     1.297     0.18    1.92
  69773.389     1.515     0.59    2.03
  70147.404     1.168    -0.93    2.11
  70521.439     0.840    -0.87    2.49
  70895.493     0.515    -0.87    1.92
  71269.567     0.014    -1.34    2.87
  71643.660    -0.570    -1.56    3.09
  72017.773    -1.659    -2.91    3.38
  72391.905    -2.854    -3.19    3.10
  72766.057    -3.681    -2.21    2.34
  73140.229    -4.364    -1.83    1.28
  73514.420    -4.637    -0.73    0.00
  73888.631    -4.637     0.00    0.00
  74262.861    -4.415     0.59    1.00
  74637.111    -4.215     0.53    1.37
  75011.380    -3.992     0.59    1.72
  75385.669    -4.237    -0.65    1.36
  75759.978    -3.682     1.48    2.17
  76134.307    -2.726     2.56    2.83
  76508.655    -1.898     2.21    2.82
  76883.022    -1.432     1.24    2.60
  77257.409    -0.948     1.29    2.41
  77631.816    -1.523    -1.54    2.92
  78006.243    -2.876    -3.61    2.60
  78380.689    -3.228    -0.94    2.51
  78755.155    -3.463    -0.63    1.92
  79129.641    -3.093     0.99    2.46
  79504.146    -2.485     1.63    2.64
  79878.671    -2.000     1.29    2.62
  80253.215    -1.613     1.03    2.55
  80627.779    -1.506     0.28    2.77
  81002.363    -1.970    -1.24    2.57
  81376.967    -2.572    -1.61    2.19
  81751.590    -2.660    -0.23    2.17
  82126.233    -2.767    -0.29    2.42
  82500.896    -2.705     0.17    2.19
  82875.578    -2.470     0.63    2.25
  83250.280    -2.432     0.10    2.57
  83625.002    -2.423     0.03    2.67
  83999.744    -2.059     0.97    2.85
  84374.505    -1.546     1.37    2.99
  84749.286    -1.182     0.97    3.14
  85124.087    -0.281     2.40    3.15
  85498.907     0.744     2.74    2.69
  85873.748     1.409     1.77    1.90
  86248.608     1.697     0.77    1.37
  86623.487     1.919     0.59    1.42
  86998.387     2.045     0.34    1.49
  87373.306     2.113     0.18    1.38
  87748.245     1.941    -0.46    1.71
  88123.204     2.006     0.17    1.64
  88498.183     1.909    -0.26    1.63
  88873.182     1.768    -0.38    1.65
  89248.200     1.909     0.38    1.68
  89623.238     1.689    -0.58    1.62
  89998.296     1.681    -0.02    1.52
  90373.373     0.928    -2.01    2.49
  90748.471    -1.042    -5.25    3.34
  91123.588    -2.941    -5.06    3.18
  91498.725    -4.753    -4.83    2.12
  91873.882    -5.570    -2.18    0.45
  92249.059    -5.637    -0.18    0.00
  92624.256    -5.637     0.00    0.00
  92999.472    -5.528     0.29    0.60
  93374.709    -4.546     2.62    2.88
  93749.965    -3.530     2.71    3.62
  94125.241    -2.160     3.65    3.74
  94500.537    -1.259     2.40    3.74
  94875.853    -0.246     2.70    3.26
  95251.188     0.450     1.85    2.53
  95626.544     0.189    -0.70    2.07
  96001.919    -0.091    -0.75    1.90
  96377.315    -0.137    -0.12    2.07
  96752.730    -0.296    -0.42    2.19
  97128.165    -0.228     0.18    2.32
  97503.620    -0.659    -1.15    2.72
  97879.095    -1.523    -2.30    2.97
  98254.590    -0.898     1.67    6.87
  98630.105     1.798     7.18   10.07
  99005.640     5.385     9.55   12.27
  99381.194     9.074     9.82   12.94
  99756.769    12.763     9.82   12.13
 100132.364    18.697    15.80    9.77
 100507.978    22.802    10.93    6.68
 100883.613    24.494     4.50    3.47
 101259.267    24.272    -0.59    3.65
 101634.941    22.830    -3.84    3.53
 102010.636    21.185    -4.38    2.35
 102386.350    20.317    -2.31    1.11
 102762.084    20.090    -0.60    1.04
 103137.839    20.144     0.14    1.17
 103513.613    20.341     0.53    1.25
 103889.407    20.340    -0.00    1.28
 104265.222    20.297    -0.12    1.36
 104641.056    20.163    -0.35    1.34
 105016.910    20.149    -0.04    1.32
 105392.784    19.500    -1.73    1.79
 105768.679    18.744    -2.01    2.37
 106144.593    18.227    -1.38    2.20
 106520.527    17.776    -1.20    2.20
 106896.482    18.181     1.08    2.75
 107272.456    18.559     1.00    3.09
 107648.451    19.244     1.82    3.32
 108024.465    19.537     0.78    2.85
 108400.500    19.735     0.53    2.32
 108776.555    20.097     0.96    1.75
 109152.629    20.472     1.00    1.83
 109528.724    20.798     0.87    1.78
 109904.839    21.119     0.85    1.86
 110280.974    21.454     0.89    1.63
 110657.129    21.928     1.26    1.38
 111033.304    22.272     0.91    1.39
 111409.499    22.608     0.89    1.25
 111785.715    22.841     0.62    1.21
 112161.950    23.163     0.86    1.29
 112538.206    23.298     0.36    1.25
 112914.482    23.450     0.40    1.30
 113290.777    23.494     0.12    1.22
 113667.093    23.613     0.32    1.20
 114043.429    23.642     0.08    1.24
 114419.785    23.852     0.56    1.18
 114796.162    24.030     0.47    1.16
 115172.558    23.994    -0.10    1.06
 115548.975    24.136     0.38    1.03
 115925.412    24.298     0.43    1.00
 116301.869    24.497     0.53    1.10
 116678.346    24.642     0.39    1.16
 117054.843    24.500    -0.38    1.25
 117431.361    24.482    -0.05    1.29
 117807.898    24.408    -0.20    1.36
 118184.456    24.208    -0.53    1.43
 118561.034    24.131    -0.20    1.39
 118937.633    23.697    -1.15    1.81
 119314.251    23.138    -1.48    1.89
 119690.890    22.386    -2.00    2.31
 120067.549    21.568    -2.17    2.48
 120444.228    21.297    -0.72    2.54
 120820.927    20.763    -1.42    2.53
 121197.647    20.341    -1.12    2.46
 121574.386    19.363    -2.60    1.61
 121951.146    18.958    -1.07    1.25
 122327.927    19.030     0.19    1.33
 122704.727    19.000    -0.08    1.37
 123081.548    19.189     0.50    1.27
 123458.389    19.541     0.93    1.23
 123835.250    19.750     0.55    1.24
 124212.132    20.342     1.57    1.15
 124589.034    20.795     1.20    1.17
 124965.956    21.074     0.74    1.25
 125342.899    21.341     0.71    1.31
 125719.861    21.341     0.00    1.32
 126096.844    21.320    -0.06    1.23
 126473.848    21.204    -0.31    1.20
 126850.871    21.452     0.66    1.33
 127227.915    21.519     0.18    1.31
 127602.075    21.585     0.18    1.22
 127975.138    21.874     0.77    1.32
 128348.222    22.054     0.48    1.18
 128721.326    22.233     0.48    1.28
 129094.449    23.045     2.18    3.74
 129467.592    22.972    -0.20    1.47
 129840.755    23.295     0.87    1.40
 130213.938    23.363     0.18    1.46
 130587.141    23.430     0.18    1.27
 130960.364    23.572     0.38    1.36
 131333.607    24.163     1.58    1.73
 131706.870    24.583     1.12    1.72
 132080.152    25.407     2.21    1.65
 132453.455    26.318     2.44    1.43
 132826.777    27.363     2.80    1.61
 133200.119    28.297     2.50    1.66
 133573.482    29.224     2.48    1.46
 133946.864    30.136     2.44    1.64
 134320.266    30.744     1.63    1.34
 134693.689    31.074     0.88    1.20
 135067.131    30.968    -0.29    1.05
 135440.593    30.963    -0.01    1.10
 135814.075    31.030     0.18    1.35
 136187.577    30.875    -0.42    1.32
 136561.099    30.785    -0.24    1.18
 136934.641    30.888     0.28    1.36
 137308.203    31.113     0.60    1.97
 137681.785    31.363     0.67    1.93
 138055.387    32.341     2.62    2.53
 138429.009    32.840     1.34    2.45
 138802.651    32.500    -0.91    2.17
 139176.313    31.576    -2.47    1.90
 139549.995    30.607    -2.59    1.65
 139923.698    30.652     0.12    1.70
 140297.420    30.744     0.25    2.02
 140671.162    30.963     0.59    2.08
 141044.924    31.001     0.10    1.94
 141418.706    30.972    -0.08    1.82
 141792.509    30.767    -0.55    1.86
 142166.331    30.795     0.07    1.77
 142540.174    30.776    -0.05    1.64
 142914.036    30.982     0.55    1.48
 143287.919    31.430     1.20    1.83
 143661.821    31.954     1.40    1.81
 144035.744    32.319     0.98    1.91
 144409.687    32.863     1.46    1.74
 144783.650    33.409     1.46    1.75
 145157.633    33.789     1.02    1.61
 145531.636    35.008     3.26    1.86
 145905.660    36.407     3.74    2.30
 146279.703    37.808     3.75    2.38
 146653.766    39.204     3.73    2.26
 147027.850    40.385     3.16    1.82
 147401.954    41.452     2.85    1.65
 147776.078    42.230     2.08    1.14
 148150.222    42.652     1.13    1.38
 148524.386    42.407    -0.66    1.60
 148898.570    41.727    -1.82    2.19
 149272.775    40.886    -2.25    2.65
 149646.999    40.074    -2.17    2.36
 150021.244    39.659    -1.11    2.23
 150395.509    40.363     1.88    2.27
 150769.794    41.030     1.78    2.28
 151144.100    41.733     1.88    2.19
 151518.425    41.820     0.23    2.24
 151892.771    41.810    -0.03    2.01
 152267.137    42.497     1.83    2.08
 152641.523    43.244     2.00    2.09
 153015.930    44.494     3.34    1.76
 153390.356    45.673     3.15    1.54
 153764.803    46.450     2.08    1.67
 154139.270    47.272     2.20    1.87
 154513.757    47.954     1.82    2.07
 154888.265    48.497     1.45    2.54
 155262.792    48.503     0.02    2.90
 155637.340    48.863     0.96    2.60
 156011.908    49.292     1.14    2.25
 156386.497    50.030     1.97    2.23
 156761.106    51.363     3.56    2.12
 157135.735    52.568     3.22    1.77
 157510.384    53.941     3.67    1.76
 157885.053    54.935     2.65    1.90
 158259.743    55.704     2.05    1.80
 158634.453    56.613     2.43    1.46
 159009.184    57.497     2.36    1.74
 159383.934    58.189     1.85    1.90
 159758.705    58.818     1.68    1.82
 160133.497    59.341     1.40    1.44
 160508.308    59.386     0.12    1.46
 160883.140    59.776     1.04    1.63
 161257.992    60.292     1.38    1.40
 161632.865    60.697     1.08    1.55
 162007.758    60.907     0.56    1.56
 162382.671    60.559    -0.93    1.93
 162757.605    59.776    -2.09    2.20
 163132.559    58.863    -2.44    2.37
 163507.533    57.488    -3.67    2.76
 163882.527    55.340    -5.73    2.62
 164257.542    53.652    -4.50    2.92
 164632.578    50.852    -7.47    3.76
 165007.634    48.136    -7.24    4.44
 165382.710    44.030   -10.95    4.69
 165757.806    40.681    -8.93    3.25
 166132.923    38.785    -5.06    1.96
 166508.060    38.754    -0.08    2.01
 166883.218    39.907     3.07    2.59
 167258.396    41.785     5.01    2.86
 167633.595    43.526     4.64    2.47
 168008.814    45.711     5.82    3.16
 168384.053    46.945     3.29    3.17
 168759.313    48.776     4.88    3.17
 169134.593    49.818     2.78    3.01
 169509.894    50.363     1.45    3.50
 169885.215    51.119     2.01    4.84
 170260.556    51.689     1.52    6.51
 170635.918    51.704     0.04    5.96
 171011.301    52.697     2.64    5.95
 171386.704    53.646     2.53    4.87
 171762.127    55.430     4.75    4.27
 172137.571    56.185     2.01    3.86
 172513.035    55.963    -0.59    4.02
 172888.520    55.816    -0.39    3.55
 173264.025    55.704    -0.30    2.78
 173639.551    56.665     2.56    2.70
 174015.098    57.319     1.74    2.45
 174390.664    57.450     0.35    2.65
 174766.252    56.909    -1.44    3.48
 175141.860    54.767    -5.70    3.93
 175517.488    52.482    -6.08    3.45
 175893.137    50.841    -4.37    3.91
 176268.806    49.340    -4.00    3.97
 176644.496    47.474    -4.97    3.76
 177020.207    46.102    -3.65    3.10
 177395.938    45.428    -1.79    1.91
 177771.689    45.725     0.79    2.09
 178147.462    47.068     3.57    2.45
 178523.254    48.776     4.55    2.91
 178899.068    50.204     3.80    2.54
 179274.901    51.497     3.44    2.60
 179650.756    52.711     3.23    2.30
 180026.631    54.008     3.45    2.59
 180402.527    56.321     6.15    3.11
 180778.443    58.363     5.43    2.88
 181154.380    60.065     4.53    2.27
 181530.337    61.052     2.63    1.93
 181906.315    60.919    -0.35    2.34
 182282.314    60.941     0.06    2.54
 182658.333    60.911    -0.08    2.42
 183034.373    61.624     1.90    2.58
 183410.434    62.522     2.39    2.61
 183786.515    63.428     2.41    2.69
 184162.617    65.008     4.20    2.72
 184538.739    66.340     3.54    2.57
 184914.882    67.704     3.63    2.08
 185291.046    68.816     2.96    1.45
 185667.230    69.519     1.87    1.40
 186043.436    69.931     1.10    1.42
 186419.661    70.274     0.91    1.28
 186795.908    70.763     1.30    1.36
 187172.175    71.006     0.65    1.27
 187548.463    71.124     0.31    1.43
 187924.771    71.177     0.14    1.67
 188301.101    71.074    -0.27    1.87
 188677.451    71.512     1.16    1.81
 189053.821    72.015     1.34    1.45
 189430.213    72.555     1.43    1.42
 189806.625    73.136     1.54    1.33
 190183.058    73.512     1.00    1.32
 190559.511    74.227     1.90    1.34
 190935.986    74.830     1.60    1.44
 191312.481    75.515     1.82    1.43
 191688.996    75.928     1.10    1.49
 192065.533    76.009     0.21    1.86
 192442.090    76.136     0.34    2.39
 192818.669    75.885    -0.67    3.42
 193195.267    74.863    -2.71    3.70
 193571.887    73.659    -3.20    3.44
 193948.527    71.830    -4.86    3.12
 194325.189    69.577    -5.98    3.15
 194701.871    67.320    -5.99    3.62
 195078.574    64.652    -7.08    3.08
 195455.297    62.798    -4.92    2.09
 195832.042    62.340    -1.21    1.73
 196208.807    62.909     1.51    2.11
 196585.593    64.727     4.83    2.53
 196962.400    66.991     6.01    2.43
 197339.227    68.852     4.94    2.29
 197716.076    70.697     4.90    2.23
 198092.945    72.454     4.66    2.08
 198469.836    73.559     2.93    1.92
 198846.747    74.485     2.46    1.79
 199223.679    74.541     0.15    1.99
 199600.632    74.619     0.21    2.12
 199977.605    74.624     0.01    1.89
 200354.600    75.214     1.57    1.94
 200731.615    75.907     1.84    2.00
 201108.652    76.863     2.54    1.97
 201485.709    77.727     2.29    1.92
 201862.787    78.428     1.86    1.78
 202239.089    79.141     1.89    1.48
 202612.075    79.630     1.31    1.16
 202985.081    79.646     0.04    1.15
 203358.108    79.928     0.76    1.13
 203731.155    80.087     0.42    1.14
 204104.223    80.068    -0.05    1.07
 204477.311    80.102     0.09    1.00
 204850.419    80.059    -0.12    0.96
 205223.548    79.950    -0.29    0.91
 205596.698    79.697    -0.68    1.09
 205969.868    79.477    -0.59    1.10
 206343.058    79.189    -0.77    1.16
 206716.269    79.113    -0.20    1.37
 207089.501    78.717    -1.06    1.54
 207462.752    78.494    -0.60    1.63
 207836.025    77.895    -1.60    2.06
 208209.318    77.452    -1.19    2.46
 208582.631    77.119    -0.89    2.61
 208955.965    76.897    -0.60    2.37
 209329.319    77.292     1.06    2.23
 209702.694    77.754     1.24    2.14
 210076.090    78.608     2.29    1.72
 210449.506    79.146     1.44    1.58
 210822.942    79.886     1.98    1.52
 211196.399    80.559     1.80    1.34
 211569.877    81.119     1.50    1.09
 211943.375    81.200     0.22    1.00
 212316.894    81.136    -0.17    1.08
 212690.433    80.744    -1.05    1.29
 213063.993    80.541    -0.54    1.48
 213437.573    79.785    -2.02    1.92
 213811.174    79.341    -1.19    2.08
 214184.796    78.052    -3.45    2.55
 214558.438    76.982    -2.86    2.43
 214932.101    76.090    -2.39    1.77
 215305.784    75.782    -0.83    1.24
 215679.488    76.272     1.31    1.38
 216053.213    77.044     2.07    1.53
 216426.958    77.545     1.34    1.45
 216800.724    77.798     0.68    1.33
 217174.510    78.052     0.68    1.47
 217548.317    78.298     0.66    1.53
 217922.145    78.720     1.13    1.62
 218295.993    79.097     1.01    1.62
 218669.862    79.750     1.75    1.37
 219043.752    80.430     1.82    1.42
 219417.662    80.959     1.42    1.41
 219791.593    81.428     1.26    1.14
 220165.545    81.697     0.72    1.12
 220539.517    81.863     0.45    1.13
 220913.510    81.938     0.20    1.16
 221287.524    82.204     0.71    0.89
 221661.558    82.185    -0.05    0.98
 222035.613    82.428     0.65    1.04
 222409.689    82.385    -0.12    1.06
 222783.786    82.634     0.67    1.12
 223157.903    82.750     0.31    1.22
 223532.041    82.668    -0.22    1.19
 223906.199    82.559    -0.29    1.17
 224280.379    82.298    -0.70    1.20
 224654.579    82.141    -0.42    0.93
 225028.800    81.991    -0.40    0.85
 225403.041    81.602    -1.04    1.21
 225777.304    81.181    -1.12    1.21
 226151.587    80.746    -1.16    1.11
 226525.891    80.515    -0.62    1.01
 226900.215    80.341    -0.46    1.18
 227274.561    80.230    -0.30    1.27
 227648.927    80.208    -0.06    1.26
 228023.314    80.008    -0.53    1.11
 228397.721    79.816    -0.51    1.04
 228772.150    79.785    -0.08    0.89
 229146.599    80.113     0.88    1.08
 229521.069    80.497     1.02    0.89
 229895.560    80.985     1.31    1.01
 230270.072    81.363     1.01    0.95
 230644.605    81.430     0.18    0.89
 231019.158    81.482     0.14    0.92
 231393.732    81.295    -0.50    0.93
 231768.327    81.189    -0.28    0.90
 232142.943    81.097    -0.25    1.01
 232517.580    81.044    -0.14    0.86
 232892.237    80.941    -0.28    0.87
 233266.916    81.037     0.26    1.21
 233641.615    81.268     0.62    1.23
 234016.335    81.254    -0.04    1.34
 234391.076    81.200    -0.14    1.49
 234765.838    81.052    -0.40    1.14
 235140.621    81.124     0.19    1.27
 235515.425    80.994    -0.35    1.29
 235890.249    80.885    -0.29    1.35
 236265.095    80.409    -1.27    1.06
 236639.961    80.427     0.05    1.58
 237014.849    80.318    -0.29    1.49
 237389.757    80.230    -0.23    1.62
 237764.686    79.941    -0.77    1.83
 238139.636    79.119    -2.19    1.92
 238514.607    78.427    -1.85    1.61
 238889.599    77.772    -1.75    1.42
 239264.612    77.341    -1.15    1.41
 239639.646    76.950    -1.04    1.29
 240014.701    76.576    -1.00    1.30
 240389.776    76.252    -0.86    1.45
 240764.873    76.125    -0.34    1.45
 241139.991    76.081    -0.12    1.50
 241515.129    76.545     1.24    1.96
 241890.289    76.841     0.79    2.23
 242265.470    76.886     0.12    2.49
 242640.671    77.008     0.32    2.55
 243015.894    77.252     0.65    2.46
 243391.137    77.014    -0.63    2.72
 243766.402    76.977    -0.10    2.36
 244141.688    76.909    -0.18    2.04
 244516.994    76.852    -0.15    1.60
 244892.322    76.682    -0.45    1.52
 245267.671    76.090    -1.58    1.68
 245643.040    75.129    -2.56    2.37
 246018.431    74.101    -2.74    2.52
 246393.843    73.885    -0.58    2.47
 246769.276    73.410    -1.27    2.79
 247144.730    73.252    -0.42    2.90
 247520.205    72.618    -1.69    2.97
 247895.701    71.972    -1.72    2.67
 248271.218    71.129    -2.24    2.25
 248646.756    70.340    -2.10    1.73
 249022.316    70.217    -0.33    1.68
 249397.896    70.659     1.18    2.35
 249773.498    71.830     3.12    2.83
 250149.120    73.674     4.91    2.14
 250524.764    75.081     3.74    1.64
 250900.429    75.717     1.70    1.51
 251276.115    76.409     1.84    1.48
 251651.822    76.972     1.50    1.31
 252027.550    77.385     1.10    1.09
 252403.299    77.938     1.47    0.88
 252779.070    77.963     0.07    0.84
 253154.861    77.839    -0.33    1.13
 253530.674    77.537    -0.80    1.95
 253906.508    77.293    -0.65    2.30
 254282.363    77.928     1.69    2.48
 254658.239    78.341     1.10    2.11
 255034.137    79.008     1.77    2.10
 255410.055    79.474     1.24    1.96
 255785.995    79.958     1.29    1.85
 256161.956    80.886     2.47    1.69
 256537.938    81.636     2.00    1.39
 256913.941    82.185     1.46    1.66
 257289.966    82.789     1.60    1.56
 257666.012    82.897     0.29    1.69
 258042.079    81.885    -2.69    2.80
 258418.167    81.220    -1.77    2.93
 258794.276    80.874    -0.92    2.75
 259170.407    80.750    -0.33    2.33
 259546.559    81.363     1.63    2.07
 259922.732    82.298     2.49    1.65
 260298.927    83.037     1.97    1.49
 260675.142    83.914     2.33    1.49
 261051.379    84.697     2.08    1.48
 261427.637    85.555     2.28    1.36
 261803.917    86.341     2.09    1.39
 262180.218    86.977     1.69    1.19
 262556.540    87.945     2.57    1.71
 262932.883    88.430     1.29    1.72
