# NaN NaN NaN ;Mean Elev.(m), Avg Gradient(m/km), RMS Gradient(m/km) - SRTM1     
#   41.706  -1.145   4.692 ;Mean Elev.(m), Avg Gradient(m/km), RMS Gradient(m/km) - ASTER GDEM
#   45.060  -0.927   2.120 ;Mean Elev.(m), Avg Gradient(m/km), RMS Gradient(m/km) - GMTED2010 
  8 301.165204 -27.557003    44.758    44.721  7 52492.09258813 47.693
 10 301.163869 -27.570902    45.191    45.211 14 52562.09261455 35.841
 12 301.162858 -27.571186    47.527    46.101 14 52632.09257186 31.108
 13 301.159279 -27.572983    45.327    45.339 12 52667.09259174 44.023
 14 301.165183 -27.547812    47.046    47.043  3 52702.09256709 49.034
 15 301.161755 -27.571352    45.366    45.330 13 52737.09260461 34.216
 16 301.160661 -27.573303    44.461    44.471 13 52772.09257288 44.023
 17 301.161857 -27.573383    44.430    44.439 13 52807.09262780 32.374
 18 301.163358 -27.572106    44.183    44.219 14 52842.09268687 26.543
 19 301.161017 -27.572818    44.247    44.259 13 52877.09272524 44.722
 20 301.166119 -27.570248    44.565    44.525 13 52912.09268397 47.971
 21 301.165184 -27.553212    44.723    44.690  5 52947.09264393 34.569
 23 301.158702 -27.572341    45.875    45.936 13 53017.09267328 41.683
 24 301.165540 -27.569071    44.390    44.396 14 53052.09265335 34.397
 25 301.152280 -27.576922    44.340    44.346 10 53087.09268852 45.103
 26 301.161918 -27.572068    44.672    44.617 14 53122.09265931 28.901
 27 301.156176 -27.574573    45.577    45.539 12 53157.09271533 24.109
 28 301.165178 -27.570709    44.701    44.689 13 53192.09270841 49.807
 29 301.163380 -27.570984    45.252    45.268 13 53227.09270943 46.069
 30 301.155754 -27.575177    43.985    43.993 12 53262.09268220 47.422
 31 301.154567 -27.576247    44.076    44.102 11 53297.09271789 23.498
 32 301.161513 -27.572769    46.513    46.520 13 53332.09269026 46.016
 33 301.161047 -27.571860    45.738    45.735 13 53367.09263588 47.605
 35 301.160635 -27.572387    44.753    44.657 12 53437.09265283 39.615
 36 301.159159 -27.571599    45.128    44.896 13 53472.09270532 27.751
 37 301.158432 -27.572593    44.426    44.447 12 53507.09273598 39.300
 38 301.157390 -27.572473    45.558    45.658 12 53542.09274308 27.824
 39 301.157822 -27.574396    44.487    44.494 12 53577.09272983 50.939
 40 301.156240 -27.574830    43.849    43.878 12 53612.09268180 21.137
 41 301.164359 -27.571565    44.592    44.628 13 53647.09268707 23.036
 42 301.155246 -27.574167    46.883    46.884 11 53682.09270239 28.243
 43 301.162005 -27.571504    44.913    44.937 13 53717.09263015 32.505
 44 301.165117 -27.552503    45.117    45.108  4 53752.09255294 15.340
 45 301.164110 -27.571213    44.550    44.574 13 53787.09257958 29.775
 46 301.159912 -27.572078    46.203    46.234 13 53822.09253416 40.740
 47 301.158423 -27.572350    45.058    45.097 12 53857.09262534 30.226
 48 301.166148 -27.570281    45.051    45.044 13 53892.09263844 50.409
 49 301.152050 -27.576264    44.158    44.210 10 53927.09269865 37.612
 50 301.153365 -27.575158    44.077    43.990 10 53962.09268329 19.861
 51 301.165918 -27.562053    44.834    44.866  9 53997.09262885 48.073
 52 301.165281 -27.572102    45.283    45.287 14 54032.09267888 49.666
 53 301.162703 -27.572087    45.229    45.337 14 54067.09267231 37.448
 54 301.158459 -27.572538    46.254    46.305 13 54102.09263287 41.603
 55 301.162438 -27.571327    47.885    47.866 13 54137.09260082 50.230
 56 301.158699 -27.573030    47.605    47.673 12 54172.09261010 41.589
 57 301.161956 -27.571740    45.826    45.788 13 54207.09260555 44.252
 58 301.161388 -27.571367    46.359    46.368 13 54242.09263877 46.136
 59 301.161388 -27.572272    45.171    45.114 14 54277.09265315 35.019
 60 301.162114 -27.571624    44.859    44.812 14 54312.09265350 47.932
 61 301.159727 -27.573693    44.326    44.320 13 54347.09262586 41.775
 62 301.163311 -27.571960    44.174    44.081 13 54382.09259047 45.374
 63 301.159455 -27.571666    44.674    44.692 13 54417.09257525 44.920
 64 301.163806 -27.572028    44.956    44.940 13 54452.09255958 30.698
 65 301.162408 -27.571350    44.955    44.929 14 54487.09257243 31.693
 66 301.163972 -27.572143    44.873    44.814 14 54522.09257267 27.553
 67 301.159709 -27.573539    45.595    45.595 13 54557.09258225 51.198
 68 301.161140 -27.572355    46.185    46.211 13 54592.09256936 47.329
 69 301.160198 -27.571804    45.009    45.120 13 54627.09258498 36.493
 70 301.159517 -27.572751    44.662    44.667 13 54662.09259217 41.606
 71 301.160629 -27.572527    45.551    45.544 13 54697.09256794 39.159
 72 301.162759 -27.572058    44.424    44.334 13 54732.09254909 36.006
 73 301.161843 -27.573382    45.343    45.342 13 54767.09254653 42.327
 74 301.162465 -27.573043    44.812    44.530 13 54802.09254189 35.683
 75 301.160917 -27.571486    43.911    43.717 13 54837.09253972 45.814
 76 301.162662 -27.571668    44.573    44.559 14 54872.09254139 49.366
 77 301.157749 -27.574656    44.705    44.839 12 54907.09254626 43.452
 78 301.161601 -27.571800    44.266    44.261 14 54942.09253407 29.744
 79 301.160308 -27.573118    44.028    43.961 13 54977.09256220 50.108
 80 301.159972 -27.572027    44.432    44.455 13 55012.09257020 44.750
 81 301.161872 -27.571928    45.555    45.554 13 55047.09256211 39.515
 82 301.158691 -27.572176    45.123    45.104 12 55082.09253449 30.043
 83 301.163321 -27.571290    45.812    45.808 14 55117.09249416 43.217
 84 301.159794 -27.572414    46.544    46.569 13 55152.09249150 44.705
 85 301.162191 -27.571779    47.852    47.850 13 55187.09248086 51.945
 86 301.159891 -27.572410    48.330    48.339 13 55222.09249062 48.867
 87 301.162919 -27.571233    47.364    47.376 14 55257.09247646 45.542
 88 301.158706 -27.573473    46.934    47.039 12 55292.09247824 32.351
 89 301.159308 -27.572971    46.708    46.787 12 55327.09246150 41.325
 90 301.159908 -27.572903    45.653    45.689 13 55362.09245731 46.899
 91 301.162298 -27.571584    47.053    45.376 14 55397.09246457 36.352
 92 301.162619 -27.571136    44.926    44.910 14 55432.09247277 45.281
 93 301.159558 -27.573104    44.836    44.826 13 55467.09243193 46.165
