# NaN NaN NaN ;Mean Elev.(m), Avg Gradient(m/km), RMS Gradient(m/km) - SRTM1     
#    5.975  -0.572   4.772 ;Mean Elev.(m), Avg Gradient(m/km), RMS Gradient(m/km) - ASTER GDEM
#    5.632  -0.047   1.690 ;Mean Elev.(m), Avg Gradient(m/km), RMS Gradient(m/km) - GMTED2010 
  7 299.266877 -32.343382     9.467     9.471 11 52466.57035034 36.334
  8 299.268151 -32.343930     8.359     8.402 12 52501.57034321 30.163
  9 299.260600 -32.344712     8.781     8.872  8 52536.57032992 23.487
 10 299.264040 -32.345276     8.793     8.660 10 52571.57036564 28.872
 11 299.270823 -32.343609     9.067     9.042 13 52606.57032803 28.848
 12 299.262384 -32.345622    10.293    10.261 10 52641.57032325 33.876
 13 299.270623 -32.344086     9.270     9.355 13 52676.57031124 27.206
 14 299.262722 -32.344992    10.250    10.246  9 52711.57033978 44.977
 15 299.260769 -32.343018    10.113    10.183  7 52746.57036639 33.149
 16 299.261285 -32.343437     9.903     9.884  8 52781.57030469 27.221
 17 299.260444 -32.343296     8.798     8.729  7 52816.57038503 25.213
 18 299.265060 -32.344963     7.799     7.827 11 52851.57043628 25.715
 19 299.262344 -32.346058     8.045     7.958  9 52886.57047095 20.740
 20 299.269379 -32.344615     8.048     8.062 12 52921.57042600 33.200
 21 299.269466 -32.344046     8.143     8.131 12 52956.57039089 24.082
 22 299.271214 -32.344369     8.295     8.329 13 52991.57040946 22.442
 23 299.277044 -32.346242     9.403     9.387 15 53026.57037566 40.132
 24 299.272777 -32.345966     7.837     7.843 13 53061.57038541 46.675
 25 299.263757 -32.344600     7.849     7.831 10 53096.57041154 18.857
 26 299.273468 -32.344464     8.408     8.449 13 53131.57038387 28.954
 28 299.265256 -32.345672     8.154     8.273 11 53201.57046136 20.141
 29 299.276054 -32.345913     8.776     8.844 14 53236.57043017 35.306
 30 299.264282 -32.343950     7.602     7.540 10 53271.57038860 27.823
 31 299.259507 -32.342240     8.113     8.176  6 53306.57045271 20.207
 32 299.267854 -32.345086     9.701     9.698 12 53341.57042052 48.466
 33 299.273252 -32.344736     9.282     9.330 14 53376.57035230 30.690
 34 299.270260 -32.344134     9.349     9.413 12 53411.57039548 25.517
 35 299.261147 -32.345366     9.223     9.245  8 53446.57037860 33.725
 36 299.258839 -32.342724     9.066     9.100  5 53481.57046319 30.978
 37 299.267815 -32.345463     8.432     8.406 12 53516.57046661 26.126
 38 299.261398 -32.345258     9.023     8.972  8 53551.57048760 44.431
 39 299.272300 -32.343235     8.136     8.149 13 53586.57044243 48.333
 41 299.263038 -32.345264     8.083     8.102 10 53656.57043475 18.509
 42 299.266491 -32.344063     9.669     9.687 11 53691.57042206 46.272
 43 299.273806 -32.345560     8.445     8.485 14 53726.57034579 31.106
 44 299.271287 -32.344586     8.427     8.382 13 53761.57029691 37.024
 45 299.273326 -32.344785     8.105     8.084 14 53796.57031064 28.553
 47 299.262509 -32.345361     8.670     8.589  9 53866.57036869 42.737
 48 299.265684 -32.345037     8.244     8.240 11 53901.57039734 19.998
 49 299.256675 -32.344201     8.676     8.697  3 53936.57043702 24.053
 50 299.264991 -32.344209     7.565     7.497 10 53971.57040300 23.514
 51 299.265318 -32.344449     7.715     7.732 10 54006.57038492 18.939
 52 299.268982 -32.345485     8.275     8.289 12 54041.57041263 21.921
 53 299.269131 -32.344623     8.416     8.456 12 54076.57040646 30.873
 54 299.271582 -32.343500     9.037     9.108 13 54111.57034677 28.422
 55 299.265157 -32.343788     9.781     9.772 11 54146.57034783 29.007
 56 299.270760 -32.344089    10.942    10.944 12 54181.57033442 33.608
 57 299.264145 -32.345365     9.660     9.591 10 54216.57035572 28.844
 58 299.265559 -32.345214     9.484     9.377 11 54251.57038217 30.281
 59 299.269530 -32.344010     9.178     9.180 13 54286.57038807 47.320
 60 299.269367 -32.343249     8.342     8.359 12 54321.57038464 23.370
 61 299.272552 -32.343365     8.180     8.179 13 54356.57034452 32.833
 62 299.267795 -32.344459     7.900     7.900 11 54391.57032577 47.138
 63 299.269754 -32.344623     8.201     8.241 13 54426.57029521 27.249
 64 299.266689 -32.343315     8.218     8.228 11 54461.57030263 30.332
 65 299.270132 -32.344988     8.307     8.337 13 54496.57030257 32.545
 66 299.268591 -32.343223     8.348     8.386 12 54531.57031550 25.994
 67 299.271704 -32.344121     8.546     8.545 13 54566.57030725 30.762
 68 299.266716 -32.343705     8.826     8.781 11 54601.57031101 27.954
 69 299.266677 -32.343180     8.085     8.101 11 54636.57032287 26.237
 70 299.267233 -32.344484     7.881     7.940 11 54671.57032637 22.202
 71 299.271175 -32.345730     8.611     8.676 13 54706.57028703 25.517
 72 299.266246 -32.344314     7.575     7.586 11 54741.57029140 28.839
 73 299.270681 -32.343971     8.802     8.821 13 54776.57026832 32.182
 74 299.264972 -32.344084     8.205     8.193 10 54811.57028419 19.997
 75 299.269624 -32.343904     7.013     6.975 12 54846.57026830 45.072
 76 299.265011 -32.344489     7.712     7.650 11 54881.57028827 29.707
 77 299.269234 -32.343423     8.126     8.119 12 54916.57027085 49.516
 78 299.265857 -32.343245     7.342     7.340 11 54951.57028051 34.914
 79 299.264271 -32.344535     7.383     7.396 11 54986.57030601 22.173
 80 299.269739 -32.344714     7.581     7.579 12 55021.57029845 30.456
 81 299.269065 -32.345338     8.617     8.595 12 55056.57029497 33.076
 82 299.270241 -32.343689     8.317     8.370 12 55091.57025249 28.496
 83 299.266949 -32.345012     9.031     8.919 12 55126.57023492 41.765
 84 299.268705 -32.344449     9.974     9.955 12 55161.57021368 32.674
 85 299.264999 -32.343918    10.617    10.527 11 55196.57022531 30.653
 86 299.269130 -32.345243    10.868    10.841 12 55231.57021783 26.322
 87 299.267762 -32.343113    10.764    10.784 12 55266.57021973 31.451
 88 299.271846 -32.345300    10.136    10.213 13 55301.57019782 26.879
 89 299.267804 -32.344280     9.930     9.901 11 55336.57019537 26.389
 90 299.269472 -32.343416     9.273     9.298 12 55371.57018520 22.190
 91 299.267624 -32.345097     8.245     8.398 12 55406.57020452 42.456
 92 299.269520 -32.344518     8.072     8.076 12 55441.57020423 27.450
 93 299.272387 -32.344861     7.950     7.889 13 55476.57014682 25.368
