# NaN NaN NaN ;Mean Elev.(m), Avg Gradient(m/km), RMS Gradient(m/km) - SRTM1     
#   43.042  -0.135   4.640 ;Mean Elev.(m), Avg Gradient(m/km), RMS Gradient(m/km) - ASTER GDEM
#   44.276  -0.027   1.111 ;Mean Elev.(m), Avg Gradient(m/km), RMS Gradient(m/km) - GMTED2010 
  8 301.152763 -27.509399    45.212    45.058 16 52492.09259748 46.293
 10 301.143268 -27.492110    49.928    46.007 20 52562.09263002 21.448
 12 301.141826 -27.490752    55.465    58.362 19 52632.09258765 23.003
 13 301.137398 -27.489263    48.140    45.870 15 52667.09260817 22.136
 14 301.155741 -27.511697    47.344    47.282 17 52702.09257418 40.521
 15 301.140736 -27.490915    46.088    45.753 18 52737.09262040 26.479
 16 301.139215 -27.491227    47.365    45.810 17 52772.09258900 18.954
 17 301.140393 -27.491307    51.768    51.065 17 52807.09264391 18.371
 18 301.142326 -27.491672    53.957    55.292 19 52842.09270267 17.646
 19 301.139559 -27.490741    44.721    44.713 17 52877.09274136 36.637
 20 301.147674 -27.499662    45.712    45.064 18 52912.09269783 28.321
 21 301.154020 -27.510534    46.009    45.065 17 52947.09265231 23.516
 23 301.137254 -27.490264    46.116    46.173 15 53017.09268940 32.688
 24 301.147512 -27.500127    48.686    47.070 18 53052.09266688 22.299
 25 301.128688 -27.486638    44.617    44.548 11 53087.09270625 21.198
 26 301.140459 -27.489994    50.086    49.774 18 53122.09267543 19.420
 27 301.133861 -27.489213    48.049    45.805 14 53157.09273209 20.367
 28 301.145442 -27.495197    45.120    45.086 21 53192.09272324 45.566
 29 301.142790 -27.492190    45.706    45.633 19 53227.09272490 32.076
 30 301.133022 -27.488175    44.263    44.035 13 53262.09269928 30.288
 31 301.131821 -27.489247    49.197    48.392 12 53297.09273498 19.235
 32 301.140060 -27.490692    46.880    46.897 17 53332.09270637 37.049
 33 301.139604 -27.489781    46.139    46.156 17 53367.09265200 32.863
 35 301.139190 -27.490310    48.328    46.119 16 53437.09266895 20.170
 36 301.137699 -27.489524    55.795    57.894 15 53472.09272143 19.454
 37 301.136551 -27.488875    52.633    53.201 15 53507.09275241 22.269
 38 301.135937 -27.490395    48.451    46.136 14 53542.09275920 21.193
 39 301.135518 -27.489034    44.911    44.935 14 53577.09274659 38.600
 40 301.133938 -27.489470    54.535    56.868 14 53612.09269856 15.063
 41 301.143755 -27.492771    56.617    57.737 21 53647.09270254 20.745
 42 301.132937 -27.488806    47.175    47.284 13 53682.09271915 27.241
 43 301.140988 -27.491067    51.487    51.506 18 53717.09264594 17.967
 44 301.154386 -27.511465    51.876    49.843 17 53752.09256100 18.853
 45 301.143519 -27.492419    49.564    45.685 21 53787.09259505 20.739
 46 301.138476 -27.489999    46.481    46.496 17 53822.09255027 25.677
 47 301.136536 -27.488631    54.355    56.726 15 53857.09264178 16.808
 48 301.147696 -27.499697    45.412    45.380 18 53892.09265230 38.459
 49 301.128449 -27.485980    44.278    43.985 11 53927.09271638 23.748
 50 301.130199 -27.486511    52.630    54.144 12 53962.09270069 17.866
 51 301.151318 -27.506245    45.009    44.905 17 53997.09263981 31.574
 52 301.145108 -27.494948    45.650    45.675 21 54032.09269403 33.594
 53 301.141681 -27.491650    53.113    52.423 19 54067.09268811 18.847
 54 301.136585 -27.488818    46.709    46.607 14 54102.09264931 21.037
 55 301.141835 -27.492533    48.189    48.247 19 54137.09261629 33.501
 56 301.136824 -27.489311    47.966    47.928 15 54172.09262654 32.684
 57 301.140922 -27.491307    46.379    46.262 18 54207.09262135 25.738
 58 301.140362 -27.490933    46.912    46.936 18 54242.09265456 35.837
 59 301.140361 -27.491836    52.954    57.233 17 54277.09266895 19.077
 60 301.141089 -27.491189    45.306    45.240 19 54312.09266930 34.519
 61 301.137855 -27.489974    44.577    44.601 16 54347.09264230 35.026
 62 301.142709 -27.493166    44.815    44.545 19 54382.09260594 27.661
 63 301.138433 -27.491229    45.126    45.040 16 54417.09259105 29.591
 64 301.142772 -27.491593    47.306    45.476 20 54452.09257537 27.910
 65 301.141385 -27.490913    51.616    51.622 19 54487.09258822 19.141
 66 301.143372 -27.493349    50.108    50.198 20 54522.09258815 20.515
 67 301.137833 -27.489820    45.837    45.853 16 54557.09259869 39.394
 68 301.139685 -27.490278    46.459    46.458 17 54592.09258548 41.626
 69 301.138747 -27.489725    56.536    58.163 17 54627.09260110 17.224
 70 301.137633 -27.489032    45.404    45.199 16 54662.09260861 28.734
 71 301.139182 -27.490449    49.495    47.129 17 54697.09258406 19.696
 72 301.141729 -27.491622    44.794    44.784 18 54732.09256489 34.604
 73 301.140389 -27.491302    46.220    45.951 17 54767.09256264 34.453
 74 301.141433 -27.492609    54.639    53.736 18 54802.09255768 17.435
 75 301.139892 -27.491050    44.033    44.000 18 54837.09255552 46.345
 76 301.141629 -27.491231    45.049    45.068 19 54872.09255718 50.129
 77 301.135445 -27.489295    45.266    45.087 14 54907.09256302 19.970
 78 301.140569 -27.491367    54.369    57.204 17 54942.09254987 17.167
 79 301.138425 -27.489398    44.605    44.335 16 54977.09257864 21.851
 80 301.138520 -27.489949    44.836    44.892 17 55012.09258632 28.834
 81 301.140847 -27.491494    45.911    45.807 18 55047.09257791 25.294
 82 301.136816 -27.488456    54.207    54.792 15 55082.09255093 15.367
 83 301.142720 -27.492494    46.123    46.178 20 55117.09250963 39.684
 84 301.137915 -27.488696    47.078    46.957 16 55152.09250793 30.017
 85 301.141158 -27.491345    48.288    48.303 18 55187.09249666 47.464
 86 301.138011 -27.488688    48.702    48.696 16 55222.09250706 36.856
 87 301.141892 -27.490798    47.885    47.762 19 55257.09249225 31.179
 88 301.136830 -27.489755    47.344    47.255 15 55292.09249467 26.309
 89 301.137426 -27.489252    47.127    47.058 15 55327.09247794 25.417
 90 301.138030 -27.489181    46.132    46.138 16 55362.09247375 39.810
 91 301.141268 -27.491151    50.010    48.650 19 55397.09248036 23.273
 92 301.141595 -27.490701    45.267    45.276 19 55432.09248857 35.982
 93 301.137686 -27.489382    46.620    45.354 16 55467.09244837 24.615
