# NaN NaN NaN ;Mean Elev.(m), Avg Gradient(m/km), RMS Gradient(m/km) - SRTM1     
#   51.280   0.171   4.163 ;Mean Elev.(m), Avg Gradient(m/km), RMS Gradient(m/km) - ASTER GDEM
#   60.954  -0.007   2.623 ;Mean Elev.(m), Avg Gradient(m/km), RMS Gradient(m/km) - GMTED2010 
  7    59.129 52470.08663382 41.56 303.314649 -27.578246 21.928
  7    59.107 52470.08663447 40.81 303.313799 -27.574966 21.928
  7    59.110 52470.08663511 39.61 303.312939 -27.571676 21.928
  7    59.206 52470.08663575 36.91 303.312079 -27.568396 21.928
  8    68.631 52505.08661734 15.74 303.314980 -27.578482 12.464
  8    67.397 52505.08661799 18.86 303.314130 -27.575202 12.464
  8    62.525 52505.08661863 20.01 303.313270 -27.571912 12.464
  8    59.815 52505.08661928 26.13 303.312410 -27.568632 12.464
  9    70.782 52540.08660212 22.58 303.321539 -27.566482 10.733
  9    70.238 52540.08660276 23.06 303.320679 -27.563192 10.733
  9    70.384 52540.08660341 23.13 303.319819 -27.559912 10.733
  9    70.871 52540.08660405 23.86 303.318959 -27.556632 10.733
  9    71.265 52540.08660470 20.56 303.318099 -27.553342 10.733
 11    73.006 52610.08660589 19.33 303.316130 -27.577443  8.729
 11    71.085 52610.08660654 21.70 303.315280 -27.574163  8.729
 11    59.928 52610.08660718 23.58 303.314420 -27.570873  8.729
 11    60.269 52610.08660783 23.97 303.313560 -27.567593  8.729
 11    60.413 52610.08660847 31.40 303.312700 -27.564313  8.729
 12    60.221 52645.08659661 40.11 303.317841 -27.574238 34.621
 12    59.529 52645.08659725 37.92 303.316985 -27.570958 10.029
 12    59.543 52645.08659790 28.75 303.316125 -27.567678 10.029
 12    59.868 52645.08659854 33.02 303.315265 -27.564388 10.029
 12    59.661 52645.08659918 35.85 303.314405 -27.561108 10.029
 13    60.680 52680.08657403 33.15 303.319731 -27.568963 29.295
 13    67.870 52680.08657467 21.51 303.318871 -27.565683 29.295
 13    60.167 52680.08657532 22.97 303.318014 -27.562402  9.960
 13    60.460 52680.08657596 23.59 303.317154 -27.559122  9.960
 13    60.544 52680.08657661 24.56 303.316304 -27.555832  9.960
 13    60.443 52680.08657725 23.50 303.315444 -27.552552  9.960
 15    59.894 52750.08664540 41.14 303.306320 -27.583591 44.068
 15    59.827 52750.08664605 31.00 303.305461 -27.580310 20.699
 15    60.177 52750.08664669 42.22 303.304601 -27.577030 20.699
 16    59.328 52785.08658998 44.85 303.318326 -27.572947 13.393
 16    59.494 52785.08659063 31.05 303.317466 -27.569667 13.393
 16    59.309 52785.08659127 23.16 303.316606 -27.566387 13.393
 16    59.549 52785.08659192 21.42 303.315756 -27.563097 13.393
 16    59.675 52785.08659256 20.93 303.314896 -27.559817 13.393
 17    59.474 52820.08666505 28.71 303.318077 -27.573995  8.787
 17    59.419 52820.08666569 23.48 303.317217 -27.570705  8.787
 17    59.304 52820.08666634 21.53 303.316357 -27.567425  8.787
 17    59.205 52820.08666698 21.79 303.315497 -27.564145  8.787
 17    59.283 52820.08666763 21.28 303.314647 -27.560855  8.787
 18    59.400 52855.08671364 33.91 303.319753 -27.572068  8.392
 18    59.360 52855.08671428 26.91 303.318893 -27.568778  8.392
 18    59.086 52855.08671493 22.48 303.318033 -27.565498  8.392
 18    59.510 52855.08671557 17.70 303.317173 -27.562218  8.392
 18    59.759 52855.08671622 18.06 303.316313 -27.558928  8.392
 18    59.625 52855.08671686 17.76 303.315453 -27.555648  8.392
 20    71.138 52925.08669853 17.76 303.314009 -27.580253 38.024
 20    68.573 52925.08669917 20.64 303.313159 -27.576973 38.024
 20    62.140 52925.08669982 22.92 303.312294 -27.573692 15.290
 20    60.051 52925.08670046 29.45 303.311434 -27.570412 15.290
 21    71.935 52960.08666878 20.41 303.322998 -27.562535 16.532
 21    71.978 52960.08666943 20.92 303.322138 -27.559255 16.532
 21    72.013 52960.08667007 21.56 303.321278 -27.555965 16.532
 21    72.050 52960.08667072 21.16 303.320428 -27.552685 16.532
 22    72.789 52995.08670104 21.41 303.317370 -27.572464 11.097
 22    69.871 52995.08670168 22.54 303.316510 -27.569184 11.097
 22    69.201 52995.08670233 24.24 303.315650 -27.565894 11.097
 22    60.980 52995.08670297 25.98 303.314790 -27.562614 11.097
 23    64.826 53030.08666432 18.26 303.314967 -27.575485  6.869
 23    62.157 53030.08666497 18.43 303.314107 -27.572205  6.869
 23    59.816 53030.08666561 23.88 303.313247 -27.568925  6.869
 23    59.854 53030.08666625 19.31 303.312387 -27.565635  6.869
 24    59.206 53065.08667243 29.25 303.321230 -27.570326 10.033
 24    59.098 53065.08667307 23.46 303.320370 -27.567046 10.033
 24    59.551 53065.08667371 17.89 303.319510 -27.563756 10.033
 24    70.572 53065.08667436 13.91 303.318650 -27.560476 10.033
 24    70.540 53065.08667500 12.77 303.317800 -27.557196 10.033
 24    60.212 53065.08667565 13.69 303.316940 -27.553906 10.033
 25    59.442 53100.08667672 32.73 303.311380 -27.581859 24.536
 25    59.681 53100.08667737 41.96 303.310520 -27.578579 24.536
 25    59.640 53100.08667801 42.19 303.309660 -27.575289 24.536
 26    59.278 53135.08667358 32.66 303.321978 -27.565770 14.413
 26    59.430 53135.08667422 20.76 303.321128 -27.562490 14.413
 26    60.365 53135.08667487 18.33 303.320268 -27.559210 14.413
 26    59.955 53135.08667551 17.32 303.319408 -27.555930 14.413
 26    69.823 53135.08667616 17.51 303.318548 -27.552640 14.413
 28    74.589 53205.08674059 21.13 303.315915 -27.577449 27.785
 28    73.005 53205.08674123 19.52 303.315055 -27.574159 27.785
 28    71.917 53205.08674188 22.43 303.314195 -27.570879 27.785
 28    59.919 53205.08674252 24.19 303.313335 -27.567599 27.785
 29    59.777 53240.08670920 30.41 303.319211 -27.571962  6.713
 29    59.585 53240.08670985 23.06 303.318361 -27.568672  6.713
 29    59.615 53240.08671049 19.06 303.317501 -27.565392  6.713
 29    59.603 53240.08671114 18.16 303.316641 -27.562112  6.713
 29    59.842 53240.08671178 19.47 303.315781 -27.558822  6.713
 29    60.023 53240.08671243 19.80 303.314921 -27.555542  6.713
 31    60.115 53310.08672281 43.46 303.314553 -27.577967 43.170
 31    60.054 53310.08672345 30.31 303.313693 -27.574687 43.170
 31    60.146 53310.08672410 26.00 303.312838 -27.571407  9.828
 31    60.171 53310.08672474 30.14 303.311978 -27.568127  9.828
 32    60.263 53345.08668957 52.97 303.315986 -27.573939 39.651
 32    60.283 53345.08669021 50.00 303.315127 -27.570657 36.009
 32    60.355 53345.08669086 51.52 303.314267 -27.567377 36.009
 32    60.264 53345.08669150 52.43 303.313417 -27.564087 36.009
 34    60.473 53415.08666786 17.90 303.320485 -27.567611  8.312
 34    60.290 53415.08666851 19.32 303.319625 -27.564321  8.312
 34    60.654 53415.08666915 20.76 303.318765 -27.561041  8.312
 34    60.436 53415.08666980 22.80 303.317905 -27.557761  8.312
 34    60.577 53415.08667044 20.91 303.317045 -27.554471  8.312
 35    59.505 53450.08666138 26.15 303.320656 -27.567255  6.849
 35    59.574 53450.08666202 19.74 303.319796 -27.563975  6.849
 35    59.940 53450.08666267 18.15 303.318946 -27.560685  6.849
 35    59.848 53450.08666331 18.34 303.318086 -27.557405  6.849
 35    59.918 53450.08666396 18.24 303.317226 -27.554125  6.849
 36    73.205 53485.08674415 20.83 303.312285 -27.581410 40.375
 36    73.009 53485.08674480 18.68 303.311428 -27.578132  9.560
 36    72.405 53485.08674544 18.11 303.310568 -27.574852  9.560
 36    68.154 53485.08674609 22.71 303.309708 -27.571562  9.560
 37    59.831 53520.08674169 29.92 303.318105 -27.574335  7.986
 37    59.930 53520.08674234 25.33 303.317255 -27.571055  7.986
 37    59.906 53520.08674298 22.36 303.316395 -27.567765  7.986
 37    60.306 53520.08674363 22.13 303.315535 -27.564485  7.986
 37    60.626 53520.08674427 25.45 303.314675 -27.561205  7.986
 38    59.232 53555.08676373 50.78 303.311202 -27.581324 41.501
 38    59.215 53555.08676438 51.00 303.310348 -27.578043 24.924
 38    59.149 53555.08676502 51.48 303.309488 -27.574763 24.924
 39    59.923 53590.08670861 24.72 303.320138 -27.569924 30.453
 39    61.164 53590.08670926 20.35 303.319282 -27.566643 11.919
 39    62.833 53590.08670990 17.06 303.318422 -27.563363 11.919
 39    60.285 53590.08671055 19.45 303.317572 -27.560073 11.919
 39    70.771 53590.08671119 16.19 303.316712 -27.556793 11.919
 39    70.095 53590.08671184 15.99 303.315852 -27.553513 11.919
 40    71.814 53625.08668842 15.22 303.314449 -27.575976  7.732
 40    63.987 53625.08668906 16.24 303.313589 -27.572686  7.732
 40    59.543 53625.08668971 22.94 303.312729 -27.569406  7.732
 41    74.614 53660.08671493 19.64 303.316360 -27.574894  7.649
 41    69.174 53660.08671557 22.66 303.315500 -27.571604  7.649
 41    60.365 53660.08671622 22.86 303.314640 -27.568324  7.649
 41    60.463 53660.08671686 24.39 303.313780 -27.565044  7.649
 42    59.889 53695.08668867 49.19 303.315160 -27.576028 42.120
 42    59.787 53695.08668931 49.18 303.314300 -27.572748 42.120
 42    59.922 53695.08668996 51.13 303.313442 -27.569466 22.581
 42    59.821 53695.08669060 49.22 303.312582 -27.566186 22.581
 43    74.536 53730.08661166 23.57 303.317376 -27.575382 30.897
 43    60.308 53730.08661231 19.94 303.316516 -27.572102 30.897
 43    60.305 53730.08661295 17.55 303.315663 -27.568820 10.534
 43    70.208 53730.08661360 15.85 303.314803 -27.565540 10.534
 43    60.078 53730.08661424 17.57 303.313943 -27.562250 10.534
 44    59.720 53765.08658010 23.41 303.322744 -27.563381  7.772
 44    59.790 53765.08658074 21.44 303.321884 -27.560091  7.772
 44    59.578 53765.08658139 21.02 303.321034 -27.556811  7.772
 44    59.417 53765.08658203 20.25 303.320174 -27.553531  7.772
 45    60.319 53800.08658360 39.01 303.318087 -27.571983 13.070
 45    60.165 53800.08658424 35.37 303.317227 -27.568703 13.070
 45    60.193 53800.08658489 26.46 303.316377 -27.565413 13.070
 45    60.382 53800.08658553 25.40 303.315517 -27.562133 13.070
 46    59.821 53835.08658596 25.02 303.319877 -27.568484  7.250
 46    59.778 53835.08658660 18.84 303.319017 -27.565204  7.250
 46    59.871 53835.08658725 19.60 303.318157 -27.561914  7.250
 46    60.165 53835.08658789 20.48 303.317297 -27.558634  7.250
 46    60.071 53835.08658853 20.18 303.316437 -27.555354  7.250
 47    59.091 53870.08664528 35.76 303.316905 -27.573875 22.667
 47    59.063 53870.08664592 29.42 303.316045 -27.570595 22.667
 47    59.306 53870.08664656 27.70 303.315185 -27.567305 22.667
 47    59.775 53870.08664721 22.23 303.314325 -27.564025 22.667
 48    59.550 53905.08668016 43.23 303.315368 -27.575614 12.756
 48    59.464 53905.08668080 35.13 303.314508 -27.572324 12.756
 48    59.817 53905.08668145 35.28 303.313648 -27.569044 12.756
 48    59.914 53905.08668209 27.27 303.312788 -27.565764 12.756
 49    73.524 53940.08671181 13.99 303.309147 -27.582778 24.674
 49    71.397 53940.08671245 15.49 303.308287 -27.579488 24.674
 49    62.218 53940.08671310 15.56 303.307427 -27.576208 24.674
 50    72.941 53975.08667025 15.41 303.313380 -27.580082 30.687
 50    72.056 53975.08667090 15.61 303.312520 -27.576802 30.687
 50    61.388 53975.08667154 17.16 303.311660 -27.573512 30.687
 50    59.587 53975.08667219 26.47 303.310800 -27.570232 30.687
 51    59.759 54010.08666909 47.42 303.320443 -27.568066 31.608
 51    59.713 54010.08666974 43.22 303.319583 -27.564776 31.608
 51    59.858 54010.08667038 36.28 303.318723 -27.561497 13.473
 51    59.799 54010.08667103 30.53 303.317863 -27.558207 13.473
 51    59.654 54010.08667167 28.50 303.317003 -27.554927 13.473
 52    69.222 54045.08668734 18.68 303.321529 -27.564323 24.545
 52    71.237 54045.08668799 17.71 303.320669 -27.561043 24.545
 52    70.496 54045.08668863 18.38 303.319806 -27.557760 14.674
 52    70.768 54045.08668928 18.10 303.318956 -27.554480 14.674
 53    74.696 54080.08667788 17.11 303.316138 -27.576881 18.931
 53    59.636 54080.08667853 17.42 303.315278 -27.573591 18.931
 53    59.511 54080.08667917 20.34 303.314418 -27.570311 18.931
 53    59.570 54080.08667982 16.44 303.313558 -27.567031 18.931
 54    60.593 54115.08661302 22.61 303.314217 -27.577219 34.621
 54    60.496 54115.08661367 22.30 303.313357 -27.573939 34.621
 54    60.499 54115.08661431 27.22 303.312497 -27.570649 34.621
 54    60.591 54115.08661496 33.82 303.311637 -27.567369 34.621
 56    60.021 54185.08660377 30.88 303.315019 -27.577915 13.232
 56    59.854 54185.08660442 24.14 303.314169 -27.574625 13.232
 56    60.199 54185.08660506 22.44 303.313309 -27.571345 13.232
 56    60.191 54185.08660571 24.85 303.312449 -27.568065 13.232
 57    60.701 54220.08663581 29.00 303.317108 -27.573298  9.776
 57    60.676 54220.08663646 24.33 303.316248 -27.570008  9.776
 57    60.563 54220.08663710 25.08 303.315388 -27.566728  9.776
 57    60.767 54220.08663775 27.49 303.314538 -27.563448  9.776
 58    60.230 54255.08665979 46.04 303.317030 -27.576536 29.931
 58    59.998 54255.08666044 51.70 303.316170 -27.573246 29.931
 58    60.130 54255.08666108 52.39 303.315320 -27.569966 29.931
 58    60.083 54255.08666173 52.75 303.314460 -27.566686 29.931
 58    60.234 54255.08666237 46.97 303.313600 -27.563406 29.931
 59    70.530 54290.08666290 20.90 303.318190 -27.572785  6.564
 59    69.876 54290.08666354 19.49 303.317330 -27.569495  6.564
 59    61.234 54290.08666419 19.52 303.316470 -27.566215  6.564
 59    70.436 54290.08666483 19.20 303.315620 -27.562935  6.564
 59    60.359 54290.08666548 23.95 303.314760 -27.559655  6.564
 60    62.792 54325.08666035 22.37 303.317687 -27.571307  8.441
 60    59.579 54325.08666100 22.68 303.316827 -27.568017  8.441
 60    59.955 54325.08666164 19.53 303.315967 -27.564737  8.441
 60    59.952 54325.08666229 20.97 303.315117 -27.561457  8.441
 61    63.658 54360.08661324 20.27 303.315022 -27.576174  5.126
 61    61.842 54360.08661388 20.83 303.314162 -27.572894  5.126
 61    59.601 54360.08661453 23.79 303.313302 -27.569614  5.126
 61    59.367 54360.08661517 18.16 303.312442 -27.566324  5.126
 62    60.029 54395.08660033 48.05 303.318242 -27.571755 20.112
 62    60.059 54395.08660097 47.77 303.317382 -27.568475 20.112
 62    60.155 54395.08660162 45.88 303.316522 -27.565195 20.112
 62    60.305 54395.08660226 47.72 303.315662 -27.561905 20.112
 62    60.198 54395.08660355 41.02 303.313952 -27.555345 20.112
 63    71.677 54430.08656330 22.04 303.317130 -27.574976 12.077
 63    62.562 54430.08656395 23.22 303.316270 -27.571696 12.077
 63    61.172 54430.08656459 23.87 303.315420 -27.568406 12.077
 63    60.660 54430.08656524 23.88 303.314560 -27.565126 12.077
 63    60.779 54430.08656588 32.29 303.313700 -27.561846 12.077
 64    60.232 54465.08658053 50.67 303.319034 -27.569556 15.740
 64    60.230 54465.08658118 41.84 303.318174 -27.566276 15.740
 64    60.035 54465.08658182 29.54 303.317314 -27.562986 15.740
 64    60.022 54465.08658247 26.88 303.316464 -27.559706 15.740
 64    60.424 54465.08658311 28.49 303.315604 -27.556426 15.740
 64    60.295 54465.08658376 25.43 303.314744 -27.553146 15.740
 65    59.457 54500.08657542 19.53 303.316930 -27.573056  5.647
 65    59.227 54500.08657606 17.49 303.316070 -27.569776  5.647
 65    70.542 54500.08657670 14.34 303.315220 -27.566486  5.647
 65    70.468 54500.08657735 13.21 303.314360 -27.563206  5.647
 66    59.779 54535.08659432 19.93 303.318539 -27.572686 10.563
 66    59.675 54535.08659496 16.92 303.317679 -27.569406 10.563
 66    59.603 54535.08659561 14.58 303.316819 -27.566116 10.563
 66    59.426 54535.08659625 15.96 303.315959 -27.562836 10.563
 66    70.103 54535.08659689 14.31 303.315099 -27.559556  6.659
 66    60.020 54535.08659754 14.58 303.314239 -27.556276  6.659
 66    60.263 54535.08659818 16.15 303.313389 -27.552986  6.659
 67    71.721 54570.08657823 17.92 303.315592 -27.574622 13.165
 67    59.473 54570.08657888 24.66 303.314742 -27.571332 13.165
 67    59.758 54570.08657952 25.00 303.313882 -27.568052 13.165
 67    59.870 54570.08658017 30.22 303.313022 -27.564772 13.165
 68    59.314 54605.08658910 27.16 303.317127 -27.573959 11.769
 68    59.317 54605.08658974 23.63 303.316267 -27.570679 11.769
 68    59.433 54605.08659039 22.50 303.315407 -27.567389 11.769
 68    60.337 54605.08659103 25.40 303.314557 -27.564109 11.769
 69    74.495 54640.08659853 19.27 303.315974 -27.574859 11.404
 69    59.666 54640.08659918 22.06 303.315114 -27.571579 11.404
 69    59.805 54640.08659982 23.27 303.314254 -27.568299 11.404
 69    60.032 54640.08660047 29.69 303.313394 -27.565009 11.404
 70    74.824 54675.08660045 18.78 303.316308 -27.576632 13.382
 70    59.891 54675.08660109 20.94 303.315448 -27.573342 13.382
 70    59.724 54675.08660174 24.36 303.314588 -27.570062 13.382
 70    59.839 54675.08660238 26.17 303.313728 -27.566782 13.382
 71    59.800 54710.08655766 41.92 303.317049 -27.575092 15.351
 71    59.695 54710.08655831 32.45 303.316199 -27.571802 15.351
 71    59.719 54710.08655895 27.62 303.315339 -27.568522 15.351
 71    60.290 54710.08655960 25.09 303.314479 -27.565242 15.351
 71    60.308 54710.08656024 29.20 303.313619 -27.561952 15.351
 72    59.602 54745.08656847 37.84 303.317278 -27.573423 12.761
 72    59.442 54745.08656912 32.15 303.316418 -27.570143 12.761
 72    59.683 54745.08656976 25.06 303.315558 -27.566853 12.761
 72    60.192 54745.08657041 25.37 303.314708 -27.563573 12.761
 73    60.509 54780.08654105 31.21 303.318102 -27.574692 14.805
 73    63.105 54780.08654169 23.38 303.317242 -27.571402 14.805
 73    60.715 54780.08654234 23.62 303.316382 -27.568122 14.805
 73    60.422 54780.08654298 27.58 303.315522 -27.564842 14.805
 73    60.530 54780.08654363 32.19 303.314662 -27.561552 14.805
 74    60.081 54815.08656157 24.08 303.318019 -27.571047  5.628
 74    59.760 54815.08656221 21.65 303.317159 -27.567767  5.628
 74    59.676 54815.08656285 20.31 303.316299 -27.564477  5.628
 74    60.206 54815.08656350 20.71 303.315449 -27.561197  5.628
 74    60.192 54815.08656479 28.02 303.313729 -27.554637  5.628
 75    74.782 54850.08654005 19.72 303.316968 -27.576633  9.765
 75    71.509 54850.08654070 20.13 303.316108 -27.573343  9.765
 75    59.706 54850.08654134 20.85 303.315248 -27.570063  9.765
 75    59.733 54850.08654199 22.34 303.314388 -27.566783  9.765
 75    59.713 54850.08654263 25.69 303.313528 -27.563493  9.765
 76    59.183 54885.08656510 21.39 303.316650 -27.573375 10.712
 76    59.004 54885.08656575 20.72 303.315790 -27.570095 10.712
 76    58.942 54885.08656639 19.24 303.314930 -27.566805 10.712
 76    58.565 54885.08656704 20.17 303.314080 -27.563525 10.712
 77    59.705 54920.08654029 47.16 303.313567 -27.580536  9.395
 77    59.723 54920.08654094 48.23 303.312703 -27.577256 13.843
 77    59.638 54920.08654158 41.82 303.311843 -27.573976 13.843
 77    59.713 54920.08654223 39.45 303.310993 -27.570686 13.843
 78    59.625 54955.08656054 25.08 303.317049 -27.573844  6.738
 78    59.357 54955.08656118 22.99 303.316189 -27.570564  6.738
 78    59.086 54955.08656183 21.53 303.315329 -27.567274  6.738
 78    59.035 54955.08656247 20.36 303.314469 -27.563994  6.738
 79    60.173 54990.08658359 18.80 303.315672 -27.578249  6.223
 79    59.846 54990.08658424 20.51 303.314812 -27.574969  6.223
 79    59.735 54990.08658488 22.33 303.313952 -27.571689  6.223
 79    59.810 54990.08658553 25.76 303.313092 -27.568399  6.223
 80    60.235 55025.08657508 29.57 303.317437 -27.574444 11.729
 80    60.371 55025.08657572 24.56 303.316577 -27.571164 11.729
 80    60.079 55025.08657637 25.96 303.315717 -27.567884 11.729
 80    60.264 55025.08657701 29.79 303.314857 -27.564594 11.729
 80    60.448 55025.08657766 33.69 303.313997 -27.561314 11.729
 81    74.400 55060.08656954 21.32 303.317035 -27.574027 12.905
 81    61.656 55060.08657018 23.19 303.316175 -27.570747 12.905
 81    60.197 55060.08657083 26.18 303.315315 -27.567467 12.905
 81    60.426 55060.08657147 29.17 303.314455 -27.564177 12.905
 82    66.153 55095.08652080 22.04 303.314528 -27.578511 16.950
 82    60.552 55095.08652145 24.46 303.313668 -27.575231 16.950
 82    60.389 55095.08652209 27.74 303.312818 -27.571941 16.950
 82    60.608 55095.08652274 32.34 303.311958 -27.568661 16.950
 83    62.508 55130.08651103 26.23 303.317586 -27.574356 15.631
 83    62.412 55130.08651168 28.23 303.316726 -27.571076 15.631
 83    62.274 55130.08651232 31.59 303.315866 -27.567796 15.631
 83    62.438 55130.08651297 30.80 303.315006 -27.564506 15.631
 83    62.591 55130.08651361 32.49 303.314146 -27.561226 15.631
 84    60.783 55165.08648289 27.01 303.317029 -27.573301 14.962
 84    60.823 55165.08648353 25.24 303.316169 -27.570011 14.962
 84    60.759 55165.08648418 28.10 303.315309 -27.566731 14.962
 84    61.029 55165.08648482 32.94 303.314449 -27.563451 14.962
 85    61.289 55200.08650332 43.97 303.317236 -27.573705 17.095
 85    61.454 55200.08650396 41.49 303.316376 -27.570425 17.095
 85    61.620 55200.08650460 40.16 303.315516 -27.567135 17.095
 85    61.578 55200.08650525 37.27 303.314666 -27.563855 17.095
 86    61.702 55235.08648827 36.94 303.315166 -27.576165 17.234
 86    61.813 55235.08648892 39.35 303.314316 -27.572875 17.234
 86    61.781 55235.08648956 37.27 303.313456 -27.569595 17.234
 86    61.948 55235.08649021 35.70 303.312596 -27.566315 17.234
 87    61.095 55270.08649706 45.09 303.317456 -27.573995 20.368
 87    60.980 55270.08649771 38.33 303.316596 -27.570715 20.368
 87    61.050 55270.08649835 35.92 303.315736 -27.567435 20.368
 87    61.207 55270.08649899 38.34 303.314876 -27.564145 20.368
 87    61.085 55270.08649964 39.96 303.314016 -27.560865 20.368
 88    60.834 55305.08646928 25.87 303.315823 -27.575942 16.318
 88    60.669 55305.08646993 25.63 303.314963 -27.572652 16.318
 88    60.667 55305.08647057 27.22 303.314113 -27.569372 16.318
 88    60.866 55305.08647121 30.39 303.313253 -27.566092 16.318
 89    60.903 55340.08646949 35.30 303.317680 -27.575297 15.891
 89    73.078 55340.08647014 23.87 303.316820 -27.572017 15.891
 89    69.793 55340.08647078 25.24 303.315960 -27.568737 15.891
 89    60.699 55340.08647143 28.13 303.315100 -27.565447 15.891
 89    60.790 55340.08647207 38.15 303.314240 -27.562167 15.891
 90    74.655 55375.08646107 18.41 303.317309 -27.575093 10.197
 90    63.325 55375.08646172 19.60 303.316449 -27.571813 10.197
 90    60.100 55375.08646236 22.12 303.315589 -27.568533 10.197
 90    60.211 55375.08646301 23.78 303.314729 -27.565243 10.197
 90    60.397 55375.08646365 24.76 303.313869 -27.561963 10.197
 91    74.798 55410.08648355 19.19 303.318874 -27.572487  9.095
 91    63.329 55410.08648420 21.87 303.318014 -27.569207  9.095
 91    60.259 55410.08648484 23.12 303.317154 -27.565917  9.095
 91    60.475 55410.08648548 23.83 303.316294 -27.562637  9.095
 91    60.468 55410.08648613 27.14 303.315444 -27.559357  9.095
 91    60.209 55410.08648677 30.85 303.314584 -27.556067  9.095
 92    59.439 55445.08647808 43.33 303.317277 -27.574381 12.715
 92    59.536 55445.08647872 30.61 303.316417 -27.571101 12.715
 92    59.829 55445.08647937 26.12 303.315557 -27.567821 12.715
 92    60.580 55445.08648001 24.37 303.314697 -27.564531 12.715
 92    60.667 55445.08648066 27.38 303.313837 -27.561251 12.715
 93    74.412 55480.08641267 19.27 303.315243 -27.575874  9.688
 93    62.311 55480.08641331 22.82 303.314383 -27.572594  9.688
 93    60.336 55480.08641395 23.68 303.313523 -27.569304  9.688
 93    60.360 55480.08641460 24.67 303.312673 -27.566024  9.688
