# NaN NaN NaN ;Mean Elev.(m), Avg Gradient(m/km), RMS Gradient(m/km) - SRTM1     
#  212.043   0.165   4.212 ;Mean Elev.(m), Avg Gradient(m/km), RMS Gradient(m/km) - ASTER GDEM
#  225.629   0.077   0.752 ;Mean Elev.(m), Avg Gradient(m/km), RMS Gradient(m/km) - GMTED2010 
  7 305.926231 -23.760977   224.134   223.699  9 52445.07741577 22.256
  8 305.929672 -23.754447   223.670   223.675  8 52480.07740940 52.218
  9 305.933082 -23.733038   224.928   224.662 10 52515.07736155 19.745
 11 305.935476 -23.729400   224.210   224.217 11 52585.07738759 43.424
 12 305.929988 -23.753795   224.306   224.244  8 52620.07736321 37.879
 13 305.935993 -23.728979   224.280   224.294 12 52655.07735747 51.792
 14 305.930958 -23.750577   224.828   224.825  7 52690.07734663 51.859
 15 305.933411 -23.743233   224.601   224.579  6 52725.07739181 36.768
 16 305.924522 -23.766037   224.358   224.359  8 52760.07740571 52.511
 17 305.935851 -23.729575   223.979   223.911 11 52795.07736892 41.786
 18 305.936803 -23.726530   224.362   224.362 12 52830.07743623 25.336
 19 305.937801 -23.727886   224.168   224.177 12 52865.07748012 49.509
 20 305.931300 -23.750292   224.178   224.173  7 52900.07750496 52.367
 21 305.930006 -23.754901   224.088   224.072  8 52935.07744684 50.889
 22 305.933511 -23.744680   224.663   224.645  6 52970.07746685 21.286
 23 305.929014 -23.756983   225.094   225.059  8 53005.07748134 22.771
 24 305.932945 -23.747036   224.368   224.354  6 53040.07743352 20.364
 25 305.930815 -23.754155   224.506   224.607  7 53075.07746373 21.745
 26 305.931037 -23.752212   224.102   224.108  6 53110.07743390 16.296
 27 305.932048 -23.748993   224.356   224.346  6 53145.07747662 51.896
 28 305.932806 -23.732384   224.326   224.349 10 53180.07749214 51.192
 29 305.931792 -23.749731   224.287   224.295  6 53215.07751078 52.777
 30 305.931709 -23.751613   224.043   224.026  7 53250.07748089 52.432
 31 305.931013 -23.750322   223.864   223.889  7 53285.07747814 42.048
 32 305.936367 -23.728805   224.735   224.743 11 53320.07746627 49.765
 33 305.933528 -23.732553   224.629   224.621 11 53355.07743373 52.259
 34 305.933540 -23.743093   225.518   225.631  7 53390.07743877 42.405
 35 305.933928 -23.731399   224.493   224.398 11 53425.07743872 28.305
 36 305.936428 -23.727274   225.390   225.375 12 53460.07744469 49.431
 37 305.928356 -23.755610   224.302   224.299  8 53495.07752458 50.010
 38 305.934552 -23.731025   224.297   224.282 10 53530.07750469 52.018
 39 305.928652 -23.758952   223.769   223.768  8 53565.07752934 41.641
 40 305.933295 -23.743621   224.349   224.363  7 53600.07747417 50.252
 41 305.931920 -23.748729   224.117   223.989  7 53635.07747008 40.121
 42 305.930271 -23.755154   224.707   224.726  7 53670.07749015 50.937
 43 305.934532 -23.731585   224.280   224.277 11 53705.07743031 51.327
 44 305.933523 -23.744338   224.731   224.755  5 53740.07733910 41.666
 45 305.935482 -23.729474   224.578   224.519 11 53775.07736226 24.215
 46 305.932804 -23.743837   225.217   225.219  6 53810.07734193 51.652
 47 305.932685 -23.748332   225.001   225.009  7 53845.07738495 50.545
 48 305.934141 -23.730332   224.599   224.589 10 53880.07741590 51.861
 49 305.928623 -23.757000   224.331   224.364  7 53915.07746819 51.421
 50 305.926685 -23.760042   224.030   224.033  9 53950.07747728 52.277
 51 305.931950 -23.750244   224.099   224.044  7 53985.07741595 32.546
 52 305.933071 -23.733817   224.513   224.522 10 54020.07745638 48.568
 53 305.937521 -23.726081   224.466   224.467 12 54055.07744846 50.086
 54 305.932107 -23.741478   225.396   225.316  4 54090.07743346 20.516
 55 305.933696 -23.732088   226.887   226.889 10 54125.07736276 50.693
 57 305.933321 -23.734099   224.904   224.626 10 54195.07736373 20.626
 58 305.933464 -23.744581   224.997   224.999  6 54230.07741276 23.330
 59 305.933031 -23.741318   224.107   224.069  7 54265.07743173 45.763
 61 305.932817 -23.744878   223.992   223.992  6 54335.07742401 50.705
 63 305.932489 -23.745930   224.219   224.230  6 54405.07736797 37.979
 64 305.933524 -23.731510   224.848   224.521 10 54440.07732808 18.484
 65 305.933258 -23.736181   224.548   224.559 10 54475.07735683 51.275
 66 305.933311 -23.732438   224.419   224.427 11 54510.07734193 52.033
 67 305.933353 -23.744671   225.202   225.221  5 54545.07736934 25.331
 68 305.933227 -23.737339   225.637   225.628  9 54580.07733838 49.373
 69 305.933354 -23.741548   224.013   224.039  7 54615.07736018 31.642
 70 305.932851 -23.748314   224.288   224.291  6 54650.07737017 53.113
 71 305.932282 -23.746785   223.927   223.694  6 54685.07736494 28.078
 72 305.933521 -23.730969   224.505   224.527 10 54720.07731787 52.182
 73 305.933388 -23.746178   224.254   224.284  6 54755.07733917 51.862
 74 305.933335 -23.738176   224.512   224.493  9 54790.07730912 50.293
 75 305.933272 -23.739294   223.404   223.275  8 54825.07733632 36.319
 76 305.933496 -23.731470   224.198   224.247 10 54860.07730439 40.907
 77 305.932173 -23.748783   225.208   225.203  6 54895.07733558 48.596
 78 305.932915 -23.741052   224.764   224.782  7 54930.07730063 43.988
 79 305.933186 -23.747375   223.931   223.868  6 54965.07733685 36.859
 80 305.931415 -23.749702   224.431   224.438  7 55000.07735654 51.097
 81 305.933399 -23.739332   225.188   225.071  8 55035.07734333 19.185
 82 305.932276 -23.747417   224.324   224.309  6 55070.07733247 51.694
 83 305.933439 -23.741707   224.981   224.942  7 55105.07727509 48.526
 84 305.933125 -23.745453   224.844   224.844  6 55140.07728020 51.666
 85 305.933984 -23.730813   225.503   225.494 11 55175.07724359 51.144
 86 305.933018 -23.742950   226.869   226.872  6 55210.07727651 50.564
 87 305.933298 -23.739542   226.200   226.165  7 55245.07724848 51.102
 88 305.932311 -23.747437   225.029   225.046  6 55280.07726876 22.053
 89 305.932616 -23.744779   224.934   224.921  6 55315.07723549 28.784
 90 305.933135 -23.747741   224.459   224.478  6 55350.07724088 52.274
 91 305.933051 -23.740934   224.265   224.265  7 55385.07723499 51.051
 92 305.933199 -23.740655   224.441   224.449  7 55420.07726045 38.341
 93 305.932540 -23.748301   224.172   224.173  7 55455.07723644 51.216
