# NaN NaN NaN ;Mean Elev.(m), Avg Gradient(m/km), RMS Gradient(m/km) - SRTM1     
#   17.834  -0.696   2.760 ;Mean Elev.(m), Avg Gradient(m/km), RMS Gradient(m/km) - ASTER GDEM
#   24.586  -0.108   1.370 ;Mean Elev.(m), Avg Gradient(m/km), RMS Gradient(m/km) - GMTED2010 
  7 300.398256 -30.092483    25.218    25.201  9 52460.09609923 50.767
  9 300.397927 -30.091937    23.929    23.800 10 52530.09607615 25.300
 10 300.402264 -30.080802    25.406    25.386  7 52565.09609607 50.557
 11 300.390415 -30.103633    24.805    24.813 11 52600.09611864 27.092
 12 300.396243 -30.097107    26.126    26.119 11 52635.09607658 50.358
 13 300.394659 -30.099446    24.986    25.045 11 52670.09608590 28.607
 14 300.398947 -30.088002    26.389    26.401  9 52705.09607778 33.110
 15 300.393809 -30.099619    25.126    25.272 11 52740.09611054 25.356
 16 300.396399 -30.095443    24.763    24.758 11 52775.09605887 51.863
 17 300.395933 -30.096484    24.380    24.404 11 52810.09613305 26.509
 18 300.397205 -30.093895    24.041    23.994 10 52845.09618967 19.220
 19 300.394364 -30.097263    23.738    23.645 11 52880.09622660 27.779
 20 300.396789 -30.094318    24.286    24.278 10 52915.09618468 52.645
 21 300.401823 -30.084737    24.541    24.537  8 52950.09614581 43.373
 22 300.400269 -30.087812    24.332    24.291  9 52985.09616969 20.496
 23 300.396107 -30.095698    25.098    25.203 11 53020.09615912 29.800
 24 300.400375 -30.086405    24.192    24.116  8 53055.09614777 20.235
 25 300.387944 -30.106798    24.051    24.053 10 53090.09618127 35.365
 26 300.398426 -30.091397    24.278    24.196  9 53125.09615431 20.168
 27 300.391405 -30.100998    25.204    25.203 11 53160.09621359 50.823
 28 300.398017 -30.094237    24.458    24.438 10 53195.09621100 52.742
 29 300.398686 -30.090273    24.829    24.731 10 53230.09619973 30.886
 30 300.391238 -30.101017    23.758    23.757 11 53265.09616882 48.473
 31 300.390030 -30.103584    23.920    23.952 11 53300.09621595 41.482
 32 300.395558 -30.097289    26.150    26.142 11 53335.09618695 48.183
 33 300.395156 -30.099259    25.235    25.263 11 53370.09612585 30.949
 35 300.394052 -30.098754    24.552    24.551 11 53440.09614637 51.776
 36 300.393480 -30.098625    24.461    24.540 11 53475.09620929 24.550
 37 300.395706 -30.095902    24.426    24.527 10 53510.09622651 21.457
 38 300.392288 -30.103128    25.035    25.128 11 53545.09624198 38.983
 40 300.391506 -30.103801    23.436    23.311 11 53615.09617272 26.713
 41 300.398276 -30.092385    24.524    24.514 10 53650.09618466 51.097
 42 300.392048 -30.102291    25.641    25.698 11 53685.09619357 37.199
 43 300.396073 -30.096767    24.649    24.642 11 53720.09612092 52.096
 44 300.402260 -30.080665    24.835    24.825  7 53755.09604798 42.844
 45 300.398125 -30.091539    24.118    24.115 10 53790.09607579 21.593
 46 300.401824 -30.082333    25.429    25.477  8 53825.09603363 31.551
 47 300.394420 -30.098510    24.966    24.960 11 53860.09612452 48.493
 48 300.398104 -30.091912    24.783    24.750  9 53895.09614353 25.859
 49 300.388098 -30.105819    24.036    23.824 11 53930.09619527 26.427
 50 300.390054 -30.104868    23.830    23.689 11 53965.09617373 23.827
 51 300.401144 -30.086906    24.021    24.013  9 54000.09613280 20.882
 52 300.398631 -30.091755    24.795    24.808 10 54035.09617602 30.069
 53 300.396840 -30.094701    25.012    25.047 10 54070.09616915 34.871
 54 300.392814 -30.100684    25.112    25.304 11 54105.09612248 26.703
 55 300.396806 -30.094740    26.164    26.121 10 54140.09610136 30.550
 56 300.393927 -30.098717    26.431    26.532 11 54175.09610296 29.774
 57 300.396199 -30.096199    25.694    25.697 11 54210.09610702 47.114
 58 300.396041 -30.095876    25.870    25.866 11 54245.09613827 52.386
 59 300.396019 -30.095961    24.659    24.747 11 54280.09614998 28.704
 60 300.396482 -30.094627    24.458    24.634 10 54315.09614909 21.063
 61 300.394369 -30.098307    24.001    24.011 12 54350.09611712 38.824
 62 300.397572 -30.093811    24.164    24.163 10 54385.09608774 25.142
 63 300.394145 -30.098416    24.432    24.430 11 54420.09606663 43.882
 64 300.398711 -30.091703    24.701    24.689 10 54455.09605975 52.572
 65 300.396024 -30.096362    24.421    24.422 11 54490.09606727 30.043
 66 300.398002 -30.091822    24.771    24.764  9 54525.09607252 28.759
 67 300.394247 -30.098148    25.065    25.058 11 54560.09607584 49.094
 68 300.395719 -30.096870    25.179    25.229 11 54595.09606820 28.986
 69 300.394960 -30.096431    24.568    24.577 11 54630.09608233 39.590
 70 300.394544 -30.097519    24.345    24.489 11 54665.09608847 18.744
 71 300.395154 -30.097404    24.715    24.755 11 54700.09605917 27.054
 72 300.397351 -30.093717    24.153    24.142 11 54735.09604837 48.314
 73 300.396089 -30.096081    24.797    24.803 10 54770.09603925 30.167
 74 300.396927 -30.096082    24.586    24.634 10 54805.09604090 39.928
 75 300.396396 -30.096485    23.410    23.394 10 54840.09603434 48.510
 76 300.395941 -30.095255    23.932    23.989 11 54875.09604217 30.636
 77 300.392963 -30.100319    24.096    24.012 11 54910.09603895 18.112
 78 300.396132 -30.096634    23.927    23.920 11 54945.09603451 39.158
 79 300.394854 -30.098101    23.213    23.231 11 54980.09606136 25.804
 80 300.395389 -30.095852    24.173    24.199 11 55015.09606431 48.780
 81 300.396263 -30.094891    25.161    25.160 10 55050.09605843 41.957
 82 300.393464 -30.100450    24.420    24.428 12 55085.09602479 27.384
 83 300.398233 -30.092048    25.003    24.952  9 55120.09599166 27.057
 84 300.394227 -30.098514    25.904    26.114 12 55155.09598394 29.740
 85 300.396818 -30.094313    26.170    26.212 10 55190.09598070 28.048
 86 300.394800 -30.098163    26.923    26.942 11 55225.09598445 45.903
 87 300.396770 -30.094382    26.665    26.661 11 55260.09597592 44.073
 88 300.394387 -30.099450    26.297    26.294 11 55295.09596991 47.186
 89 300.394489 -30.099208    26.474    26.497 11 55330.09595772 45.302
 90 300.394995 -30.096727    25.415    25.416 11 55365.09595162 41.541
 91 300.396853 -30.092541    24.607    24.429 10 55400.09596350 29.831
 92 300.396710 -30.094921    24.580    24.595 10 55435.09596872 38.001
 93 300.393754 -30.098743    24.206    24.205 12 55470.09592184 42.840
