# NaN NaN NaN ;Mean Elev.(m), Avg Gradient(m/km), RMS Gradient(m/km) - SRTM1     
#   11.456  -0.367   5.662 ;Mean Elev.(m), Avg Gradient(m/km), RMS Gradient(m/km) - ASTER GDEM
#    8.075  -0.061   3.469 ;Mean Elev.(m), Avg Gradient(m/km), RMS Gradient(m/km) - GMTED2010 
  7    10.152 52466.57032069 24.85 299.309197 -32.192725 35.267
  7    10.080 52466.57032133 23.96 299.308277 -32.195995 35.267
  7    10.180 52466.57032198 22.97 299.307357 -32.199275 35.267
  7    10.615 52466.57032262 24.07 299.306437 -32.202542 17.649
  7    10.767 52466.57032327 41.18 299.305517 -32.205822 17.649
  7    10.977 52466.57032391 43.05 299.304597 -32.209102 17.649
  7    10.462 52466.57032456 37.36 299.303687 -32.212372 17.649
  7    10.512 52466.57032520 34.44 299.302767 -32.215652 17.649
  7    10.188 52466.57032585 26.17 299.301847 -32.218922 17.649
  7     9.778 52466.57032649 26.07 299.300927 -32.222202 17.649
  7     9.762 52466.57032713 27.31 299.300007 -32.225472 17.649
  8     9.259 52501.57031388 18.85 299.310009 -32.194909 26.632
  8     9.340 52501.57031452 17.39 299.309089 -32.198179 26.632
  8     9.831 52501.57031517 17.68 299.308169 -32.201459 26.632
  8    10.300 52501.57031581 25.93 299.307249 -32.204729 26.632
  8    10.536 52501.57031646 38.92 299.306329 -32.208009 26.632
  8    10.371 52501.57031710 37.61 299.305409 -32.211279 26.632
  8     9.442 52501.57031775 39.57 299.304489 -32.214559 26.632
  8     9.439 52501.57031839 33.83 299.303569 -32.217829 26.632
  8     9.073 52501.57031903 21.67 299.302649 -32.221109 26.632
  8     9.048 52501.57031968 21.24 299.301739 -32.224389 26.632
  9    10.516 52536.57030317 19.85 299.298812 -32.208799 15.464
  9    12.156 52536.57030381 15.60 299.297892 -32.212069 15.464
  9     9.766 52536.57030446 16.03 299.296972 -32.215349 15.464
  9     9.375 52536.57030510 17.86 299.296052 -32.218619 15.464
  9     9.239 52536.57030575 18.24 299.295132 -32.221899 15.464
 10    10.265 52571.57033502 33.30 299.307745 -32.189703 32.731
 10     9.848 52571.57033566 30.16 299.306825 -32.192973 32.731
 10     9.894 52571.57033631 31.10 299.305905 -32.196253 32.731
 10    10.178 52571.57033695 35.48 299.304995 -32.199533 32.731
 10    10.165 52571.57033760 36.54 299.304075 -32.202803 32.731
 10    10.143 52571.57033824 31.47 299.303155 -32.206083 32.731
 10    10.134 52571.57033889 37.77 299.302235 -32.209353 32.731
 10    10.204 52571.57033953 32.39 299.301315 -32.212633 32.731
 10     9.988 52571.57034018 28.84 299.300398 -32.215910 35.468
 10     9.806 52571.57034082 28.07 299.299478 -32.219180 35.468
 10     9.877 52571.57034146 28.63 299.298558 -32.222460 35.468
 11     9.535 52606.57029902 20.53 299.312217 -32.196222 37.463
 11     9.163 52606.57029967 21.62 299.311297 -32.199492 37.463
 11     9.673 52606.57030031 18.22 299.310377 -32.202772 37.463
 11    10.021 52606.57030096 25.40 299.309457 -32.206042 37.463
 11    10.061 52606.57030160 27.27 299.308537 -32.209322 37.463
 11    10.069 52606.57030225 25.16 299.307618 -32.212591 28.642
 11     9.942 52606.57030289 24.17 299.306698 -32.215871 28.642
 11     9.928 52606.57030354 20.36 299.305778 -32.219151 28.642
 11    10.094 52606.57030418 23.55 299.304868 -32.222421 28.642
 11     9.915 52606.57030483 18.26 299.303948 -32.225701 28.642
 12    11.387 52641.57029198 37.51 299.307014 -32.186769 43.387
 12    11.326 52641.57029262 26.77 299.306104 -32.190049 43.387
 12    10.498 52641.57029327 23.19 299.305184 -32.193319 43.387
 12    10.894 52641.57029391 22.75 299.304264 -32.196599 43.387
 12    11.340 52641.57029456 33.19 299.303344 -32.199879 43.387
 12    11.354 52641.57029520 37.11 299.302426 -32.203146 17.313
 12    11.347 52641.57029585 40.77 299.301506 -32.206426 17.313
 12    11.105 52641.57029649 29.27 299.300586 -32.209696 17.313
 12    11.140 52641.57029714 28.73 299.299666 -32.212976 17.313
 12    10.835 52641.57029778 24.44 299.298746 -32.216256 17.313
 12    10.624 52641.57029843 24.45 299.297826 -32.219526 17.313
 12    10.871 52641.57029907 24.65 299.296906 -32.222806 17.313
 13    10.333 52676.57028223 37.19 299.312009 -32.196693 35.722
 13    10.144 52676.57028288 22.06 299.311099 -32.199973 35.722
 13    10.223 52676.57028352 20.86 299.310179 -32.203253 35.722
 13    10.550 52676.57028417 26.58 299.309259 -32.206523 35.722
 13    10.605 52676.57028481 41.33 299.308339 -32.209803 35.722
 13    10.614 52676.57028546 37.01 299.307419 -32.213073 35.722
 13    10.305 52676.57028610 30.59 299.306499 -32.216353 35.722
 13    10.252 52676.57028674 27.85 299.305579 -32.219621 34.349
 13    10.214 52676.57028739 24.57 299.304659 -32.222901 34.349
 13    10.167 52676.57028803 23.58 299.303739 -32.226171 34.349
 14    11.271 52711.57030884 39.19 299.306896 -32.187785 40.401
 14    11.155 52711.57030948 30.74 299.305976 -32.191065 40.401
 14    10.813 52711.57031013 23.40 299.305062 -32.194341 26.454
 14    10.994 52711.57031077 23.89 299.304142 -32.197611 26.454
 14    11.214 52711.57031141 33.40 299.303222 -32.200891 26.454
 14    11.210 52711.57031206 40.58 299.302302 -32.204161 26.454
 14    11.276 52711.57031270 45.40 299.301382 -32.207441 26.454
 14    11.079 52711.57031335 40.19 299.300462 -32.210711 26.454
 14    10.965 52711.57031399 29.84 299.299542 -32.213991 26.454
 14    10.800 52711.57031464 24.00 299.298622 -32.217261 26.454
 14    10.582 52711.57031528 23.66 299.297702 -32.220541 26.454
 14    10.908 52711.57031593 25.84 299.296782 -32.223811 26.454
 15    10.825 52746.57033544 29.55 299.304914 -32.185803 37.530
 15    10.696 52746.57033609 25.02 299.303994 -32.189073 37.530
 15    10.469 52746.57033673 26.91 299.303074 -32.192353 37.530
 15    10.598 52746.57033738 28.69 299.302161 -32.195622 18.548
 15    11.017 52746.57033802 31.11 299.301241 -32.198902 18.548
 15    10.985 52746.57033866 40.79 299.300321 -32.202172 18.548
 15    11.017 52746.57033931 38.12 299.299401 -32.205452 18.548
 15    10.831 52746.57033995 33.95 299.298481 -32.208722 18.548
 15    10.643 52746.57034060 31.09 299.297561 -32.212002 18.548
 15    10.564 52746.57034124 27.89 299.296651 -32.215282 18.548
 15    10.353 52746.57034189 25.94 299.295731 -32.218552 18.548
 15    10.359 52746.57034253 24.63 299.294811 -32.221832 18.548
 16    10.717 52781.57027858 25.18 299.298570 -32.210791 15.195
 16    10.326 52781.57027922 21.73 299.297650 -32.214071 15.195
 16     9.956 52781.57027987 22.15 299.296730 -32.217341 15.195
 16    10.199 52781.57028051 21.65 299.295810 -32.220621 15.195
 17    10.125 52816.57035344 26.62 299.305549 -32.182811 33.048
 17     9.825 52816.57035409 19.01 299.304629 -32.186091 33.048
 17     9.622 52816.57035473 15.59 299.303709 -32.189371 33.048
 17     9.298 52816.57035537 15.39 299.302789 -32.192641 33.048
 17     9.244 52816.57035602 14.88 299.301869 -32.195921 33.048
 17     9.964 52816.57035666 14.88 299.300950 -32.199197 13.082
 17    10.418 52816.57035731 19.15 299.300030 -32.202467 13.082
 17    10.311 52816.57035795 24.85 299.299110 -32.205747 13.082
 17    10.052 52816.57035860 18.80 299.298190 -32.209017 13.082
 17     9.370 52816.57035924 21.86 299.297270 -32.212297 13.082
 17     9.179 52816.57035989 19.96 299.296350 -32.215567 13.082
 17     9.073 52816.57036053 19.29 299.295430 -32.218847 13.082
 17     9.490 52816.57036118 18.06 299.294510 -32.222117 13.082
 18     9.638 52851.57040598 20.10 299.308320 -32.191029 35.959
 18     8.517 52851.57040663 21.64 299.307400 -32.194299 35.959
 18     8.474 52851.57040727 22.57 299.306480 -32.197579 35.959
 18     8.493 52851.57040792 21.84 299.305560 -32.200849 35.959
 18     9.960 52851.57040856 24.02 299.304643 -32.204135 18.717
 18    10.017 52851.57040921 24.19 299.303723 -32.207405 18.717
 18     8.733 52851.57040985 33.16 299.302803 -32.210675 18.717
 18     8.719 52851.57041049 37.82 299.301883 -32.213955 18.717
 18     8.705 52851.57041114 31.27 299.300963 -32.217235 18.717
 18     8.528 52851.57041178 22.77 299.300043 -32.220505 18.717
 18     8.448 52851.57041243 21.49 299.299123 -32.223785 18.717
 19     9.776 52886.57044001 17.38 299.306509 -32.188844 31.975
 19     9.130 52886.57044065 14.79 299.305589 -32.192124 31.975
 19     8.713 52886.57044130 14.21 299.304669 -32.195404 31.975
 19     8.437 52886.57044194 15.14 299.303749 -32.198674 31.975
 19     8.613 52886.57044258 17.47 299.302829 -32.201954 31.975
 19     9.858 52886.57044323 25.03 299.301907 -32.205221 10.737
 19     8.500 52886.57044387 22.93 299.300987 -32.208501 10.737
 19     8.706 52886.57044452 30.31 299.300077 -32.211781 10.737
 19     8.643 52886.57044516 26.78 299.299157 -32.215051 10.737
 19     8.522 52886.57044581 22.76 299.298237 -32.218331 10.737
 19     8.299 52886.57044645 20.54 299.297317 -32.221601 10.737
 20     9.013 52921.57039667 40.22 299.311227 -32.195588 24.694
 20     8.972 52921.57039731 40.10 299.310307 -32.198868 24.694
 20     8.918 52921.57039795 40.30 299.309387 -32.202138 24.694
 20     8.908 52921.57039860 41.59 299.308467 -32.205418 24.694
 20     8.905 52921.57039924 38.26 299.307551 -32.208687 18.422
 20     8.773 52921.57039989 32.16 299.306631 -32.211967 18.422
 20     8.889 52921.57040053 33.64 299.305711 -32.215237 18.422
 20     8.886 52921.57040118 29.67 299.304791 -32.218517 18.422
 20     8.941 52921.57040182 33.75 299.303881 -32.221797 18.422
 20     8.929 52921.57040247 45.37 299.302961 -32.225067 18.422
 21     8.380 52956.57036156 16.48 299.311350 -32.195030 35.233
 21     8.523 52956.57036220 14.86 299.310430 -32.198300 35.233
 21     8.777 52956.57036285 14.28 299.309510 -32.201580 35.233
 21     9.106 52956.57036349 14.54 299.308592 -32.204856 13.729
 21     8.977 52956.57036414 16.46 299.307672 -32.208126 13.729
 21     8.949 52956.57036478 24.12 299.306752 -32.211396 13.729
 21     8.959 52956.57036543 24.95 299.305832 -32.214676 13.729
 21     8.961 52956.57036607 31.39 299.304912 -32.217956 13.729
 21     8.962 52956.57036672 24.06 299.303992 -32.221226 13.729
 21     8.900 52956.57036736 18.73 299.303072 -32.224506 13.729
 21     8.755 52956.57036801 13.18 299.302152 -32.227776 13.729
 22     8.595 52991.57038045 16.94 299.312629 -32.196988 17.733
 22     8.508 52991.57038109 16.96 299.311709 -32.200258 17.733
 22     8.857 52991.57038174 16.12 299.310789 -32.203538 17.733
 22     8.835 52991.57038238 16.06 299.309869 -32.206808 17.733
 22     8.971 52991.57038303 19.19 299.308949 -32.210088 17.733
 22     9.039 52991.57038367 24.23 299.308029 -32.213358 17.733
 22     9.099 52991.57038432 26.89 299.307109 -32.216638 17.733
 22     9.160 52991.57038496 30.04 299.306189 -32.219908 17.733
 22     9.175 52991.57038561 27.09 299.305269 -32.223188 17.733
 22     9.012 52991.57038625 22.03 299.304349 -32.226458 17.733
 23     9.779 53026.57034729 21.79 299.317511 -32.202132 42.696
 23     9.201 53026.57034794 19.47 299.316596 -32.205400 38.977
 23     9.756 53026.57034858 17.91 299.315676 -32.208680 38.977
 23    10.081 53026.57034922 24.94 299.314756 -32.211950 38.977
 23    10.159 53026.57034987 42.06 299.313836 -32.215230 38.977
 23    10.172 53026.57035051 50.49 299.312916 -32.218510 38.977
 23    10.166 53026.57035116 47.30 299.312006 -32.221780 38.977
 23    10.230 53026.57035180 44.56 299.311086 -32.225060 38.977
 23    10.199 53026.57035245 28.61 299.310166 -32.228330 38.977
 23    10.110 53026.57035309 24.55 299.309246 -32.231610 38.977
 24     8.821 53061.57035640 34.66 299.314182 -32.198579 20.049
 24     8.774 53061.57035704 36.82 299.313272 -32.201859 20.049
 24     8.785 53061.57035769 37.23 299.312352 -32.205139 20.049
 24     8.810 53061.57035833 36.67 299.311432 -32.208409 20.049
 24     8.829 53061.57035898 37.84 299.310512 -32.211689 20.049
 24     9.685 53061.57035962 42.78 299.309592 -32.214959 20.049
 24     9.877 53061.57036027 38.60 299.308672 -32.218239 20.049
 24     8.674 53061.57036091 45.55 299.307752 -32.221509 20.049
 24     8.770 53061.57036156 51.23 299.306832 -32.224789 20.049
 24     8.835 53061.57036220 49.40 299.305912 -32.228059 20.049
 25     9.363 53096.57038479 13.80 299.301926 -32.208671 17.347
 25    10.636 53096.57038608 23.57 299.300089 -32.215221  8.684
 25     8.613 53096.57038672 21.14 299.299169 -32.218501  8.684
 25     9.446 53096.57038737 14.42 299.298249 -32.221771  8.684
 26     9.084 53131.57035550 16.04 299.313967 -32.200351 30.908
 26     9.062 53131.57035615 15.46 299.313047 -32.203631 30.908
 26     9.074 53131.57035679 15.93 299.312127 -32.206901 30.908
 26     8.873 53131.57035744 23.35 299.311207 -32.210181 30.908
 26     9.392 53131.57035808 29.08 299.310287 -32.213461 30.908
 26     9.150 53131.57035873 40.96 299.309368 -32.216728 25.772
 26     9.455 53131.57035937 33.26 299.308448 -32.220008 25.772
 26     9.264 53131.57036002 37.23 299.307528 -32.223278 25.772
 26     9.315 53131.57036066 23.66 299.306608 -32.226558 25.772
 26     9.241 53131.57036130 19.14 299.305688 -32.229838 25.772
 28     9.200 53201.57043106 15.50 299.308499 -32.191735 42.435
 28     8.927 53201.57043170 14.76 299.307579 -32.195015 42.435
 28     8.580 53201.57043235 15.63 299.306659 -32.198282 13.472
 28     8.904 53201.57043299 14.59 299.305739 -32.201562 13.472
 28     9.570 53201.57043364 16.93 299.304819 -32.204832 13.472
 28     9.366 53201.57043428 22.16 299.303909 -32.208112 13.472
 28     9.221 53201.57043493 32.72 299.302989 -32.211392 13.472
 28     9.187 53201.57043557 37.10 299.302069 -32.214662 13.472
 28     9.167 53201.57043622 28.61 299.301149 -32.217942 13.472
 28     8.903 53201.57043686 16.45 299.300229 -32.221212 13.472
 28     8.876 53201.57043750 16.58 299.299309 -32.224492 13.472
 29     9.185 53236.57040148 24.40 299.316983 -32.200164 39.200
 29     9.116 53236.57040213 18.02 299.316067 -32.203433 35.304
 29     8.796 53236.57040277 15.90 299.315147 -32.206713 35.304
 29     9.332 53236.57040341 20.77 299.314227 -32.209983 35.304
 29     9.453 53236.57040406 31.22 299.313317 -32.213263 35.304
 29     9.486 53236.57040470 42.88 299.312397 -32.216543 35.304
 29     9.507 53236.57040535 36.63 299.311477 -32.219813 35.304
 29     9.510 53236.57040599 28.41 299.310557 -32.223093 35.304
 29     9.410 53236.57040664 22.94 299.309637 -32.226363 35.304
 29     9.453 53236.57040728 23.41 299.308717 -32.229643 35.304
 30     9.537 53271.57035797 22.91 299.308005 -32.188382 32.118
 30     9.019 53271.57035862 15.82 299.307085 -32.191662 32.118
 30     8.493 53271.57035926 15.03 299.306175 -32.194932 32.118
 30     8.405 53271.57035991 15.62 299.305255 -32.198202 32.118
 30     8.503 53271.57036055 16.46 299.304333 -32.201487  9.415
 30     8.663 53271.57036120 21.04 299.303413 -32.204757  9.415
 30     8.631 53271.57036184 26.93 299.302493 -32.208037  9.415
 30     8.583 53271.57036249 23.31 299.301573 -32.211307  9.415
 30     8.512 53271.57036313 22.07 299.300653 -32.214587  9.415
 30     8.363 53271.57036378 21.05 299.299733 -32.217857  9.415
 30     8.229 53271.57036442 23.36 299.298813 -32.221137  9.415
 30     8.081 53271.57036507 21.09 299.297893 -32.224407  9.415
 31     9.051 53306.57042145 18.38 299.304133 -32.183393  9.801
 31     8.962 53306.57042209 14.18 299.303213 -32.186663  9.801
 31     8.800 53306.57042274 12.57 299.302303 -32.189943  9.801
 31     8.570 53306.57042338 12.95 299.301383 -32.193223  9.801
 31     8.481 53306.57042403 12.34 299.300463 -32.196493  9.801
 31     8.528 53306.57042467 12.54 299.299543 -32.199773  9.801
 31     8.883 53306.57042531 16.03 299.298623 -32.203043  9.801
 31     8.919 53306.57042596 18.06 299.297703 -32.206323  9.801
 31     8.578 53306.57042660 12.72 299.296783 -32.209593  9.801
 31     8.483 53306.57042725 19.53 299.295863 -32.212873  9.801
 31     8.409 53306.57042789 22.05 299.294943 -32.216143  9.801
 31     8.221 53306.57042854 19.55 299.294023 -32.219423  9.801
 32    10.293 53341.57039055 25.35 299.310625 -32.192785 29.472
 32     9.891 53341.57039119 23.12 299.309705 -32.196065 29.472
 32     9.921 53341.57039184 22.27 299.308795 -32.199335 29.472
 32    10.087 53341.57039248 23.41 299.307875 -32.202615 29.472
 32    10.442 53341.57039313 22.97 299.306955 -32.205885 29.472
 32    10.455 53341.57039377 29.88 299.306035 -32.209165 29.472
 32    10.496 53341.57039441 30.88 299.305115 -32.212435 29.472
 32    10.534 53341.57039506 34.18 299.304195 -32.215715 29.472
 32    10.387 53341.57039570 27.36 299.303275 -32.218985 29.472
 32    10.244 53341.57039635 25.96 299.302355 -32.222265 29.472
 32    10.407 53341.57039699 28.93 299.301435 -32.225535 29.472
 33     9.716 53376.57032362 23.91 299.314177 -32.198981 35.573
 33     9.505 53376.57032426 18.01 299.313257 -32.202261 35.573
 33     9.735 53376.57032491 18.33 299.312337 -32.205531 35.573
 33    10.039 53376.57032555 23.31 299.311417 -32.208811 35.573
 33    10.119 53376.57032620 25.68 299.310497 -32.212091 35.573
 33    10.114 53376.57032684 41.94 299.309587 -32.215361 35.573
 33    10.178 53376.57032748 35.70 299.308667 -32.218641 35.573
 33    10.007 53376.57032813 28.71 299.307747 -32.221911 35.573
 33     9.987 53376.57032877 24.86 299.306827 -32.225191 35.573
 33    10.041 53376.57032942 26.92 299.305907 -32.228461 35.573
 34     9.870 53411.57036615 26.52 299.312121 -32.195115 35.832
 34     9.648 53411.57036679 22.86 299.311211 -32.198385 35.832
 34     9.520 53411.57036744 19.87 299.310291 -32.201665 35.832
 34    10.258 53411.57036808 21.07 299.309371 -32.204935 35.832
 34    10.192 53411.57036872 31.09 299.308451 -32.208215 35.832
 34    10.462 53411.57036937 42.13 299.307531 -32.211485 35.832
 34    10.456 53411.57037001 50.11 299.306611 -32.214765 35.832
 34    10.404 53411.57037066 37.46 299.305691 -32.218035 35.832
 34    10.253 53411.57037130 28.14 299.304771 -32.221315 35.832
 34    10.205 53411.57037195 26.32 299.303851 -32.224585 35.832
 34    10.507 53411.57037259 31.06 299.302931 -32.227865 35.832
 35    10.419 53446.57034991 24.68 299.302121 -32.199620 12.106
 35    10.286 53446.57035184 29.80 299.299361 -32.209450 12.106
 35    10.001 53446.57035249 27.77 299.298441 -32.212720 12.106
 35     9.928 53446.57035313 24.73 299.297521 -32.216000 12.106
 35     9.905 53446.57035378 23.19 299.296601 -32.219270 12.106
 35     9.887 53446.57035442 23.58 299.295681 -32.222550 12.106
 36     9.837 53481.57043160 27.75 299.303924 -32.182234 13.215
 36     9.776 53481.57043224 21.47 299.303004 -32.185514 13.215
 36     9.731 53481.57043289 20.88 299.302094 -32.188794 13.215
 36     9.685 53481.57043353 20.03 299.301174 -32.192064 13.215
 36     9.594 53481.57043418 21.07 299.300254 -32.195344 13.215
 36     9.694 53481.57043482 20.42 299.299334 -32.198614 13.215
 36    10.459 53481.57043547 20.67 299.298414 -32.201894 13.215
 36    10.169 53481.57043611 23.81 299.297494 -32.205164 13.215
 36     9.816 53481.57043675 25.01 299.296574 -32.208444 13.215
 36     9.708 53481.57043740 24.10 299.295654 -32.211714 13.215
 36     9.557 53481.57043804 22.81 299.294734 -32.214994 13.215
 36     9.515 53481.57043869 22.48 299.293814 -32.218264 13.215
 36     9.586 53481.57043933 21.65 299.292894 -32.221544 13.215
 37     9.587 53516.57043792 18.66 299.308761 -32.199721 16.304
 37    10.230 53516.57043857 19.05 299.307841 -32.202991 16.304
 37    11.554 53516.57044050 31.53 299.305081 -32.212821 16.304
 37     9.415 53516.57044115 35.87 299.304161 -32.216091 16.304
 37    10.452 53516.57044179 21.19 299.303241 -32.219371 16.304
 37     9.233 53516.57044243 21.63 299.302321 -32.222641 16.304
 37     8.770 53516.57044308 22.84 299.301401 -32.225921 16.304
 38    10.082 53551.57045633 43.11 299.306009 -32.186411 39.989
 38    10.133 53551.57045698 39.50 299.305089 -32.189691 39.989
 38    10.111 53551.57045762 41.08 299.304179 -32.192961 39.989
 38    10.082 53551.57045826 42.44 299.303259 -32.196241 39.989
 38     9.989 53551.57045891 39.36 299.302339 -32.199511 39.989
 38    10.019 53551.57045955 40.77 299.301419 -32.202791 39.989
 38    10.047 53551.57046020 49.38 299.300499 -32.206061 39.989
 38     9.968 53551.57046084 47.22 299.299579 -32.209341 39.989
 38     9.891 53551.57046149 45.00 299.298659 -32.212611 39.989
 38     9.881 53551.57046213 43.74 299.297739 -32.215891 39.989
 38     9.878 53551.57046278 43.65 299.296819 -32.219161 39.989
 38     9.871 53551.57046342 42.35 299.295899 -32.222441 39.989
 39     9.058 53586.57041407 27.20 299.312769 -32.199125 19.302
 39     8.958 53586.57041471 28.74 299.311859 -32.202395 19.302
 39     9.061 53586.57041536 35.39 299.310939 -32.205675 19.302
 39     9.046 53586.57041600 37.15 299.310019 -32.208945 19.302
 39     9.737 53586.57041665 29.51 299.309099 -32.212225 19.302
 39     9.665 53586.57041729 34.81 299.308179 -32.215495 19.302
 39     8.884 53586.57041794 39.22 299.307259 -32.218775 19.302
 39     8.934 53586.57041858 40.09 299.306339 -32.222045 19.302
 39     8.913 53586.57041923 38.91 299.305419 -32.225325 19.302
 39     8.865 53586.57041987 41.23 299.304499 -32.228595 19.302
 40     9.658 53621.57037348 22.64 299.302971 -32.177592 23.075
 40     9.557 53621.57037412 15.08 299.302051 -32.180872 23.075
 40     9.230 53621.57037477 15.41 299.301131 -32.184142 23.075
 40     8.837 53621.57037541 15.17 299.300211 -32.187422 23.075
 40     8.223 53621.57037606 15.72 299.299291 -32.190692 23.075
 40     7.974 53621.57037670 16.19 299.298371 -32.193972 23.075
 40     8.115 53621.57037734 16.45 299.297451 -32.197242 23.075
 40     8.220 53621.57037799 16.97 299.296531 -32.200522 23.075
 40    10.102 53621.57037863 17.52 299.295611 -32.203792 23.075
 40     8.666 53621.57037928 18.76 299.294691 -32.207072 23.075
 40     8.598 53621.57037992 21.07 299.293771 -32.210352 23.075
 40     8.595 53621.57038057 20.85 299.292851 -32.213622 23.075
 40     8.606 53621.57038121 21.29 299.291931 -32.216892 23.075
 40     8.768 53621.57038186 21.58 299.291015 -32.220177 29.893
 41     9.475 53656.57040348 21.84 299.307666 -32.186417 15.787
 41     9.191 53656.57040413 17.46 299.306756 -32.189697 15.787
 41     8.488 53656.57040477 18.06 299.305836 -32.192967 15.787
 41     8.367 53656.57040542 15.99 299.304916 -32.196247 15.787
 41     9.994 53656.57040606 15.10 299.303996 -32.199517 15.787
 41    10.300 53656.57040670 14.36 299.303076 -32.202797 15.787
 41     9.628 53656.57040735 15.79 299.302156 -32.206067 15.787
 41     9.267 53656.57040799 22.75 299.301236 -32.209347 15.787
 41     9.227 53656.57040864 31.23 299.300316 -32.212617 15.787
 41     9.019 53656.57040928 26.77 299.299396 -32.215897 15.787
 41     8.917 53656.57040993 18.24 299.298476 -32.219167 15.787
 41     8.742 53656.57041057 14.71 299.297556 -32.222447 15.787
 42    10.498 53691.57039176 32.68 299.309722 -32.190117 29.656
 42    10.085 53691.57039240 23.17 299.308802 -32.193397 29.656
 42     9.860 53691.57039305 23.86 299.307892 -32.196677 29.656
 42     9.751 53691.57039369 25.08 299.306972 -32.199947 29.656
 42    10.009 53691.57039434 25.07 299.306052 -32.203227 29.656
 42    10.242 53691.57039498 26.44 299.305132 -32.206497 29.656
 42    10.479 53691.57039563 31.16 299.304212 -32.209777 29.656
 42    10.492 53691.57039627 41.08 299.303292 -32.213047 29.656
 42    10.542 53691.57039692 39.32 299.302372 -32.216327 29.656
 42    10.262 53691.57039756 29.69 299.301452 -32.219597 29.656
 42    10.394 53691.57039820 32.10 299.300532 -32.222877 29.656
 42    10.428 53691.57039885 32.91 299.299612 -32.226147 29.656
 43     9.691 53726.57031710 18.60 299.314725 -32.199812 19.576
 43     9.970 53726.57031775 15.71 299.313805 -32.203082 19.576
 43     9.748 53726.57031839 16.64 299.312895 -32.206362 19.576
 43    10.767 53726.57031904 18.00 299.311975 -32.209632 19.576
 43    11.263 53726.57031968 22.06 299.311055 -32.212912 19.576
 43    10.836 53726.57032033 36.21 299.310135 -32.216182 19.576
 43    13.076 53726.57032097 29.76 299.309215 -32.219462 19.576
 43    10.882 53726.57032162 31.44 299.308295 -32.222732 19.576
 43    10.932 53726.57032226 21.33 299.307375 -32.226012 19.576
 43    10.799 53726.57032291 19.13 299.306455 -32.229282 19.576
 44     9.401 53761.57026790 32.53 299.312711 -32.197208 20.193
 44     9.340 53761.57026854 27.91 299.311791 -32.200478 20.193
 44     9.342 53761.57026919 27.50 299.310871 -32.203758 20.193
 44     9.351 53761.57026983 25.72 299.309951 -32.207028 20.193
 44     9.437 53761.57027047 28.71 299.309031 -32.210308 20.193
 44     9.514 53761.57027112 29.00 299.308111 -32.213578 20.193
 44     9.568 53761.57027176 33.59 299.307191 -32.216858 20.193
 44     9.378 53761.57027241 33.92 299.306271 -32.220128 20.193
 44     9.354 53761.57027305 30.01 299.305351 -32.223408 20.193
 44     9.308 53761.57027370 23.61 299.304431 -32.226678 20.193
 45     8.288 53796.57028196 21.71 299.314262 -32.199033 24.549
 45     7.973 53796.57028260 21.90 299.313342 -32.202313 24.549
 45     8.351 53796.57028325 20.62 299.312422 -32.205583 24.549
 45     8.268 53796.57028389 20.79 299.311502 -32.208863 24.549
 45     9.253 53796.57028454 24.24 299.310582 -32.212133 24.549
 45     9.704 53796.57028518 35.69 299.309662 -32.215413 24.549
 45     9.639 53796.57028582 37.12 299.308742 -32.218683 24.549
 45     8.915 53796.57028647 41.55 299.307822 -32.221963 24.549
 45     8.820 53796.57028711 36.91 299.306902 -32.225233 24.549
 45     8.802 53796.57028776 40.27 299.305982 -32.228513 24.549
 47     9.853 53866.57033774 27.31 299.306680 -32.188156 19.169
 47     9.320 53866.57033839 28.07 299.305758 -32.191433 27.215
 47     9.291 53866.57033903 29.89 299.304838 -32.194703 27.215
 47     9.376 53866.57033968 31.03 299.303918 -32.197983 27.215
 47     9.396 53866.57034032 32.76 299.303008 -32.201253 27.215
 47     9.441 53866.57034097 33.38 299.302088 -32.204533 27.215
 47     9.479 53866.57034161 35.35 299.301168 -32.207803 27.215
 47     9.540 53866.57034226 41.91 299.300248 -32.211083 27.215
 47     9.515 53866.57034290 44.43 299.299328 -32.214353 27.215
 47     9.510 53866.57034355 45.98 299.298408 -32.217633 27.215
 47     9.509 53866.57034419 45.65 299.297488 -32.220903 27.215
 48    26.485 53901.57036962 14.61 299.305251 -32.204203 11.715
 48    11.016 53901.57037027 14.16 299.304331 -32.207483 11.715
 48    10.252 53901.57037091 26.47 299.303411 -32.210753 11.715
 48    10.610 53901.57037156 30.35 299.302491 -32.214033 11.715
 48    10.712 53901.57037220 25.95 299.301571 -32.217303 11.715
 48    10.677 53901.57037284 15.79 299.300661 -32.220583 11.715
 48    10.218 53901.57037349 12.91 299.299741 -32.223863 11.715
 49     9.294 53936.57040479 18.13 299.302675 -32.180444 27.407
 49     9.115 53936.57040543 16.34 299.301755 -32.183714 27.407
 49     9.044 53936.57040608 15.41 299.300835 -32.186994 27.407
 49     8.807 53936.57040672 14.39 299.299918 -32.190271 16.875
 49     8.494 53936.57040737 14.95 299.298998 -32.193541 16.875
 49     8.465 53936.57040801 14.95 299.298078 -32.196811 16.875
 49     8.645 53936.57040866 16.06 299.297168 -32.200091 16.875
 49     8.674 53936.57040930 18.50 299.296248 -32.203371 16.875
 49     8.741 53936.57040995 16.88 299.295328 -32.206641 16.875
 49     8.754 53936.57041059 17.40 299.294408 -32.209921 16.875
 49     8.781 53936.57041124 17.70 299.293488 -32.213191 16.875
 49     8.770 53936.57041188 18.52 299.292568 -32.216471 16.875
 49     8.863 53936.57041253 17.79 299.291648 -32.219741 16.875
 50     9.455 53971.57037238 31.28 299.308675 -32.188631 32.760
 50     9.213 53971.57037302 14.79 299.307755 -32.191911 32.760
 50     8.548 53971.57037366 13.85 299.306842 -32.195180 10.511
 50     8.238 53971.57037431 14.85 299.305922 -32.198460 10.511
 50     8.366 53971.57037495 14.07 299.305002 -32.201730 10.511
 50     8.608 53971.57037560 15.46 299.304082 -32.205010 10.511
 50     8.557 53971.57037624 17.63 299.303162 -32.208280 10.511
 50     8.597 53971.57037689 31.05 299.302252 -32.211560 10.511
 50     8.628 53971.57037753 34.24 299.301332 -32.214840 10.511
 50     8.516 53971.57037818 25.18 299.300412 -32.218110 10.511
 50     8.302 53971.57037882 22.12 299.299492 -32.221390 10.511
 50     8.212 53971.57037947 16.66 299.298572 -32.224660 10.511
 51     9.414 54006.57035430 32.07 299.309046 -32.188884 14.609
 51     8.878 54006.57035494 13.49 299.308126 -32.192154 14.609
 51     8.443 54006.57035559 12.07 299.307206 -32.195434 14.609
 51     8.493 54006.57035623 13.65 299.306286 -32.198704 14.609
 51     8.634 54006.57035688 12.78 299.305366 -32.201984 14.609
 51     8.826 54006.57035752 16.74 299.304446 -32.205254 14.609
 51     8.740 54006.57035817 16.93 299.303526 -32.208534 14.609
 51     8.456 54006.57035881 28.06 299.302606 -32.211804 14.609
 51     8.486 54006.57035946 29.08 299.301686 -32.215084 14.609
 51     8.551 54006.57036010 23.50 299.300766 -32.218354 14.609
 51     8.427 54006.57036075 22.29 299.299846 -32.221634 14.609
 51     8.140 54006.57036139 18.42 299.298926 -32.224904 14.609
 52     8.836 54041.57038329 16.28 299.310852 -32.196463 15.518
 52     9.045 54041.57038394 17.28 299.309932 -32.199743 15.518
 52     9.007 54041.57038458 17.77 299.309022 -32.203013 15.518
 52     8.912 54041.57038523 18.00 299.308102 -32.206293 15.518
 52     9.162 54041.57038587 21.69 299.307182 -32.209563 15.518
 52     9.239 54041.57038652 23.64 299.306262 -32.212843 15.518
 52     9.269 54041.57038716 37.58 299.305342 -32.216113 15.518
 52     9.307 54041.57038781 37.87 299.304422 -32.219393 15.518
 52     9.160 54041.57038845 26.93 299.303502 -32.222663 15.518
 52     8.921 54041.57038910 21.26 299.302582 -32.225943 15.518
 53     9.571 54076.57037713 33.69 299.310985 -32.195591 15.543
 53     9.588 54076.57037777 26.79 299.310065 -32.198871 15.543
 53     9.260 54076.57037842 25.81 299.309145 -32.202141 15.543
 53     9.263 54076.57037906 23.70 299.308225 -32.205421 15.543
 53     9.466 54076.57037971 24.19 299.307305 -32.208691 15.543
 53     9.508 54076.57038035 24.53 299.306395 -32.211971 15.543
 53     9.445 54076.57038100 36.87 299.305475 -32.215251 15.543
 53     9.519 54076.57038164 43.47 299.304555 -32.218521 15.543
 53     9.583 54076.57038229 33.75 299.303635 -32.221801 15.543
 53     9.538 54076.57038293 30.11 299.302715 -32.225071 15.543
 54     9.544 54111.57031776 18.82 299.312961 -32.196107 43.308
 54     9.212 54111.57031841 16.31 299.312043 -32.199378 22.929
 54     9.263 54111.57031905 15.87 299.311123 -32.202658 22.929
 54     9.645 54111.57031970 16.19 299.310203 -32.205928 22.929
 54     9.862 54111.57032034 19.63 299.309283 -32.209208 22.929
 54     9.670 54111.57032098 26.57 299.308363 -32.212488 22.929
 54     9.551 54111.57032163 31.08 299.307443 -32.215758 22.929
 54    10.085 54111.57032227 28.37 299.306533 -32.219038 22.929
 54    10.118 54111.57032292 30.68 299.305613 -32.222308 22.929
 54     9.886 54111.57032356 20.59 299.304693 -32.225588 22.929
 54     9.980 54111.57032421 29.41 299.303773 -32.228858 22.929
 55    10.977 54146.57031753 25.88 299.308404 -32.189847 17.110
 55    10.132 54146.57031818 23.71 299.307484 -32.193127 17.110
 55     9.801 54146.57031882 23.52 299.306564 -32.196397 17.110
 55    10.244 54146.57031947 23.19 299.305654 -32.199677 17.110
 55    11.040 54146.57032011 23.19 299.304734 -32.202957 17.110
 55    10.925 54146.57032076 31.84 299.303814 -32.206227 17.110
 55    11.033 54146.57032140 34.11 299.302894 -32.209507 17.110
 55    11.026 54146.57032205 32.47 299.301974 -32.212777 17.110
 55    10.649 54146.57032269 28.54 299.301054 -32.216057 17.110
 55    10.479 54146.57032333 27.09 299.300134 -32.219327 17.110
 55    10.475 54146.57032398 27.83 299.299214 -32.222607 17.110
 56    11.480 54181.57030508 36.48 299.312602 -32.195061 41.352
 56    11.357 54181.57030573 34.07 299.311682 -32.198331 41.352
 56    11.506 54181.57030637 34.36 299.310762 -32.201611 41.352
 56    11.627 54181.57030702 40.22 299.309842 -32.204891 41.352
 56    11.680 54181.57030766 35.07 299.308922 -32.208161 41.352
 56    11.909 54181.57030831 45.42 299.308012 -32.211441 41.352
 56    11.845 54181.57030895 50.58 299.307092 -32.214711 41.352
 56    11.784 54181.57030960 44.88 299.306172 -32.217991 41.352
 56    11.820 54181.57031024 40.27 299.305252 -32.221261 41.352
 56    11.682 54181.57031089 35.43 299.304332 -32.224541 41.352
 56    11.809 54181.57031153 42.00 299.303412 -32.227811 41.352
 57    10.882 54216.57032510 30.78 299.307853 -32.189786 23.347
 57    10.544 54216.57032574 23.82 299.306933 -32.193066 23.347
 57    10.857 54216.57032639 23.60 299.306013 -32.196336 23.347
 57    11.027 54216.57032703 32.76 299.305103 -32.199616 23.347
 57    11.106 54216.57032768 39.18 299.304183 -32.202896 23.347
 57    10.873 54216.57032832 37.18 299.303263 -32.206166 23.347
 57    10.751 54216.57032897 41.89 299.302343 -32.209446 23.347
 57    10.669 54216.57032961 38.48 299.301423 -32.212716 23.347
 57    10.481 54216.57033026 27.72 299.300503 -32.215996 23.347
 57    10.362 54216.57033090 25.92 299.299583 -32.219266 23.347
 57    10.764 54216.57033154 25.92 299.298663 -32.222546 23.347
 58    10.764 54251.57035187 40.34 299.308801 -32.191284 37.693
 58    10.766 54251.57035251 38.68 299.307881 -32.194554 37.693
 58    10.735 54251.57035316 33.58 299.306961 -32.197824 37.693
 58    10.637 54251.57035380 31.50 299.306041 -32.201104 37.693
 58    10.689 54251.57035445 42.32 299.305131 -32.204384 37.693
 58    10.669 54251.57035509 44.21 299.304211 -32.207654 37.693
 58    10.671 54251.57035574 39.75 299.303291 -32.210934 37.693
 58    10.655 54251.57035638 45.89 299.302371 -32.214204 37.693
 58    10.716 54251.57035703 41.28 299.301451 -32.217484 37.693
 58    10.655 54251.57035767 33.45 299.300531 -32.220754 37.693
 58    10.680 54251.57035832 29.22 299.299611 -32.224034 37.693
 59     9.972 54286.57035906 41.13 299.310924 -32.196634 27.522
 59     9.974 54286.57035970 40.34 299.310004 -32.199904 27.522
 59     9.981 54286.57036035 42.16 299.309084 -32.203184 27.522
 59    10.004 54286.57036099 43.57 299.308174 -32.206454 27.522
 59    10.571 54286.57036163 49.23 299.307254 -32.209734 27.522
 59    10.768 54286.57036228 35.44 299.306334 -32.213004 27.522
 59     9.996 54286.57036292 40.75 299.305414 -32.216284 27.522
 59     9.896 54286.57036357 48.10 299.304494 -32.219554 27.522
 59     9.857 54286.57036421 48.67 299.303574 -32.222834 27.522
 59     9.857 54286.57036486 49.12 299.302654 -32.226104 27.522
 60     9.351 54321.57035531 20.88 299.311225 -32.194225 28.331
 60     9.283 54321.57035595 17.28 299.310305 -32.197495 28.331
 60     9.819 54321.57035660 15.96 299.309385 -32.200775 28.331
 60    10.133 54321.57035724 22.85 299.308475 -32.204045 28.331
 60    10.425 54321.57035789 35.05 299.307555 -32.207325 28.331
 60    10.404 54321.57035853 43.82 299.306635 -32.210605 28.331
 60     9.569 54321.57035918 29.73 299.305715 -32.213875 28.331
 60     9.418 54321.57035982 28.42 299.304795 -32.217155 28.331
 60     9.272 54321.57036046 28.39 299.303875 -32.220425 28.331
 60     9.186 54321.57036111 24.28 299.302955 -32.223705 28.331
 60     9.591 54321.57036175 25.29 299.302035 -32.226975 28.331
 61    30.138 54356.57032067 34.45 299.306586 -32.222184 17.441
 61    15.421 54356.57032131 25.17 299.305666 -32.225454 17.441
 61    10.815 54356.57032195 23.89 299.304746 -32.228734 17.441
 62     8.791 54391.57029611 47.09 299.310117 -32.193797 27.837
 62     8.768 54391.57029676 48.00 299.309197 -32.197065 23.889
 62     8.846 54391.57029740 44.58 299.308277 -32.200345 23.889
 62     8.875 54391.57029805 45.47 299.307367 -32.203625 23.889
 62     9.866 54391.57029869 41.34 299.306447 -32.206895 23.889
 62     9.814 54391.57029933 32.64 299.305527 -32.210175 23.889
 62     8.888 54391.57029998 37.13 299.304607 -32.213445 23.889
 62     8.799 54391.57030062 38.91 299.303687 -32.216725 23.889
 62     8.675 54391.57030127 49.07 299.302767 -32.219995 23.889
 62     8.661 54391.57030191 48.95 299.301847 -32.223275 23.889
 62     8.640 54391.57030256 45.05 299.300927 -32.226545 23.889
 63     8.993 54426.57026555 20.48 299.312066 -32.193954 32.880
 63     8.768 54426.57026619 15.88 299.311146 -32.197234 32.880
 63     9.037 54426.57026684 15.66 299.310230 -32.200504 25.708
 63     9.435 54426.57026748 15.34 299.309310 -32.203784 25.708
 63     9.624 54426.57026813 28.82 299.308390 -32.207054 25.708
 63     9.533 54426.57026877 24.91 299.307470 -32.210334 25.708
 63     9.127 54426.57026942 30.68 299.306560 -32.213614 25.708
 63     9.222 54426.57027006 36.67 299.305640 -32.216884 25.708
 63     9.200 54426.57027071 37.87 299.304720 -32.220164 25.708
 63     8.953 54426.57027135 26.08 299.303800 -32.223434 25.708
 63     8.868 54426.57027200 18.89 299.302880 -32.226714 25.708
 64     9.244 54461.57027298 19.86 299.309022 -32.192655 29.931
 64     8.947 54461.57027362 17.92 299.308099 -32.195932 15.342
 64     8.974 54461.57027427 17.49 299.307179 -32.199202 15.342
 64     9.388 54461.57027491 18.79 299.306259 -32.202482 15.342
 64     9.414 54461.57027556 22.45 299.305349 -32.205752 15.342
 64     9.371 54461.57027620 27.00 299.304429 -32.209032 15.342
 64     9.099 54461.57027685 39.52 299.303509 -32.212302 15.342
 64     9.097 54461.57027749 44.10 299.302589 -32.215582 15.342
 64     9.100 54461.57027814 35.83 299.301669 -32.218852 15.342
 64     9.073 54461.57027878 22.06 299.300749 -32.222132 15.342
 64     8.663 54461.57027943 17.65 299.299829 -32.225402 15.342
 65     8.534 54496.57027356 16.41 299.311521 -32.197606 19.963
 65     8.982 54496.57027420 15.25 299.310611 -32.200876 19.963
 65     9.083 54496.57027485 14.95 299.309691 -32.204156 19.963
 65     9.118 54496.57027549 15.28 299.308771 -32.207426 19.963
 65     9.159 54496.57027614 21.04 299.307851 -32.210706 19.963
 65     9.249 54496.57027678 28.36 299.306931 -32.213976 19.963
 65     9.220 54496.57027743 38.00 299.306011 -32.217256 19.963
 65     9.338 54496.57027807 42.30 299.305091 -32.220526 19.963
 65     9.082 54496.57027872 28.90 299.304171 -32.223806 19.963
 65     9.024 54496.57027936 15.56 299.303251 -32.227076 19.963
 66     8.578 54531.57028617 15.65 299.310460 -32.194202 25.301
 66     8.664 54531.57028681 15.17 299.309540 -32.197472 25.301
 66     8.920 54531.57028746 14.50 299.308620 -32.200752 25.301
 66     9.358 54531.57028810 19.27 299.307700 -32.204022 25.301
 66     9.322 54531.57028875 19.23 299.306780 -32.207302 25.301
 66     9.252 54531.57028939 22.96 299.305860 -32.210572 25.301
 66     9.346 54531.57029004 34.72 299.304940 -32.213852 25.301
 66     9.240 54531.57029068 35.74 299.304020 -32.217122 25.301
 66     9.272 54531.57029133 33.25 299.303100 -32.220402 25.301
 66     9.256 54531.57029197 27.45 299.302190 -32.223682 25.301
 66     8.907 54531.57029261 16.77 299.301270 -32.226952 25.301
 67     9.512 54566.57027824 29.44 299.313084 -32.196728 13.423
 67     9.549 54566.57027888 26.12 299.312174 -32.200008 13.423
 67     9.424 54566.57027953 24.35 299.311254 -32.203278 13.423
 67     9.329 54566.57028017 21.95 299.310334 -32.206558 13.423
 67     9.323 54566.57028082 23.23 299.309414 -32.209828 13.423
 67     9.344 54566.57028146 22.99 299.308494 -32.213108 13.423
 67     9.398 54566.57028211 28.94 299.307574 -32.216378 13.423
 67     9.453 54566.57028275 39.62 299.306654 -32.219658 13.423
 67     9.508 54566.57028340 35.47 299.305734 -32.222928 13.423
 67     9.328 54566.57028404 25.36 299.304824 -32.226208 13.423
 67     8.900 54566.57028468 23.91 299.303904 -32.229488 13.423
 68     9.608 54601.57028135 15.82 299.309042 -32.193046 22.741
 68     9.231 54601.57028200 16.41 299.308122 -32.196326 22.741
 68     9.221 54601.57028264 16.25 299.307202 -32.199596 22.741
 68     9.602 54601.57028328 20.60 299.306282 -32.202876 22.741
 68     9.693 54601.57028393 17.56 299.305362 -32.206146 22.741
 68    10.055 54601.57028457 25.32 299.304442 -32.209426 22.741
 68    10.036 54601.57028522 24.08 299.303522 -32.212696 22.741
 68     9.919 54601.57028586 33.54 299.302602 -32.215976 22.741
 68     9.923 54601.57028651 29.22 299.301682 -32.219246 22.741
 68     9.810 54601.57028715 22.84 299.300772 -32.222526 22.741
 68     9.738 54601.57028780 20.82 299.299852 -32.225796 22.741
 69     8.828 54636.57029321 16.03 299.309000 -32.192518 20.391
 69     8.684 54636.57029386 13.66 299.308080 -32.195798 20.391
 69     8.794 54636.57029450 13.90 299.307160 -32.199068 20.391
 69     9.268 54636.57029515 13.19 299.306240 -32.202348 20.391
 69     9.408 54636.57029579 14.15 299.305320 -32.205618 20.391
 69     9.101 54636.57029644 18.12 299.304400 -32.208898 20.391
 69     9.117 54636.57029708 23.27 299.303480 -32.212168 20.391
 69     9.168 54636.57029773 31.00 299.302560 -32.215448 20.391
 69     9.208 54636.57029837 34.28 299.301650 -32.218718 20.391
 69     8.837 54636.57029902 24.69 299.300730 -32.221998 20.391
 69     8.789 54636.57029966 18.40 299.299810 -32.225278 20.391
 70    10.151 54671.57029671 17.32 299.309556 -32.193828 13.535
 70     8.845 54671.57029736 17.34 299.308636 -32.197098 13.535
 70     9.494 54671.57029800 17.15 299.307716 -32.200378 13.535
 70     9.837 54671.57029865 15.83 299.306796 -32.203648 13.535
 70     9.579 54671.57029929 15.93 299.305876 -32.206928 13.535
 70     9.980 54671.57029994 15.21 299.304956 -32.210198 13.535
 70    10.050 54671.57030058 18.48 299.304036 -32.213478 13.535
 70    10.080 54671.57030123 26.89 299.303116 -32.216748 13.535
 70    10.169 54671.57030187 24.67 299.302196 -32.220028 13.535
 70    10.204 54671.57030252 18.05 299.301276 -32.223308 13.535
 70    10.034 54671.57030316 15.75 299.300366 -32.226578 13.535
 71     8.811 54706.57025802 19.68 299.312573 -32.198340 23.146
 71     8.799 54706.57025867 16.35 299.311653 -32.201620 23.146
 71     8.855 54706.57025931 15.61 299.310733 -32.204890 23.146
 71     9.342 54706.57025996 19.93 299.309813 -32.208170 23.146
 71     9.438 54706.57026060 21.38 299.308893 -32.211440 23.146
 71     9.432 54706.57026124 28.37 299.307973 -32.214720 23.146
 71     9.683 54706.57026189 32.48 299.307053 -32.217990 23.146
 71     9.697 54706.57026253 33.27 299.306133 -32.221270 23.146
 71     9.544 54706.57026318 27.96 299.305213 -32.224540 23.146
 71     9.251 54706.57026382 23.24 299.304293 -32.227820 23.146
 72     8.789 54741.57026626 30.62 299.302136 -32.216583 10.234
 72    10.085 54741.57026691 23.95 299.301226 -32.219863 10.234
 72     8.580 54741.57026755 20.72 299.300306 -32.223133 10.234
 73     9.039 54776.57023931 18.94 299.312081 -32.196577 21.852
 73     9.247 54776.57023996 17.41 299.311161 -32.199857 21.852
 73     9.396 54776.57024060 16.44 299.310241 -32.203137 21.852
 73     9.406 54776.57024125 16.72 299.309321 -32.206407 21.852
 73     9.502 54776.57024189 23.54 299.308401 -32.209687 21.852
 73     9.586 54776.57024254 22.90 299.307481 -32.212957 21.852
 73     9.663 54776.57024318 34.11 299.306561 -32.216237 21.852
 73     9.852 54776.57024383 42.60 299.305641 -32.219507 21.852
 73     9.719 54776.57024447 34.82 299.304721 -32.222787 21.852
 73     9.474 54776.57024512 27.13 299.303811 -32.226057 21.852
 74     9.677 54811.57025357 43.95 299.308691 -32.188513 31.063
 74     9.357 54811.57025422 20.80 299.307771 -32.191783 31.063
 74     8.898 54811.57025486 14.72 299.306851 -32.195063 31.063
 74     9.015 54811.57025550 14.15 299.305935 -32.198331 13.846
 74     9.156 54811.57025615 14.54 299.305015 -32.201611 13.846
 74     9.406 54811.57025679 17.92 299.304095 -32.204891 13.846
 74     9.329 54811.57025744 16.51 299.303175 -32.208161 13.846
 74     9.300 54811.57025808 30.08 299.302255 -32.211441 13.846
 74     9.331 54811.57025873 30.38 299.301335 -32.214711 13.846
 74     9.319 54811.57025937 30.61 299.300415 -32.217991 13.846
 74     8.979 54811.57026002 26.09 299.299495 -32.221261 13.846
 74     9.155 54811.57026066 18.69 299.298575 -32.224541 13.846
 75     8.170 54846.57023897 38.80 299.311480 -32.194884 22.336
 75     8.214 54846.57023961 34.44 299.310560 -32.198154 22.336
 75     7.961 54846.57024026 32.27 299.309640 -32.201434 22.336
 75     8.039 54846.57024090 39.87 299.308720 -32.204704 22.336
 75     8.071 54846.57024155 46.20 299.307800 -32.207984 22.336
 75     8.089 54846.57024219 33.59 299.306880 -32.211254 22.336
 75     8.508 54846.57024284 30.64 299.305960 -32.214534 22.336
 75     8.539 54846.57024348 27.46 299.305040 -32.217804 22.336
 75     8.051 54846.57024413 26.33 299.304130 -32.221084 22.336
 75     7.973 54846.57024477 28.21 299.303210 -32.224354 22.336
 75     7.962 54846.57024541 32.42 299.302290 -32.227634 22.336
 76     8.814 54881.57025797 33.34 299.308258 -32.190554 13.200
 76     8.702 54881.57025861 27.39 299.307338 -32.193824 13.200
 76     8.355 54881.57025926 27.92 299.306418 -32.197104 13.200
 76     8.139 54881.57025990 28.62 299.305498 -32.200374 13.200
 76     8.443 54881.57026055 27.51 299.304578 -32.203654 13.200
 76     8.498 54881.57026119 28.00 299.303658 -32.206924 13.200
 76     8.321 54881.57026184 27.66 299.302738 -32.210204 13.200
 76     8.620 54881.57026248 35.46 299.301818 -32.213474 13.200
 76     8.637 54881.57026313 37.78 299.300908 -32.216754 13.200
 76     8.618 54881.57026377 31.63 299.299988 -32.220024 13.200
 76     8.621 54881.57026442 30.41 299.299068 -32.223304 13.200
 77     8.634 54916.57024151 24.73 299.311074 -32.194392 21.983
 77     8.247 54916.57024216 26.52 299.310164 -32.197662 21.983
 77     8.185 54916.57024280 28.01 299.309244 -32.200942 21.983
 77     7.838 54916.57024345 30.18 299.308324 -32.204222 21.983
 77     8.174 54916.57024409 30.50 299.307404 -32.207492 21.983
 77     8.095 54916.57024474 31.49 299.306484 -32.210772 21.983
 77     8.733 54916.57024538 31.85 299.305564 -32.214042 21.983
 77     8.796 54916.57024603 35.36 299.304644 -32.217322 21.983
 77     8.832 54916.57024667 41.33 299.303724 -32.220592 21.983
 77     8.899 54916.57024731 43.51 299.302804 -32.223872 21.983
 77     8.937 54916.57024796 43.73 299.301894 -32.227142 21.983
 78     8.423 54951.57025021 40.09 299.309106 -32.189312 25.712
 78     8.410 54951.57025085 38.86 299.308186 -32.192592 25.712
 78     8.415 54951.57025149 25.92 299.307266 -32.195862 25.712
 78     8.113 54951.57025214 23.12 299.306346 -32.199142 25.712
 78     8.012 54951.57025278 23.37 299.305426 -32.202412 25.712
 78     9.243 54951.57025343 25.37 299.304506 -32.205692 25.712
 78     8.360 54951.57025407 26.32 299.303586 -32.208962 25.712
 78     8.425 54951.57025472 32.63 299.302666 -32.212242 25.712
 78     8.275 54951.57025536 40.37 299.301746 -32.215512 25.712
 78     8.270 54951.57025601 43.84 299.300826 -32.218792 25.712
 78     8.303 54951.57025665 30.51 299.299906 -32.222062 25.712
 78     8.232 54951.57025730 26.68 299.298986 -32.225342 25.712
 79     8.639 54986.57027635 11.71 299.306596 -32.193884  9.642
 79     8.463 54986.57027700 11.79 299.305676 -32.197154  9.642
 79     8.432 54986.57027764 11.52 299.304756 -32.200434  9.642
 79     9.647 54986.57027829 14.86 299.303836 -32.203704  9.642
 79     9.021 54986.57027893 12.78 299.302916 -32.206984  9.642
 79     8.544 54986.57027958 21.58 299.301996 -32.210254  9.642
 79     9.572 54986.57028022 20.41 299.301076 -32.213534  9.642
 79     9.374 54986.57028087 23.07 299.300166 -32.216804  9.642
 79     8.754 54986.57028151 20.07 299.299246 -32.220084  9.642
 79     8.081 54986.57028216 18.14 299.298326 -32.223354  9.642
 80     8.471 55021.57026912 21.47 299.311601 -32.195688 12.375
 80     8.434 55021.57026976 23.38 299.310681 -32.198968 12.375
 80     8.316 55021.57027041 23.52 299.309761 -32.202238 12.375
 80     8.206 55021.57027105 23.37 299.308841 -32.205518 12.375
 80     7.979 55021.57027170 23.32 299.307921 -32.208788 12.375
 80     8.233 55021.57027234 23.98 299.307001 -32.212068 12.375
 80     8.393 55021.57027299 30.54 299.306081 -32.215338 12.375
 80     8.498 55021.57027363 31.34 299.305161 -32.218618 12.375
 80     8.538 55021.57027427 27.70 299.304241 -32.221888 12.375
 80     8.450 55021.57027492 25.59 299.303321 -32.225168 12.375
 80     8.206 55021.57027556 25.06 299.302411 -32.228448 12.375
 81     8.828 55056.57026564 22.57 299.310927 -32.196318 18.072
 81     8.913 55056.57026628 22.28 299.310007 -32.199588 18.072
 81     9.249 55056.57026693 22.61 299.309087 -32.202868 18.072
 81     9.173 55056.57026757 23.44 299.308167 -32.206138 18.072
 81     9.484 55056.57026822 26.76 299.307247 -32.209418 18.072
 81     9.540 55056.57026886 29.32 299.306327 -32.212688 18.072
 81     9.603 55056.57026951 39.04 299.305407 -32.215968 18.072
 81     9.603 55056.57027015 42.67 299.304487 -32.219238 18.072
 81     9.588 55056.57027080 33.33 299.303567 -32.222518 18.072
 81     9.439 55056.57027144 27.88 299.302647 -32.225788 18.072
 82     9.416 55091.57022444 13.92 299.310254 -32.201220 19.645
 82     9.697 55091.57022509 15.00 299.309334 -32.204490 19.645
 82     9.415 55091.57022767 36.44 299.305654 -32.217590 19.645
 82    10.265 55091.57022831 29.09 299.304734 -32.220870 19.645
 82     9.261 55091.57022896 24.91 299.303814 -32.224140 19.645
 82     9.084 55091.57022960 21.28 299.302894 -32.227420 19.645
 83     9.693 55126.57020494 22.73 299.309736 -32.192716 23.585
 83     9.476 55126.57020559 22.12 299.308816 -32.195986 23.585
 83     9.511 55126.57020623 22.70 299.307896 -32.199266 23.585
 83     9.548 55126.57020688 22.67 299.306976 -32.202536 23.585
 83     9.812 55126.57020752 28.27 299.306056 -32.205816 23.585
 83     9.906 55126.57020817 35.70 299.305136 -32.209086 23.585
 83    10.097 55126.57020881 36.00 299.304216 -32.212366 23.585
 83    10.040 55126.57020946 39.09 299.303296 -32.215636 23.585
 83     9.970 55126.57021010 30.29 299.302376 -32.218916 23.585
 83     9.815 55126.57021075 24.50 299.301466 -32.222186 23.585
 83     9.906 55126.57021139 24.71 299.300546 -32.225466 23.585
 84    10.463 55161.57018435 31.39 299.310566 -32.195420 34.783
 84    10.528 55161.57018500 26.86 299.309646 -32.198700 34.783
 84    11.051 55161.57018564 26.65 299.308726 -32.201970 34.783
 84    11.060 55161.57018629 33.99 299.307806 -32.205250 34.783
 84    11.190 55161.57018693 41.56 299.306886 -32.208520 34.783
 84    11.112 55161.57018757 47.91 299.305966 -32.211800 34.783
 84    10.970 55161.57018822 44.85 299.305046 -32.215070 34.783
 84    11.036 55161.57018886 34.27 299.304126 -32.218350 34.783
 84    10.864 55161.57018951 31.12 299.303206 -32.221620 34.783
 84    11.040 55161.57019015 31.24 299.302286 -32.224900 34.783
 85    11.757 55196.57019501 31.38 299.308254 -32.189986 32.537
 85    11.264 55196.57019566 27.27 299.307334 -32.193266 32.537
 85    11.325 55196.57019630 27.39 299.306414 -32.196536 32.537
 85    11.695 55196.57019694 26.90 299.305494 -32.199816 32.537
 85    11.759 55196.57019759 42.45 299.304574 -32.203086 32.537
 85    11.723 55196.57019823 50.61 299.303654 -32.206366 32.537
 85    11.613 55196.57019888 41.26 299.302734 -32.209636 32.537
 85    11.585 55196.57019952 38.55 299.301814 -32.212916 32.537
 85    11.491 55196.57020017 31.16 299.300894 -32.216186 32.537
 85    11.330 55196.57020081 28.94 299.299974 -32.219466 32.537
 85    11.419 55196.57020146 29.73 299.299054 -32.222746 32.537
 86    12.036 55231.57019237 41.18 299.305463 -32.215871 20.925
 86    12.763 55231.57019301 34.54 299.304543 -32.219141 20.925
 86    11.869 55231.57019366 31.30 299.303633 -32.222421 20.925
 86    12.015 55231.57019430 31.92 299.302713 -32.225691 20.925
 87    11.548 55266.57019040 32.68 299.309628 -32.194089 31.267
 87    11.371 55266.57019104 27.85 299.308708 -32.197359 31.267
 87    11.521 55266.57019169 27.87 299.307788 -32.200639 31.267
 87    11.881 55266.57019233 31.84 299.306868 -32.203909 31.267
 87    11.866 55266.57019298 40.00 299.305948 -32.207189 31.267
 87    11.874 55266.57019362 38.01 299.305028 -32.210469 31.267
 87    11.873 55266.57019427 40.77 299.304108 -32.213739 31.267
 87    11.869 55266.57019491 38.09 299.303188 -32.217009 31.267
 87    11.512 55266.57019556 30.59 299.302278 -32.220289 31.267
 87    11.805 55266.57019620 33.45 299.301358 -32.223569 31.267
 87    11.781 55266.57019684 42.70 299.300438 -32.226839 31.267
 88    11.121 55301.57017332 35.35 299.306800 -32.220838 26.431
 88    12.051 55301.57017396 31.00 299.305880 -32.224118 26.431
 88    11.046 55301.57017461 32.78 299.304960 -32.227388 26.431
 89    10.712 55336.57016571 28.46 299.310125 -32.193629 32.935
 89    10.421 55336.57016636 25.29 299.309205 -32.196899 32.935
 89    10.692 55336.57016700 21.76 299.308285 -32.200179 32.935
 89    10.862 55336.57016765 25.46 299.307365 -32.203449 32.935
 89    11.116 55336.57016829 41.74 299.306445 -32.206729 32.935
 89    11.146 55336.57016894 42.41 299.305525 -32.209999 32.935
 89    11.112 55336.57016958 36.94 299.304605 -32.213279 32.935
 89    11.143 55336.57017023 35.26 299.303685 -32.216549 32.935
 89    10.739 55336.57017087 26.41 299.302765 -32.219829 32.935
 89    10.964 55336.57017152 28.17 299.301855 -32.223099 32.935
 89    11.047 55336.57017216 38.16 299.300935 -32.226379 32.935
 90    10.745 55371.57015715 19.50 299.309495 -32.200946 22.112
 90    10.949 55371.57015780 22.60 299.308575 -32.204216 22.112
 90    12.014 55371.57015909 45.37 299.306735 -32.210766 22.112
 90    11.577 55371.57015973 37.37 299.305815 -32.214046 22.112
 90    11.308 55371.57016038 29.25 299.304895 -32.217316 22.112
 90    10.097 55371.57016102 25.34 299.303975 -32.220596 22.112
 90    10.053 55371.57016166 22.92 299.303055 -32.223866 22.112
 90    10.358 55371.57016231 32.18 299.302145 -32.227146 22.112
 91     9.744 55406.57017454 47.25 299.310417 -32.192803 38.410
 91     9.680 55406.57017519 44.05 299.309497 -32.196073 38.410
 91     9.575 55406.57017583 35.09 299.308577 -32.199353 38.410
 91     9.774 55406.57017648 24.29 299.307657 -32.202623 38.410
 91    10.327 55406.57017712 38.27 299.306737 -32.205903 38.410
 91    10.356 55406.57017777 45.36 299.305817 -32.209173 38.410
 91     9.592 55406.57017841 34.49 299.304897 -32.212453 38.410
 91     9.462 55406.57017905 40.47 299.303977 -32.215723 38.410
 91     9.451 55406.57017970 44.05 299.303057 -32.219003 38.410
 91     9.433 55406.57018034 36.10 299.302137 -32.222273 38.410
 91     9.435 55406.57018099 28.62 299.301217 -32.225553 38.410
 92    10.214 55441.57017555 16.60 299.310460 -32.198770 17.927
 92    11.634 55441.57017877 23.90 299.305860 -32.215150 17.927
 92     9.313 55441.57017941 26.33 299.304940 -32.218420 17.927
 92     9.294 55441.57018006 23.54 299.304020 -32.221700 17.927
 92     9.495 55441.57018070 22.36 299.303100 -32.224970 17.927
 92     9.716 55441.57018135 32.14 299.302190 -32.228250 17.927
 93    10.234 55476.57011974 16.12 299.311016 -32.207300 19.581
 93    10.986 55476.57012168 38.18 299.308256 -32.217120 19.581
 93    10.003 55476.57012232 29.55 299.307336 -32.220400 19.581
 93     9.438 55476.57012297 24.35 299.306416 -32.223670 19.581
 93     9.517 55476.57012361 25.00 299.305506 -32.226950 19.581
