-315148.532     5.070     0.00    2.03
-314771.415     4.266    -2.13    2.41
-314394.319     3.640    -1.66    2.56
-314017.245     2.937    -1.86    2.67
-313640.192     2.344    -1.57    3.05
-313263.160     1.939    -1.08    3.20
-312886.149     1.108    -2.20    4.72
-312509.160     0.254    -2.27    6.31
-312132.193    -2.762    -8.00    8.27
-311755.246    -5.701    -7.80    8.84
-311378.321    -8.396    -7.15    8.23
-311001.418   -10.431    -5.40    6.82
-310624.535   -11.159    -1.93    5.67
-310247.674   -12.344    -3.15    4.72
-309870.835   -12.888    -1.44    4.31
-309494.016   -13.409    -1.38    3.62
-309117.219   -14.041    -1.68    2.75
-308740.443   -13.473     1.51    2.24
-308363.689   -13.792    -0.84    2.64
-307986.956   -14.345    -1.47    2.65
-307610.244   -14.196     0.40    2.43
-307233.553   -14.041     0.41    2.07
-306856.884   -13.246     2.11    1.42
-306480.236   -13.188     0.16    1.28
-306103.609   -13.591    -1.07    1.17
-305727.003   -13.714    -0.32    1.19
-305350.419   -13.903    -0.50    1.39
-304973.856   -14.130    -0.60    1.53
-304597.314   -13.209     2.45    2.02
-304220.794   -13.061     0.39    2.11
-303844.294   -13.166    -0.28    2.11
-303467.816   -13.587    -1.12    2.16
-303091.359   -14.409    -2.18    2.09
-302714.924   -14.928    -1.38    1.90
-302338.509   -15.107    -0.48    2.23
-301962.116   -15.279    -0.46    2.19
-301585.744   -15.618    -0.90    2.18
-301209.393   -15.422     0.52    2.22
-300833.063   -15.692    -0.72    1.82
-300456.755   -15.592     0.27    1.77
-300080.467   -15.170     1.12    1.72
-299704.201   -14.911     0.69    1.30
-299327.956   -14.863     0.13    1.50
-298951.732   -14.925    -0.16    1.49
-298575.530   -14.801     0.33    1.38
-298199.348   -14.769     0.08    1.41
-297823.188   -14.774    -0.01    1.15
-297447.048   -14.885    -0.30    1.15
-297070.930   -14.951    -0.17    0.96
-296694.833   -14.701     0.66    0.95
-296318.757   -14.591     0.29    1.08
-295942.703   -15.152    -1.49    1.38
-295566.669   -15.400    -0.66    1.41
-295190.656   -15.178     0.59    1.56
-294814.665   -14.888     0.77    1.48
-294438.695   -14.496     1.04    1.13
-294062.745   -14.431     0.17    0.91
-293686.817   -14.425     0.02    0.89
-293310.910   -14.344     0.21    0.90
-292935.024   -14.431    -0.23    0.83
-292559.159   -14.561    -0.35    0.89
-292183.315   -14.714    -0.40    0.83
-291807.492   -15.383    -1.78    1.45
-291431.690   -16.142    -2.02    1.69
-291055.909   -16.301    -0.42    1.77
-290680.150   -16.235     0.17    1.74
-290304.411   -15.241     2.65    1.57
-289928.693   -14.860     1.01    1.09
-289552.997   -15.294    -1.16    0.98
-289177.321   -15.655    -0.96    0.99
-288801.666   -15.847    -0.51    1.04
-288426.033   -15.909    -0.17    1.05
-288050.420   -15.783     0.34    1.12
-287674.828   -15.507     0.74    1.22
-287299.258   -15.314     0.51    1.05
-286923.708   -15.507    -0.51    1.14
-286548.179   -15.460     0.13    1.07
-286172.672   -15.400     0.16    1.10
-285797.185   -15.246     0.41    1.12
-285421.719   -15.552    -0.81    1.34
-285046.274   -16.507    -2.55    1.49
-284670.851   -17.019    -1.36    1.34
-284295.448   -16.473     1.45    1.69
-283920.066   -15.787     1.83    1.58
-283544.705   -15.196     1.57    1.25
-283169.364   -14.888     0.82    0.92
-282794.045   -14.837     0.13    0.94
-282418.747   -14.779     0.16    1.15
-282043.470   -14.624     0.41    1.23
-281668.213   -14.605     0.05    1.32
-281292.978   -14.568     0.10    1.50
-280917.763   -14.685    -0.31    1.41
-280542.569   -14.801    -0.31    1.34
-280167.396   -14.974    -0.46    1.22
-279792.244   -14.953     0.06    1.35
-279417.113   -14.723     0.61    1.25
-279042.003   -14.934    -0.56    1.36
-278666.913   -15.083    -0.40    1.36
-278291.845   -15.196    -0.30    1.22
-277916.797   -15.396    -0.53    1.05
-277541.770   -15.337     0.16    0.96
-277166.764   -15.188     0.40    1.08
-276791.779   -15.133     0.15    1.07
-276416.815   -14.932     0.53    1.19
-276041.871   -15.018    -0.23    1.22
-275666.949   -14.847     0.46    1.16
-275292.047   -15.196    -0.93    1.06
-274917.166   -15.531    -0.89    0.98
-274542.306   -15.866    -0.89    1.07
-274167.466   -15.877    -0.03    1.15
-273792.648   -15.741     0.36    1.24
-273417.850   -15.587     0.41    1.23
-273043.073   -15.464     0.33    1.28
-272668.316   -15.518    -0.14    1.19
-272293.581   -15.496     0.06    1.13
-271918.866   -15.519    -0.06    1.15
-271544.172   -15.687    -0.45    1.18
-271169.499   -15.618     0.18    1.15
-270794.846   -15.857    -0.64    1.10
-270420.215   -15.796     0.16    1.18
-270045.604   -15.663     0.36    1.13
-269671.013   -15.717    -0.14    1.18
-269296.444   -15.692     0.07    1.15
-268921.895   -15.533     0.42    1.07
-268547.367   -15.618    -0.23    1.05
-268172.860   -15.741    -0.33    1.15
-267798.373   -15.774    -0.09    1.15
-267423.907   -15.953    -0.48    1.11
-267049.462   -16.018    -0.17    1.06
-266675.037   -15.931     0.23    1.12
-266300.633   -15.787     0.38    1.08
-265926.250   -15.741     0.12    1.09
-265551.888   -15.678     0.17    1.16
-265177.546   -15.730    -0.14    1.05
-264803.225   -15.583     0.39    0.98
-264428.924   -15.801    -0.58    1.02
-264054.644   -16.196    -1.06    1.29
-263680.385   -16.723    -1.41    1.28
-263306.146   -17.039    -0.84    1.14
-262931.929   -17.269    -0.62    0.95
-262557.731   -17.130     0.37    1.04
-262183.555   -16.730     1.07    1.21
-261809.399   -16.574     0.42    1.16
-261435.263   -16.453     0.32    1.09
-261061.148   -16.428     0.07    1.00
-260687.054   -16.474    -0.12    1.13
-260312.981   -16.322     0.41    1.21
-259938.928   -16.230     0.25    1.16
-259564.895   -15.930     0.80    0.99
-259190.883   -15.901     0.08    0.96
-258816.892   -15.996    -0.25    0.84
-258442.921   -15.972     0.06    0.78
-258068.971   -15.975    -0.01    0.90
-257695.042   -15.837     0.37    1.01
-257321.133   -15.757     0.21    0.99
-256947.245   -15.418     0.91    1.06
-256573.377   -15.178     0.64    1.08
-256199.529   -14.905     0.73    0.80
-255825.703   -14.925    -0.05    1.00
-255451.896   -15.152    -0.61    1.02
-255078.111   -15.206    -0.14    1.12
-254704.345   -15.041     0.44    1.11
-254330.601   -14.774     0.71    1.08
-253956.877   -14.678     0.26    0.96
-253583.173   -14.485     0.52    0.94
-253209.490   -14.425     0.16    0.99
-252835.827   -14.223     0.54    1.01
-252462.185   -14.178     0.12    1.06
-252088.563   -14.196    -0.05    0.99
-251714.962   -14.474    -0.74    1.13
-251341.381   -14.542    -0.18    1.19
-250967.821   -14.762    -0.59    1.27
-250594.281   -14.925    -0.44    1.18
-250220.762   -14.735     0.51    1.25
-249847.263   -14.544     0.51    1.11
-249473.785   -14.396     0.40    1.16
-249100.327   -14.561    -0.44    1.26
-248726.889   -14.235     0.87    1.34
-248353.472   -14.170     0.17    1.32
-247980.076   -14.085     0.23    1.08
-247606.699   -13.866     0.59    1.00
-247233.344   -13.814     0.14    0.87
-246860.008   -13.779     0.10    0.87
-246486.693   -13.930    -0.40    1.03
-246113.399   -14.087    -0.42    1.10
-245740.124   -14.124    -0.10    0.97
-245366.871   -14.061     0.17    1.18
-244993.637   -14.040     0.06    1.21
-244620.424   -13.951     0.24    1.10
-244247.231   -13.975    -0.06    1.09
-243874.059   -14.019    -0.12    1.00
-243500.907   -14.107    -0.24    1.01
-243127.776   -14.352    -0.66    1.28
-242754.664   -14.451    -0.27    1.27
-242381.574   -14.081     0.99    1.28
-242008.503   -13.905     0.47    1.05
-241635.453   -13.762     0.38    1.00
-241260.840   -13.909    -0.39    1.17
-240883.717   -13.932    -0.06    1.11
-240506.615   -14.201    -0.71    1.09
-240129.534   -14.401    -0.53    1.04
-239752.473   -14.518    -0.31    0.98
-239375.433   -14.438     0.21    1.03
-238998.414   -14.344     0.25    1.06
-238621.416   -14.178     0.44    1.02
-238244.439   -14.064     0.30    1.00
-237867.482   -14.085    -0.05    1.00
-237490.546   -14.187    -0.27    1.06
-237113.631   -14.087     0.26    1.05
-236736.736   -13.746     0.90    1.51
-236359.863   -13.063     1.81    1.78
-235983.010   -12.409     1.73    1.68
-235606.178   -12.178     0.61    1.66
-235229.366   -11.605     1.52    1.45
-234852.575   -11.282     0.86    1.20
-234475.805   -11.241     0.11    1.17
-234099.056   -11.257    -0.04    1.22
-233722.327   -11.540    -0.75    1.15
-233345.619   -11.605    -0.17    1.11
-232968.932   -11.883    -0.74    1.30
-232592.266   -12.225    -0.91    1.43
-232215.620   -12.641    -1.10    1.33
-231838.995   -12.974    -0.89    1.12
-231462.390   -13.330    -0.94    0.90
-231085.806   -13.352    -0.06    1.00
-230709.243   -13.455    -0.27    0.97
-230332.701   -13.451     0.01    0.98
-229956.179   -13.561    -0.29    0.86
-229579.678   -13.561     0.00    0.83
-229203.197   -13.605    -0.12    0.88
-228826.737   -13.396     0.55    1.14
-228450.298   -13.234     0.43    1.14
-228073.880   -13.257    -0.06    1.14
-227697.482   -13.178     0.21    1.47
-227321.104   -13.670    -1.31    1.81
-226944.747   -13.863    -0.51    2.12
-226568.411   -13.996    -0.35    2.30
-226192.096   -13.701     0.79    1.98
-225815.801   -12.949     2.00    1.19
-225439.526   -12.841     0.29    1.02
-225063.272   -12.787     0.14    1.06
-224687.039   -12.485     0.80    1.12
-224310.827   -12.507    -0.06    1.01
-223934.635   -12.591    -0.22    1.01
-223558.463   -12.409     0.48    0.91
-223182.312   -12.496    -0.23    0.86
-222806.182   -12.485     0.03    0.87
-222430.072   -12.209     0.73    0.91
-222053.983   -12.040     0.45    0.99
-221677.914   -11.822     0.58    1.18
-221301.866   -11.655     0.44    1.29
-220925.838   -11.083     1.52    1.38
-220549.831   -11.064     0.05    1.44
-220173.844   -10.930     0.36    1.36
-219797.878   -10.952    -0.06    1.28
-219421.932   -10.888     0.17    1.18
-219046.007   -10.735     0.40    1.08
-218670.103   -10.587     0.39    1.11
-218294.218   -10.453     0.36    1.17
-217918.355   -10.388     0.17    1.16
-217542.512   -10.360     0.07    1.14
-217166.689   -10.196     0.44    1.12
-216790.887   -10.112     0.22    1.12
-216415.105    -9.931     0.48    1.00
-216039.344    -9.596     0.89    1.05
-215663.603    -9.388     0.56    1.08
-215287.882    -9.257     0.35    0.98
-214912.182    -9.252     0.01    0.99
-214536.503    -9.307    -0.15    0.90
-214160.844    -9.163     0.38    0.93
-213785.205    -8.930     0.62    1.18
-213409.587    -8.449     1.28    1.38
-213033.989    -8.196     0.67    1.31
-212658.412    -8.041     0.41    1.21
-212282.855    -7.764     0.74    1.29
-211907.318    -7.685     0.21    1.20
-211531.802    -7.520     0.44    1.49
-211156.306    -7.451     0.18    1.49
-210780.831    -6.996     1.21    1.49
-210405.375    -6.952     0.12    1.31
-210029.941    -6.779     0.46    1.26
-209654.526    -6.701     0.21    0.98
-209279.133    -6.692     0.02    1.05
-208903.759    -6.630     0.16    1.13
-208528.406    -6.374     0.68    1.19
-208153.073    -5.774     1.60    1.31
-207777.760    -5.041     1.95    1.49
-207402.468    -4.692     0.93    1.38
-207027.196    -4.431     0.70    1.31
-206651.945    -4.257     0.46    1.34
-206276.714    -4.087     0.45    1.38
-205901.503    -3.453     1.69    1.44
-205526.312    -2.641     2.16    1.92
-205151.142    -2.178     1.23    1.69
-204775.992    -2.453    -0.73    0.91
-204400.862    -2.418     0.09    1.06
-204025.753    -2.358     0.16    1.07
-203650.664    -1.235     2.99    3.68
-203275.595    -1.061     0.46    3.77
-202900.546    -1.314    -0.67    3.30
-202525.518    -1.360    -0.12    3.06
-202150.510    -1.741    -1.02    2.64
-201775.522    -2.089    -0.93    1.27
-201400.555    -1.953     0.36    1.19
-201025.608    -2.083    -0.35    1.03
-200650.681    -1.974     0.29    1.39
-200275.774    -1.618     0.95    1.40
-199900.887    -1.530     0.24    1.44
-199526.021    -1.285     0.65    1.34
-199151.175    -1.484    -0.53    0.90
-198776.349    -1.453     0.08    1.03
-198401.544    -1.292     0.43    1.07
-198026.758    -1.061     0.61    1.16
-197651.993    -0.863     0.53    1.20
-197277.248    -0.655     0.55    1.10
-196902.523    -0.405     0.67    0.95
-196527.819    -0.163     0.65    1.01
-196153.134     0.070     0.62    1.01
-195778.470     0.469     1.06    1.26
-195403.826     1.226     2.02    2.98
-195029.202     2.093     2.31    3.06
-194654.598     2.608     1.38    2.85
-194280.014     3.159     1.47    1.81
-193905.451     4.354     3.19    2.66
-193530.908     5.436     2.89    2.73
-193156.385     6.715     3.42    2.78
-192781.881     7.315     1.60    2.13
-192407.399     9.293     5.28    3.07
-192032.936    11.299     5.36    3.74
-191658.493    14.808     9.37    4.86
-191284.071    18.409     9.62    5.04
-190909.668    22.693    11.44    5.54
-190535.286    25.655     7.91    4.45
-190160.924    27.270     4.32    3.48
-189786.582    27.417     0.39    3.08
-189412.260    26.178    -3.31    3.61
-189037.958    26.087    -0.24    4.21
-188663.676    25.777    -0.83    5.02
-188289.414    26.727     2.54    4.76
-187915.172    28.663     5.17    4.86
-187540.951    31.137     6.61    5.53
-187166.749    35.782    12.41    6.01
-186792.567    39.286     9.37    5.34
-186418.406    40.648     3.64    4.32
-186044.264    40.617    -0.08    4.23
-185670.143    39.091    -4.08    4.68
-185296.042    37.890    -3.21    4.47
-184921.960    36.448    -3.86    4.30
-184547.899    35.182    -3.39    4.58
-184173.858    33.186    -5.34    4.46
-183799.836    31.174    -5.38    4.92
-183425.835    29.140    -5.44    4.86
-183051.854    26.156    -7.98    4.42
-182677.893    24.134    -5.41    3.14
-182303.951    22.873    -3.37    2.35
-181930.030    22.026    -2.27    1.79
-181556.129    22.888     2.30    2.60
-181182.247    25.069     5.84    3.68
-180808.386    26.170     2.95    4.02
-180434.545    26.591     1.12    4.02
-180060.723    25.804    -2.11    3.92
-179686.922    25.156    -1.73    2.70
-179313.140    25.549     1.05    2.24
-178939.379    26.936     3.71    2.34
-178565.637    28.559     4.35    2.48
-178191.915    29.904     3.60    2.39
-177818.214    32.026     5.68    3.51
-177444.532    35.027     8.03    4.91
-177070.870    37.337     6.18    5.83
-176697.228    40.959     9.70    6.49
-176323.606    42.982     5.41    6.49
-175950.004    46.458     9.31    5.14
-175576.421    48.694     5.99    4.07
-175202.859    49.367     1.80    4.01
-174829.316    48.218    -3.08    4.08
-174455.794    46.893    -3.55    5.24
-174082.291    45.004    -5.06    5.60
-173708.808    43.140    -4.99    5.43
-173335.345    41.559    -4.23    4.14
-172961.902    42.242     1.83    3.77
-172588.479    44.799     6.85    5.43
-172215.076    48.143     8.96    5.49
-171841.692    50.204     5.52    5.38
-171468.328    53.845     9.75    6.35
-171094.985    56.390     6.82    6.20
-170721.661    58.737     6.29    4.76
-170348.356    59.385     1.74    3.98
-169975.072    56.330    -8.19    5.48
-169601.808    51.718   -12.36    5.08
-169228.563    49.093    -7.04    4.46
-168855.338    47.983    -2.97    5.03
-168482.133    47.254    -1.95    5.61
-168108.948    47.115    -0.37    4.89
-167735.782    48.693     4.23    4.49
-167362.636    51.352     7.13    6.45
-166989.510    54.385     8.13    6.22
-166616.404    56.582     5.89    5.08
-166239.889    56.655     0.19    5.27
-165862.821    53.277    -8.96    4.96
-165485.773    49.537    -9.92    4.55
-165108.745    47.852    -4.47    3.50
-164731.738    47.408    -1.18    4.29
-164354.750    48.515     2.94    5.00
-163977.783    49.248     1.95    4.30
-163600.836    50.493     3.30    3.99
-163223.910    52.413     5.10    4.65
-162847.003    56.004     9.53    5.12
-162470.117    59.072     8.14    3.88
-162093.250    60.582     4.01    3.94
-161716.404    61.199     1.64    3.64
-161339.578    60.047    -3.06    4.40
-160962.773    56.670    -8.96    5.74
-160585.987    53.909    -7.33    6.22
-160209.222    52.134    -4.71    6.99
-159832.476    52.004    -0.35    8.40
-159455.751    51.426    -1.53    8.29
-159079.046    50.799    -1.66    7.46
-158702.361    49.448    -3.59    6.23
-158325.697    48.163    -3.41    4.80
-157949.052    46.729    -3.81    4.63
-157572.427    46.315    -1.10    5.58
-157195.823    45.236    -2.86    5.55
-156819.239    43.559    -4.45    4.81
-156442.674    42.337    -3.25    4.52
-156066.130    40.409    -5.12    3.84
-155689.606    42.458     5.44    5.34
-155313.102    47.283    12.82    7.22
-154936.618    51.663    11.64    6.57
-154560.155    52.526     2.29    5.52
-154183.711    51.549    -2.59    5.50
-153807.287    51.199    -0.93    5.45
-153430.883    50.670    -1.41    5.90
-153054.500    52.137     3.90    5.77
-152678.136    54.492     6.26    6.21
-152301.793    57.470     7.91    7.35
-151925.469    60.873     9.04    5.78
-151549.166    61.895     2.72    4.22
-151172.882    61.153    -1.97    4.11
-150796.619    59.277    -4.99    4.82
-150420.376    57.830    -3.85    4.55
-150044.152    56.299    -4.07    4.68
-149667.949    55.345    -2.54    4.75
-149291.766    53.004    -6.22    5.42
-148915.602    51.322    -4.47    5.16
-148539.459    51.460     0.37    5.80
-148163.335    52.569     2.95    6.81
-147787.232    54.308     4.62    6.22
-147411.148    55.626     3.50    4.76
-147035.085    56.306     1.81    4.42
-146659.041    55.526    -2.08    3.90
-146283.018    54.313    -3.22    4.57
-145907.014    51.243    -8.17    5.66
-145531.031    47.426   -10.15    5.08
-145155.067    44.743    -7.14    4.72
-144779.123    41.640    -8.25    3.62
-144403.199    40.528    -2.96    3.54
-144027.295    40.390    -0.37    4.52
-143651.411    40.766     1.00    5.35
-143275.547    40.093    -1.79    4.83
-142899.703    42.093     5.32    5.73
-142523.879    44.140     5.45    6.47
-142148.074    47.248     8.27    6.09
-141772.290    49.647     6.38    4.71
-141396.525    48.981    -1.77    3.90
-141020.781    47.575    -3.74    4.01
-140645.056    45.848    -4.60    4.97
-140269.351    42.537    -8.81    4.55
-139893.666    39.595    -7.83    4.31
-139518.001    35.848    -9.97    4.19
-139142.355    32.554    -8.77    3.20
-138766.730    30.777    -4.73    2.31
-138391.124    30.293    -1.29    1.89
-138015.538    31.422     3.01    2.76
-137639.972    34.178     7.34    4.22
-137264.426    37.204     8.06    5.03
-136888.900    40.960    10.00    4.84
-136513.394    44.075     8.30    4.35
-136137.907    47.026     7.86    4.89
-135762.440    51.049    10.72    5.09
-135386.993    53.208     5.75    4.51
-135011.566    54.093     2.36    3.57
-134636.159    53.595    -1.33    3.58
-134260.771    50.940    -7.07    4.07
-133885.403    48.493    -6.52    4.41
-133510.055    45.893    -6.93    4.43
-133134.727    43.715    -5.80    4.44
-132759.419    42.027    -4.50    4.35
-132384.130    40.395    -4.35    4.94
-132008.861    38.186    -5.89    5.09
-131633.612    35.604    -6.88    4.79
-131258.382    33.308    -6.12    3.90
-130883.173    31.248    -5.49    3.27
-130507.983    29.048    -5.86    1.98
-130132.813    28.074    -2.60    1.35
-129757.662    28.178     0.28    1.92
-129382.531    29.390     3.23    2.87
-129007.420    32.069     7.14    4.42
-128632.329    35.678     9.62    5.21
-128257.258    39.782    10.94    5.86
-127882.206    44.093    11.50    5.04
-127507.174    45.813     4.59    3.98
-127132.161    45.493    -0.86    3.82
-126757.169    43.409    -5.56    4.73
-126382.195    40.960    -6.53    4.55
-126007.242    38.231    -7.28    4.13
-125632.308    36.504    -4.61    4.27
-125257.394    34.293    -5.90    4.39
-124882.500    31.725    -6.85    3.47
-124507.625    29.867    -4.96    2.88
-124132.770    28.670    -3.19    2.06
-123757.935    27.626    -2.79    1.51
-123383.119    27.537    -0.24    1.60
-123008.323    28.072     1.43    2.08
-122633.547    30.559     6.64    4.32
-122258.790    33.711     8.41    5.50
-121884.053    37.708    10.67    5.36
-121509.335    39.864     5.75    3.93
-121134.638    38.782    -2.89    4.07
-120759.959    36.254    -6.75    4.63
-120385.301    32.754    -9.34    4.71
-120010.662    30.004    -7.34    3.46
-119636.042    28.242    -4.70    2.09
-119261.442    28.572     0.88    2.40
-118886.862    29.909     3.57    3.18
-118512.301    31.458     4.14    3.50
-118137.760    33.460     5.35    3.85
-117763.239    35.049     4.24    4.74
-117388.737    36.373     3.54    4.72
-117014.254    37.456     2.89    4.57
-116639.791    37.721     0.71    4.89
-116265.348    35.123    -6.94    4.77
-115890.924    32.254    -7.66    4.53
-115516.520    29.852    -6.42    3.43
-115142.135    29.091    -2.03    2.23
-114767.770    29.852     2.03    3.13
-114393.425    31.254     3.75    4.12
-114019.099    33.112     4.97    4.62
-113644.792    32.981    -0.35    4.60
-113270.505    32.826    -0.41    4.51
-112896.238    31.277    -4.14    3.93
-112521.990    29.937    -3.58    3.03
-112147.761    29.026    -2.43    2.05
-111773.552    28.413    -1.64    1.11
-111399.363    28.536     0.33    1.16
-111025.192    28.493    -0.12    1.18
-110651.042    29.248     2.02    1.86
-110276.911    31.404     5.76    3.87
-109902.799    33.458     5.49    4.81
-109528.707    36.591     8.37    5.00
-109154.634    39.754     8.46    5.09
-108780.581    42.715     7.92    4.43
-108406.548    43.895     3.16    4.06
-108032.533    44.693     2.13    3.99
-107658.538    45.248     1.49    4.70
-107284.563    46.190     2.52    4.51
-106910.607    46.439     0.67    4.42
-106536.670    46.376    -0.17    5.23
-106162.753    43.939    -6.52    5.08
-105788.855    41.504    -6.51    4.96
-105414.977    40.337    -3.12    4.51
-105041.118    41.254     2.45    4.75
-104667.279    41.701     1.20    5.61
-104293.459    41.004    -1.87    6.00
-103919.658    40.099    -2.42    6.63
-103545.877    36.917    -8.51    5.66
-103172.115    34.982    -5.18    3.51
-102798.372    34.093    -2.38    2.17
-102424.649    33.686    -1.09    1.36
-102050.945    34.004     0.85    1.41
-101677.261    34.426     1.13    1.34
-101303.595    34.931     1.35    1.44
-100929.950    35.526     1.59    1.33
-100556.323    36.170     1.73    1.45
-100182.716    37.265     2.93    2.36
 -99809.128    38.254     2.65    3.14
 -99435.560    38.626     1.00    3.19
 -99062.011    38.117    -1.36    2.47
 -98688.481    37.516    -1.61    1.69
 -98314.971    37.322    -0.52    1.31
 -97941.480    37.599     0.74    1.38
 -97568.008    37.870     0.73    1.50
 -97194.556    38.731     2.30    1.99
 -96821.122    40.208     3.96    3.22
 -96447.709    42.404     5.88    4.68
 -96074.314    44.337     5.18    4.91
 -95700.939    45.822     3.98    5.10
 -95327.583    46.784     2.58    5.27
 -94954.246    47.137     0.95    4.47
 -94580.928    48.608     3.94    4.57
 -94207.630    50.737     5.70    5.03
 -93834.351    53.826     8.28    5.09
 -93461.092    56.266     6.54    5.16
 -93087.851    58.867     6.97    4.57
 -92714.630    60.932     5.53    3.72
 -92341.428    61.958     2.75    3.62
 -91968.245    62.841     2.37    3.18
 -91593.806    62.737    -0.28    3.24
 -91216.774    63.048     0.83    3.25
 -90839.761    63.956     2.41    3.18
 -90462.769    64.527     1.51    3.02
 -90085.795    64.004    -1.39    3.36
 -89708.842    63.617    -1.03    3.64
 -89331.908    64.134     1.37    3.70
 -88954.994    64.958     2.19    3.38
 -88578.099    66.852     5.02    2.69
 -88201.224    67.385     1.41    2.49
 -87824.369    67.070    -0.83    2.93
 -87447.533    65.771    -3.45    3.34
 -87070.717    65.777     0.01    3.21
 -86693.920    66.248     1.25    2.79
 -86317.143    66.873     1.66    2.33
 -85940.386    67.708     2.22    2.25
 -85563.648    68.027     0.84    2.10
 -85186.930    67.937    -0.24    2.07
 -84810.231    68.093     0.41    2.01
 -84433.552    68.413     0.85    2.19
 -84056.892    69.693     3.40    2.76
 -83680.252    71.049     3.60    2.68
 -83303.632    72.337     3.42    2.48
 -82927.031    73.004     1.77    2.19
 -82550.450    73.504     1.33    2.05
 -82173.888    74.159     1.74    2.17
 -81797.346    74.480     0.85    2.39
 -81420.823    75.026     1.45    2.41
 -81044.320    74.958    -0.18    2.49
 -80667.836    74.048    -2.42    2.62
 -80291.372    72.867    -3.14    2.57
 -79914.927    72.026    -2.24    2.32
 -79538.502    71.231    -2.11    2.27
 -79162.096    70.854    -1.00    2.39
 -78785.710    70.982     0.34    2.50
 -78409.343    70.504    -1.27    2.48
 -78032.996    69.799    -1.87    2.40
 -77656.668    68.049    -4.65    3.10
 -77280.360    65.857    -5.82    3.02
 -76904.071    64.754    -2.93    2.30
 -76527.802    64.053    -1.86    1.58
 -76151.552    63.982    -0.19    1.75
 -75775.321    63.981    -0.00    1.62
 -75399.110    64.413     1.15    1.78
 -75022.919    65.226     2.16    2.25
 -74646.746    66.304     2.87    2.45
 -74270.594    67.595     3.43    2.87
 -73894.461    69.647     5.46    2.88
 -73518.347    70.708     2.82    3.02
 -73142.252    71.982     3.39    3.17
 -72766.177    72.799     2.17    3.10
 -72390.122    73.439     1.70    2.72
 -72014.085    73.931     1.31    2.34
 -71638.069    73.604    -0.87    2.00
 -71262.071    72.845    -2.02    1.99
 -70886.093    72.686    -0.42    2.10
 -70510.135    72.715     0.08    2.25
 -70134.195    72.893     0.47    2.40
 -69758.276    72.134    -2.02    2.48
 -69382.375    71.123    -2.69    2.48
 -69006.494    70.182    -2.50    2.06
 -68630.632    70.595     1.10    2.39
 -68254.790    72.186     4.23    3.35
 -67878.967    73.959     4.72    2.72
 -67503.163    75.163     3.20    1.94
 -67127.378    75.299     0.36    1.86
 -66751.613    74.390    -2.42    1.86
 -66375.868    73.426    -2.57    2.21
 -66000.141    72.204    -3.25    2.06
 -65624.434    71.731    -1.26    1.96
 -65248.746    72.591     2.29    2.31
 -64873.078    73.481     2.37    2.10
 -64497.429    74.204     1.92    1.59
 -64121.799    73.708    -1.32    1.91
 -63746.188    73.299    -1.09    1.73
 -63370.597    73.049    -0.67    1.76
 -62995.025    72.456    -1.58    1.92
 -62619.472    72.091    -0.97    2.18
 -62243.939    71.708    -1.02    2.42
 -61868.425    71.337    -0.99    2.66
 -61492.930    71.367     0.08    2.86
 -61117.454    71.117    -0.67    2.87
 -60741.998    69.826    -3.44    3.46
 -60366.561    67.906    -5.11    3.02
 -59991.143    66.091    -4.84    2.42
 -59615.744    65.481    -1.62    2.06
 -59240.365    66.981     4.00    3.30
 -58865.005    68.845     4.97    3.59
 -58489.664    70.837     5.31    2.86
 -58114.342    72.254     3.77    1.89
 -57739.040    72.229    -0.07    2.15
 -57363.757    72.137    -0.24    1.90
 -56988.492    71.190    -2.52    1.85
 -56613.248    69.804    -3.69    2.42
 -56238.022    68.159    -4.38    2.54
 -55862.815    66.409    -4.67    2.06
 -55487.628    65.504    -2.41    1.55
 -55112.460    65.516     0.03    1.80
 -54737.311    66.826     3.49    2.60
 -54362.181    68.027     3.20    2.49
 -53987.071    69.448     3.79    2.16
 -53611.979    70.982     4.09    2.17
 -53236.907    71.694     1.90    2.30
 -52861.854    71.958     0.70    2.15
 -52486.820    71.735    -0.59    2.38
 -52111.805    70.231    -4.01    2.81
 -51736.810    68.322    -5.09    2.84
 -51361.833    67.527    -2.12    2.64
 -50986.876    66.670    -2.28    2.41
 -50611.938    66.979     0.82    2.64
 -50237.018    68.004     2.73    2.87
 -49862.118    70.004     5.34    2.60
 -49487.237    71.299     3.46    2.14
 -49112.376    72.448     3.07    1.70
 -48737.533    72.890     1.18    1.60
 -48362.709    73.204     0.84    1.91
 -47987.905    73.194    -0.03    1.92
 -47613.119    72.959    -0.63    2.14
 -47238.353    73.050     0.24    2.01
 -46863.606    72.504    -1.46    1.81
 -46488.878    71.693    -2.16    1.69
 -46114.168    71.047    -1.72    1.80
 -45739.478    70.413    -1.69    1.82
 -45364.807    70.617     0.55    1.81
 -44990.155    71.504     2.37    2.20
 -44615.523    72.678     3.13    1.91
 -44240.909    73.915     3.30    1.82
 -43866.314    74.670     2.02    1.57
 -43491.738    75.134     1.24    1.45
 -43117.181    75.670     1.43    1.33
 -42742.644    75.799     0.34    1.27
 -42368.125    76.315     1.38    1.36
 -41993.625    76.504     0.50    1.07
 -41619.144    76.382    -0.33    1.23
 -41244.683    76.277    -0.28    1.32
 -40870.240    75.693    -1.56    1.28
 -40495.816    75.382    -0.83    1.17
 -40121.412    74.686    -1.86    1.39
 -39747.026    73.549    -3.04    1.81
 -39372.659    72.322    -3.28    2.09
 -38998.312    71.367    -2.55    2.22
 -38623.983    70.559    -2.16    2.40
 -38249.673    70.049    -1.36    2.79
 -37875.382    68.915    -3.03    3.18
 -37501.110    68.277    -1.71    3.03
 -37126.857    67.782    -1.32    3.04
 -36752.623    67.777    -0.01    4.04
 -36378.408    68.345     1.52    3.98
 -36004.212    67.848    -1.33    3.82
 -35630.035    68.051     0.54    3.32
 -35255.877    67.134    -2.45    3.36
 -34881.737    66.845    -0.77    3.45
 -34507.617    66.559    -0.76    3.42
 -34133.516    65.004    -4.16    4.07
 -33759.433    63.436    -4.19    4.18
 -33385.369    60.493    -7.87    4.55
 -33011.325    58.289    -5.89    3.78
 -32637.299    56.308    -5.30    3.49
 -32263.292    55.436    -2.33    3.50
 -31889.304    54.759    -1.81    3.77
 -31515.335    54.890     0.35    4.85
 -31141.384    55.115     0.60    5.38
 -30767.453    54.182    -2.50    5.12
 -30393.540    52.909    -3.40    4.79
 -30019.646    51.693    -3.25    4.09
 -29645.772    50.861    -2.22    4.26
 -29271.916    50.493    -0.99    4.40
 -28898.078    50.027    -1.25    4.24
 -28524.260    49.226    -2.14    4.25
 -28150.461    48.345    -2.36    4.53
 -27776.680    47.126    -3.26    4.10
 -27402.918    45.595    -4.10    2.98
 -27029.175    44.147    -3.87    1.89
 -26655.451    43.248    -2.40    1.81
 -26281.746    42.890    -0.96    2.30
 -25908.059    42.117    -2.07    2.14
 -25534.391    41.754    -0.97    2.69
 -25160.742    41.833     0.21    3.47
 -24787.112    41.436    -1.06    3.57
 -24413.501    41.429    -0.02    3.89
 -24039.908    41.293    -0.36    3.46
 -23666.335    42.436     3.06    4.29
 -23292.780    44.049     4.32    5.54
 -22919.243    46.345     6.15    5.91
 -22545.726    46.272    -0.19    5.12
 -22172.227    46.936     1.78    5.00
 -21798.747    46.754    -0.49    5.46
 -21425.286    44.804    -5.22    6.20
 -21051.844    45.353     1.47    5.48
 -20678.420    47.254     5.09    5.31
 -20305.015    50.693     9.21    5.44
 -19931.629    53.718     8.10    5.75
 -19558.261    57.913    11.24    5.22
 -19184.913    60.429     6.74    4.02
 -18811.583    61.595     3.12    3.04
 -18438.271    62.608     2.72    2.37
 -18064.979    63.004     1.06    2.58
 -17691.705    62.937    -0.18    2.73
 -17318.450    63.143     0.55    2.36
 -16945.213    62.663    -1.29    2.92
 -16568.981    61.354    -3.48    3.66
 -16192.004    58.572    -7.38    4.82
 -15815.046    55.911    -7.06    4.77
 -15438.107    53.426    -6.59    4.04
 -15061.187    51.359    -5.48    3.42
 -14684.286    51.028    -0.88    4.02
 -14307.404    51.686     1.75    4.88
 -13930.542    54.492     7.45    5.76
 -13553.698    55.913     3.77    5.25
 -13176.874    57.026     2.95    4.79
 -12800.068    57.617     1.57    3.62
 -12423.282    56.960    -1.74    2.85
 -12046.514    55.980    -2.60    2.98
 -11669.766    54.426    -4.12    3.47
 -11293.036    52.981    -3.84    3.24
 -10916.326    52.549    -1.15    3.93
 -10539.635    52.470    -0.21    4.62
 -10162.962    52.804     0.88    5.24
  -9786.309    52.612    -0.51    5.04
  -9409.675    53.143     1.41    4.56
  -9033.059    52.759    -1.02    4.16
  -8656.463    52.390    -0.98    3.56
  -8279.886    50.617    -4.71    4.50
  -7903.327    49.137    -3.93    4.83
  -7526.788    47.458    -4.46    4.56
  -7150.268    45.504    -5.19    3.82
  -6773.766    44.936    -1.51    4.63
  -6397.284    44.299    -1.69    5.14
  -6020.821    44.182    -0.31    5.47
  -5644.376    43.527    -1.74    5.29
  -5267.951    42.890    -1.69    4.72
  -4891.544    40.699    -5.82    4.64
  -4515.156    38.799    -5.05    4.91
  -4138.788    36.617    -5.80    4.12
  -3762.438    36.143    -1.26    4.29
  -3386.107    38.515     6.30    6.24
  -3009.795    41.170     7.06    6.39
  -2633.502    42.959     4.75    6.05
  -2257.228    41.981    -2.60    8.80
  -1880.973    34.826   -19.02   18.08
  -1504.737    21.686   -34.93   22.35
  -1128.519    12.123   -25.42   20.53
   -752.321     0.981   -29.62    9.32
   -376.141    -1.425    -6.40    2.83
      0.019     0.572     5.31    4.10
    376.161     1.436     2.30    3.91
    752.284     2.140     1.87    3.89
   1128.388     2.117    -0.06    3.31
   1504.473     2.254     0.36    2.57
   1880.539     2.549     0.79    2.52
   2256.587     2.515    -0.09    2.22
   2632.616     2.204    -0.83    2.30
   3008.625     2.026    -0.47    2.14
   3384.616     1.575    -1.20    1.70
   3760.588     1.663     0.23    1.45
   4136.541     1.179    -1.29    1.47
   4512.476     1.208     0.08    2.03
   4888.391     0.731    -1.27    2.57
   5264.288     0.708    -0.06    2.72
   5640.166     0.981     0.73    2.69
   6016.025     1.028     0.13    2.85
   6391.865     0.708    -0.85    2.39
   6767.687     0.454    -0.68    2.42
   7143.490     0.072    -1.02    2.22
   7519.273    -0.678    -2.00    1.29
   7895.039    -0.564     0.30    1.39
   8270.785    -1.130    -1.50    1.85
   8646.512    -1.921    -2.11    2.07
   9022.221    -2.678    -2.01    1.89
   9397.911    -3.019    -0.91    1.74
   9773.582    -2.782     0.63    1.79
  10149.235    -1.883     2.39    2.19
  10524.869    -1.574     0.82    2.37
  10900.484    -1.866    -0.78    2.52
  11276.080    -2.639    -2.06    2.45
  11651.657    -2.596     0.11    2.03
  12027.216    -2.155     1.17    1.98
  12402.756    -1.905     0.67    2.23
  12778.277    -1.641     0.70    2.10
  13153.780    -1.746    -0.28    2.30
  13529.264    -1.931    -0.49    2.38
  13904.729    -1.787     0.38    2.45
  14280.175    -1.796    -0.02    2.45
  14655.603    -1.201     1.59    2.22
  15031.012    -1.085     0.31    2.14
  15406.403    -1.241    -0.41    1.96
  15781.774    -1.223     0.05    2.30
  16157.127    -2.041    -2.18    2.75
  16532.461    -2.746    -1.88    2.99
  16907.777    -2.441     0.81    3.14
  17283.074    -2.087     0.94    3.27
  17658.352    -1.330     2.02    2.96
  18033.612    -0.860     1.25    2.37
  18408.853    -0.610     0.67    2.10
  18784.075    -0.542     0.18    2.01
  19159.279    -0.223     0.85    1.70
  19534.464    -0.337    -0.30    1.84
  19909.630    -0.574    -0.63    1.91
  20284.778    -0.723    -0.40    2.09
  20659.907    -0.814    -0.24    2.35
  21035.018    -0.953    -0.37    2.34
  21410.109    -1.019    -0.18    2.23
  21785.183    -0.837     0.48    2.17
  22160.237    -0.880    -0.11    2.29
  22535.273    -1.107    -0.61    1.87
  22910.291    -1.020     0.23    2.05
  23285.290    -1.063    -0.11    1.86
  23660.270    -0.888     0.47    1.73
  24035.232    -0.952    -0.17    1.58
  24410.175    -1.206    -0.68    1.83
  24785.099    -0.857     0.93    2.78
  25160.005     0.137     2.65    3.54
  25534.892     0.575     1.17    3.91
  25909.761     1.470     2.39    3.40
  26284.611     2.549     2.88    1.99
  26659.443     2.595     0.12    1.76
  27034.256     2.585    -0.03    1.56
  27409.051     2.885     0.80    1.99
  27783.827     2.913     0.08    1.83
  28158.584     2.955     0.11    1.83
  28533.323     2.604    -0.94    1.98
  28908.044     2.595    -0.02    1.82
  29282.746     2.663     0.18    1.85
  29657.429     2.777     0.30    1.78
  30032.094     3.101     0.87    1.55
  30406.741     2.981    -0.32    1.41
  30781.368     2.955    -0.07    1.28
  31155.978     3.004     0.13    1.54
  31530.569     3.390     1.03    1.57
  31905.141     3.436     0.12    1.39
  32279.695     3.504     0.18    1.41
  32654.231     5.077     4.20    5.14
  33028.748     9.004    10.48    9.28
  33403.246    14.147    13.73   10.61
  33777.726    15.981     4.90   10.35
  34152.188    13.617    -6.31   10.66
  34526.631    13.231    -1.03   10.69
  34901.055    11.913    -3.52   10.97
  35275.462    15.440     9.42   11.90
  35649.849    15.958     1.39   11.79
  36024.219    15.337    -1.66   11.81
  36398.570    10.163   -13.82   10.60
  36772.902     4.137   -16.10    3.77
  37147.216     3.004    -3.03    1.43
  37521.512     3.117     0.30    1.66
  37895.789     3.467     0.93    1.67
  38270.048     3.617     0.40    1.82
  38644.288     3.906     0.77    2.06
  39018.510     4.186     0.75    2.40
  39392.714     3.958    -0.61    2.12
  39766.899     3.539    -1.12    1.22
  40141.066     3.754     0.57    1.04
  40515.214     3.754     0.00    1.01
  40889.344     3.777     0.06    0.91
  41263.456     3.784     0.02    1.01
  41637.549     3.890     0.28    1.35
  42011.624     4.254     0.97    2.08
  42385.681     5.097     2.25    2.48
  42759.719     5.048    -0.13    2.45
  43133.739     4.679    -0.99    2.30
  43507.741     4.254    -1.14    1.28
  43881.724     4.028    -0.60    1.11
  44255.689     4.254     0.60    1.16
  44629.635     4.186    -0.18    1.19
  45003.563     3.957    -0.61    1.00
  45377.473     4.048     0.24    1.02
  45751.365     4.129     0.22    0.99
  46125.238     4.277     0.40    1.04
  46499.093     4.279     0.01    0.99
  46872.930     4.208    -0.19    1.05
  47246.748     4.186    -0.06    0.87
  47620.548     4.074    -0.30    1.03
  47994.330     4.115     0.11    1.09
  48368.093     4.179     0.17    1.22
  48741.838     3.913    -0.71    1.07
  49115.565     3.779    -0.36    0.95
  49489.274     3.845     0.18    1.08
  49862.964     3.958     0.30    1.06
  50236.636     3.981     0.06    1.15
  50610.290     4.048     0.18    1.40
  50983.926     3.954    -0.25    1.40
  51357.543     3.958     0.01    1.38
  51731.142     3.904    -0.15    1.35
  52104.723     3.958     0.15    1.20
  52478.286     3.731    -0.61    1.09
  52851.830     3.936     0.55    1.17
  53225.356     4.117     0.49    1.20
  53598.864     4.345     0.61    1.13
  53972.354     4.413     0.18    1.17
  54345.825     4.418     0.01    1.28
  54719.278     4.367    -0.14    1.18
  55092.713     4.277    -0.24    1.09
  55466.130     4.231    -0.12    1.05
  55839.529     4.070    -0.43    1.03
  56212.909     3.932    -0.37    1.02
  56586.272     3.890    -0.11    1.04
  56959.616     3.735    -0.41    1.20
  57332.942     3.663    -0.19    1.10
  57706.249     3.492    -0.46    1.08
  58080.510     3.504     0.03    1.05
  58457.457     3.572     0.18    0.90
  58834.385     3.687     0.30    0.99
  59211.295     3.936     0.66    1.02
  59588.186     4.422     1.29    1.12
  59965.059     4.539     0.31    1.10
  60341.913     4.777     0.63    1.16
  60718.749     4.759    -0.05    1.07
  61095.566     4.470    -0.77    0.99
  61472.365     4.456    -0.04    1.11
  61849.145     4.890     1.15    1.42
  62225.906     5.549     1.75    1.55
  62602.649     5.981     1.15    1.47
  62979.374     5.826    -0.41    1.28
  63356.080     5.708    -0.31    1.07
  63732.768     5.804     0.25    1.10
  64109.437     5.771    -0.09    1.15
  64486.088     5.915     0.38    1.28
  64862.720     5.708    -0.55    1.15
  65239.334     5.759     0.14    1.13
  65615.929     6.070     0.83    1.16
  65992.506     6.027    -0.12    1.11
  66369.064     6.159     0.35    1.04
  66745.604     6.140    -0.05    0.95
  67122.126     5.864    -0.73    0.97
  67498.629     5.804    -0.16    0.99
  67875.114     5.458    -0.92    0.87
  68251.580     5.345    -0.30    0.91
  68628.028     5.315    -0.08    1.02
  69004.457     5.390     0.20    1.17
  69380.868     5.537     0.39    1.20
  69757.261     5.575     0.10    1.11
  70133.635     5.460    -0.31    1.11
  70509.991     5.140    -0.85    1.19
  70886.328     4.686    -1.21    1.09
  71262.647     4.456    -0.61    1.13
  71638.948     4.777     0.85    1.20
  72015.230     5.382     1.61    1.92
  72391.494     5.882     1.33    1.71
  72767.739     6.199     0.84    1.60
  73143.966     6.458     0.69    1.45
  73520.175     6.481     0.06    1.28
  73896.365     6.504     0.06    1.17
  74272.537     6.345    -0.42    0.99
  74648.691     6.231    -0.30    0.83
  75024.826     6.370     0.37    0.73
  75400.943     6.426     0.15    0.84
  75777.042     6.322    -0.28    0.74
  76153.122     6.322     0.00    0.77
  76529.184     6.254    -0.18    0.87
  76905.228     6.304     0.13    0.94
  77281.254     6.390     0.23    0.87
  77657.261     6.306    -0.22    0.89
  78033.249     6.626     0.85    1.17
  78409.220     6.670     0.12    1.17
  78785.172     6.632    -0.10    1.07
  79161.106     6.390    -0.64    0.99
  79537.021     6.304    -0.23    0.88
  79912.919     6.527     0.59    1.02
  80288.798     6.585     0.16    1.07
  80664.658     6.504    -0.22    1.05
  81040.501     6.777     0.73    1.10
  81416.325     6.979     0.54    1.08
  81792.131     7.095     0.31    1.07
  82167.919     7.579     1.29    1.30
  82543.688     7.799     0.59    1.30
  82919.439     8.095     0.79    1.24
  83295.172     8.329     0.62    0.99
  83670.887     8.337     0.02    0.88
  84046.583     8.179    -0.42    0.98
  84422.262     8.436     0.68    1.15
  84797.922     8.670     0.63    1.22
  85173.563     9.095     1.13    1.07
  85549.187     9.345     0.67    0.86
  85924.792     9.260    -0.23    1.07
  86300.380     9.404     0.38    1.05
  86675.949     9.379    -0.07    1.05
  87051.499     9.458     0.21    1.04
  87427.032     9.565     0.28    0.98
  87802.546     9.686     0.32    1.01
  88178.042     9.848     0.43    1.26
  88553.520    10.099     0.67    1.21
  88928.980     9.982    -0.31    1.14
  89304.422    10.004     0.06    1.15
  89679.845     9.845    -0.42    0.96
  90055.251     9.822    -0.06    0.92
  90430.638     9.799    -0.06    0.90
  90806.007     9.777    -0.06    0.96
  91181.358     9.813     0.10    0.92
  91556.691     9.693    -0.32    0.79
  91932.005     9.701     0.02    0.83
  92307.302     9.890     0.50    0.92
  92682.580     9.822    -0.18    0.92
  93057.840     9.915     0.25    0.95
  93433.082     9.617    -0.79    1.10
  93808.306     9.409    -0.56    1.23
  94183.512     9.493     0.22    1.25
  94558.700     9.632     0.37    1.07
  94933.869     9.595    -0.10    1.13
  95309.021     9.867     0.73    0.90
  95684.154    10.112     0.65    1.02
  96059.270    10.027    -0.23    1.05
  96434.367    10.051     0.07    1.10
  96809.446     9.893    -0.42    1.21
  97184.507     9.799    -0.25    1.25
  97559.551     9.913     0.30    1.18
  97934.576    10.117     0.55    1.13
  98309.582    10.254     0.36    0.99
  98684.571    10.299     0.12    0.90
  99059.542    10.562     0.70    1.05
  99434.495    10.559    -0.01    1.01
  99809.430    10.799     0.64    1.07
 100184.346    11.072     0.73    1.11
 100559.245    11.117     0.12    1.47
 100934.126    11.322     0.55    1.51
 101308.988    11.686     0.97    1.64
 101683.833    12.231     1.46    2.53
 102058.659    13.208     2.61    3.49
 102433.468    15.027     4.85    4.46
 102808.258    17.117     5.58    5.32
 103183.031    20.208     8.25    6.07
 103557.785    22.936     7.28    6.20
 103932.522    24.504     4.18    4.85
 104307.241    24.595     0.24    3.85
 104681.941    23.504    -2.91    4.21
 105056.624    21.072    -6.49    4.10
 105431.288    19.804    -3.38    4.34
 105805.935    18.888    -2.45    3.17
 106180.564    18.845    -0.11    2.86
 106555.174    20.231     3.70    3.00
 106929.767    22.481     6.01    4.22
 107304.342    25.231     7.34    4.49
 107678.899    27.413     5.82    4.09
 108053.438    29.799     6.37    3.94
 108427.958    31.777     5.28    4.10
 108802.461    33.373     4.26    3.50
 109176.947    34.231     2.29    2.70
 109551.414    34.799     1.52    2.41
 109925.863    34.004    -2.12    3.06
 110300.294    33.117    -2.37    3.31
 110674.708    33.027    -0.24    3.00
 111049.103    33.957     2.48    2.80
 111423.481    34.678     1.92    2.72
 111797.840    35.231     1.48    2.61
 112172.182    34.870    -0.96    3.09
 112546.506    33.771    -2.94    3.47
 112920.812    33.608    -0.43    3.67
 113295.100    32.766    -2.25    3.52
 113669.370    33.095     0.88    3.12
 114043.623    34.439     3.59    3.01
 114417.857    35.481     2.79    3.14
 114792.074    36.359     2.35    2.96
 115166.273    37.655     3.46    2.47
 115540.454    37.818     0.44    2.42
 115914.617    37.932     0.31    1.79
 116288.762    38.186     0.68    1.76
 116662.889    38.243     0.15    1.64
 117036.999    38.748     1.35    1.24
 117411.090    38.915     0.45    1.10
 117785.164    38.701    -0.57    1.08
 118159.220    38.182    -1.39    1.27
 118533.259    37.885    -0.79    1.11
 118907.279    37.754    -0.35    1.14
 119281.282    37.830     0.20    1.50
 119655.266    38.213     1.02    1.39
 120029.233    38.804     1.58    1.78
 120403.183    39.632     2.21    1.86
 120777.114    39.982     0.94    1.66
 121151.028    40.123     0.38    1.56
 121524.923    39.981    -0.38    1.42
 121898.801    39.743    -0.64    1.54
 122272.662    39.701    -0.11    1.57
 122646.504    39.315    -1.03    1.40
 123020.329    39.213    -0.27    1.19
 123394.136    38.982    -0.62    0.89
 123767.925    38.861    -0.32    0.84
 124141.696    39.095     0.63    1.05
 124515.450    39.159     0.17    1.02
 124889.186    39.143    -0.04    1.17
 125262.904    39.182     0.10    1.19
 125636.605    38.864    -0.85    1.19
 126010.287    38.693    -0.46    1.16
 126383.952    38.623    -0.19    1.01
 126757.600    38.504    -0.32    1.05
 127131.229    38.293    -0.56    1.01
 127504.841    38.213    -0.21    1.01
 127878.435    38.182    -0.08    0.81
 128252.011    38.260     0.21    0.95
 128625.570    38.293     0.09    0.94
 128999.111    38.313     0.06    1.02
 129372.635    38.254    -0.16    1.12
 129746.140    38.226    -0.07    1.02
 130119.628    38.213    -0.03    1.12
 130493.098    38.070    -0.38    1.16
 130866.551    38.027    -0.12    1.20
 131239.986    38.027    -0.00    1.21
 131613.403    37.956    -0.19    1.15
 131986.803    38.208     0.68    1.07
 132360.185    38.137    -0.19    0.92
 132733.549    38.213     0.20    0.89
 133109.502    38.182    -0.08    0.78
 133486.397    38.236     0.15    0.72
 133863.275    38.359     0.33    0.93
 134240.134    38.399     0.11    0.98
 134616.976    38.845     1.18    2.38
 134993.799    39.527     1.81    3.29
 135370.605    40.799     3.38    4.38
 135747.392    43.137     6.20    5.37
 136124.162    44.443     3.47    5.14
 136500.913    45.315     2.31    5.49
 136877.647    44.367    -2.51    5.15
 137254.363    43.208    -3.08    4.67
 137631.060    41.701    -4.00    3.26
 138007.740    41.575    -0.34    2.44
 138384.402    41.231    -0.91    1.58
 138761.046    41.432     0.53    1.53
 139137.672    41.004    -1.14    1.67
 139514.280    40.595    -1.09    1.82
 139890.870    40.735     0.37    2.12
 140267.442    40.777     0.11    2.38
 140643.996    41.029     0.67    2.34
 141020.532    40.345    -1.82    2.00
 141397.051    39.754    -1.57    1.73
