-138059.201    12.032     0.00    1.23
-137685.105    11.899    -0.35    1.22
-137310.992    11.652    -0.66    1.23
-136936.859    11.493    -0.43    1.25
-136562.708    11.315    -0.48    1.26
-136188.539    11.747     1.15    1.45
-135814.352    11.948     0.54    1.49
-135440.145    11.834    -0.31    1.48
-135065.921    11.629    -0.55    1.23
-134691.677    11.576    -0.14    1.48
-134317.416    11.197    -1.01    1.68
-133943.135    11.000    -0.53    1.56
-133568.837    11.061     0.16    1.50
-133194.519    10.972    -0.24    1.43
-132820.184    10.584    -1.04    1.46
-132445.829    10.288    -0.79    1.30
-132071.457    10.129    -0.42    1.17
-131697.065     9.993    -0.36    0.93
-131322.655    10.075     0.22    1.27
-130948.227    10.175     0.27    1.18
-130573.780    10.134    -0.11    1.26
-130199.314    10.191     0.15    1.18
-129824.830    10.058    -0.36    1.10
-129450.327     9.855    -0.54    1.14
-129075.806     9.675    -0.48    1.08
-128701.266     9.675     0.00    1.33
-128326.708     9.447    -0.61    1.15
-127952.131     9.646     0.53    1.24
-127577.535     9.547    -0.26    1.19
-127202.921     9.725     0.47    0.97
-126828.288     9.762     0.10    1.07
-126453.637     9.697    -0.17    0.99
-126078.967     9.643    -0.15    1.00
-125704.278     9.675     0.09    0.94
-125329.571     9.739     0.17    0.91
-124954.845     9.814     0.20    0.86
-124580.101     9.969     0.42    0.80
-124205.337     9.996     0.07    0.89
-123830.556     9.834    -0.43    0.94
-123455.755     9.750    -0.22    0.93
-123080.936     9.675    -0.20    0.92
-122706.099     9.516    -0.42    1.04
-122331.242     9.447    -0.18    1.13
-121956.367     9.369    -0.21    1.34
-121581.474     9.353    -0.04    1.52
-121206.561     9.425     0.19    1.66
-120831.630     9.388    -0.10    1.63
-120456.681     9.266    -0.33    1.29
-120081.712     9.390     0.33    1.14
-119706.725     9.288    -0.27    1.14
-119331.720     9.369     0.22    0.94
-118956.695     9.339    -0.08    1.14
-118581.652     9.436     0.26    1.10
-118206.590     9.353    -0.22    1.42
-117831.510     9.480     0.34    1.69
-117456.410     9.436    -0.12    1.67
-117081.292     9.258    -0.47    1.75
-116706.156     9.036    -0.59    1.63
-116331.000     8.687    -0.93    1.25
-115955.826     8.502    -0.49    1.16
-115580.633     8.669     0.44    1.31
-115205.421     8.814     0.39    1.13
-114830.191     8.856     0.11    1.15
-114454.942     8.925     0.18    1.03
-114079.674     9.038     0.30    1.15
-113704.387     8.855    -0.49    1.37
-113329.082     8.769    -0.23    1.71
-112953.758     8.390    -1.01    1.79
-112578.415     8.016    -1.00    1.72
-112203.053     7.480    -1.43    1.36
-111827.672     7.251    -0.61    1.03
-111452.273     6.991    -0.69    1.37
-111076.855     7.038     0.13    1.53
-110701.418     6.947    -0.24    1.65
-110325.962     6.858    -0.24    1.54
-109950.488     7.220     0.96    1.53
-109574.994     7.414     0.52    1.31
-109199.482     7.675     0.70    1.20
-108823.951     7.458    -0.58    1.12
-108448.401     7.425    -0.09    1.11
-108072.833     7.470     0.12    1.09
-107697.245     7.302    -0.45    1.11
-107321.639     7.134    -0.45    1.15
-106946.014     6.968    -0.44    1.07
-106570.369     6.947    -0.06    1.07
-106194.707     6.788    -0.42    1.00
-105819.025     6.816     0.07    1.14
-105443.324     6.856     0.11    1.00
-105067.605     7.038     0.48    0.95
-104691.866     7.163     0.33    1.05
-104316.109     7.207     0.12    0.96
-103940.333     7.106    -0.27    0.87
-103564.538     7.258     0.40    1.07
-103188.724     7.197    -0.16    1.00
-102812.891     7.266     0.18    1.03
-102437.039     7.379     0.30    1.04
-102061.169     7.350    -0.08    1.20
-101685.279     7.480     0.35    1.10
-101309.371     7.204    -0.74    1.20
-100933.443     6.925    -0.74    1.08
-100557.497     6.743    -0.48    1.02
-100181.532     6.632    -0.29    0.98
 -99805.547     6.652     0.05    0.90
 -99429.544     6.450    -0.54    0.88
 -99053.522     6.502     0.14    0.99
 -98677.481     6.483    -0.05    1.30
 -98301.421     6.425    -0.15    1.77
 -97925.342     5.947    -1.27    2.01
 -97549.244     5.437    -1.36    2.18
 -97173.127     4.970    -1.24    1.94
 -96796.992     4.608    -0.96    2.10
 -96420.837     4.288    -0.85    2.05
 -96044.663     4.447     0.42    2.41
 -95668.470     4.506     0.16    2.43
 -95292.258     5.080     1.53    2.46
 -94916.027     5.650     1.51    2.01
 -94539.778     6.152     1.33    1.55
 -94163.509     6.379     0.60    1.35
 -93787.221     6.356    -0.06    1.26
 -93410.914     6.414     0.15    1.24
 -93034.588     6.343    -0.19    1.18
 -92658.243     5.881    -1.23    1.09
 -92281.879     5.901     0.05    1.26
 -91905.496     5.811    -0.24    1.50
 -91529.094     5.880     0.18    1.52
 -91152.673     5.838    -0.11    1.41
 -90776.233     5.788    -0.13    1.49
 -90399.774     5.538    -0.66    1.62
 -90023.296     5.316    -0.59    1.73
 -89646.798     4.669    -1.72    1.57
 -89270.282     4.058    -1.62    1.52
 -88893.746     3.791    -0.71    1.39
 -88517.192     3.772    -0.05    1.40
 -88140.618     4.058     0.76    1.65
 -87764.025     4.207     0.40    1.76
 -87387.414     3.925    -0.75    1.62
 -87010.783     3.791    -0.35    1.56
 -86634.133     3.447    -0.91    1.19
 -86257.464     3.369    -0.21    1.22
 -85880.775     3.652     0.75    1.52
 -85504.068     4.480     2.20    2.11
 -85127.341     5.577     2.91    2.29
 -84750.596     6.356     2.07    2.06
 -84373.831     7.311     2.53    1.56
 -83997.047     7.758     1.19    1.67
 -83620.244     7.533    -0.60    2.59
 -83243.422     7.993     1.22    2.90
 -82866.580     7.836    -0.42    3.29
 -82489.720     8.273     1.16    3.24
 -82112.840     8.084    -0.50    3.07
 -81735.941     8.584     1.33    2.02
 -81359.023     8.075    -1.35    1.75
 -80982.086     7.569    -1.34    1.30
 -80608.404     7.516    -0.14    1.63
 -80235.232     7.925     1.10    1.58
 -79862.040     7.947     0.06    1.52
 -79488.830     7.656    -0.78    1.32
 -79115.601     7.584    -0.19    1.14
 -78742.353     7.325    -0.69    1.19
 -78369.086     7.836     1.37    1.56
 -77995.800     8.204     0.99    1.82
 -77622.496     8.480     0.74    1.90
 -77249.173     8.814     0.89    1.75
 -76875.831     8.762    -0.14    1.85
 -76502.470     8.970     0.56    1.89
 -76129.090     9.050     0.21    2.16
 -75755.692     8.584    -1.25    2.40
 -75382.274     7.971    -1.64    2.57
 -75008.838     7.680    -0.78    2.80
 -74635.383     7.414    -0.71    3.17
 -74261.909     6.994    -1.12    3.28
 -73888.416     6.720    -0.73    2.91
 -73514.905     6.900     0.48    2.73
 -73141.374     7.493     1.59    2.76
 -72767.825     7.782     0.77    2.51
 -72394.257     7.791     0.03    2.46
 -72020.669     7.569    -0.59    2.39
 -71647.063     7.157    -1.10    2.21
 -71273.439     6.769    -1.04    2.09
 -70899.795     6.225    -1.46    1.49
 -70526.132     5.652    -1.53    1.30
 -70152.450     5.461    -0.51    1.32
 -69778.750     5.147    -0.84    1.40
 -69405.031     4.925    -0.59    1.84
 -69031.292     5.311     1.03    2.08
 -68657.535     5.258    -0.14    2.12
 -68283.759     5.071    -0.50    2.06
 -67909.964     4.811    -0.70    2.00
 -67536.149     5.095     0.76    1.80
 -67162.316     5.129     0.09    1.59
 -66788.464     4.925    -0.55    1.89
 -66414.594     4.947     0.06    2.06
 -66040.704     4.991     0.12    1.91
 -65666.795     4.949    -0.11    2.16
 -65292.867     5.402     1.21    1.86
 -64918.920     5.901     1.33    1.85
 -64544.954     5.902     0.00    1.82
 -64170.970     5.147    -2.02    2.57
 -63796.966     4.175    -2.60    3.19
 -63422.943     3.391    -2.09    3.18
 -63048.902     3.068    -0.87    3.07
 -62674.841     3.555     1.30    2.94
 -62300.761     3.853     0.80    2.84
 -61926.662     4.258     1.08    2.64
 -61552.545     5.033     2.07    2.30
 -61178.408     5.272     0.64    2.18
 -60804.252     5.347     0.20    2.28
 -60430.077     5.762     1.11    1.85
 -60055.883     5.446    -0.84    2.47
 -59681.670     4.353    -2.92    3.13
 -59307.439     2.858    -4.00    2.97
 -58933.188     1.175    -4.50    0.84
 -58558.917     0.925    -0.67    0.00
 -58184.628     1.102     0.47    1.19
 -57810.320     2.516     3.78    5.92
 -57435.993    10.033    20.08   14.98
 -57061.647    21.038    29.40   17.46
 -56687.281    27.347    16.85   14.35
 -56312.897    31.152    10.16    9.88
 -55938.493    28.402    -7.34   10.74
 -55564.071    24.614   -10.12   11.65
 -55189.629    22.447    -5.78   14.70
 -54815.168    19.675    -7.40   16.52
 -54440.688    14.858   -12.86   17.50
 -54066.189    12.391    -6.59   17.74
 -53691.671     7.280   -13.65   13.83
 -53317.133     5.129    -5.74   10.26
 -52942.577     3.436    -4.52    4.37
 -52568.001     4.584     3.06    4.42
 -52193.407     5.080     1.33    3.95
 -51818.793     6.251     3.12    5.73
 -51444.160     6.993     1.98    7.12
 -51069.508     7.214     0.59    7.31
 -50694.836     8.320     2.95    9.08
 -50320.146    10.012     4.51   11.25
 -49945.436    12.266     6.01   13.20
 -49570.708    10.470    -4.79   11.46
 -49195.960     9.599    -2.33   10.72
 -48821.193     6.381    -8.58    5.67
 -48446.406     4.879    -4.01    2.41
 -48071.601     4.425    -1.21    1.82
 -47696.776     4.642     0.58    2.18
 -47321.932     5.210     1.52    1.63
 -46947.069     5.280     0.19    0.98
 -46572.187     5.334     0.14    0.92
 -46197.285     5.347     0.04    0.99
 -45822.364     5.243    -0.28    1.09
 -45447.424     5.163    -0.21    0.96
 -45072.465    10.243    13.55   10.89
 -44697.487    17.996    20.68   15.86
 -44322.489    22.680    12.49   16.24
 -43947.472    26.788    10.95   14.55
 -43572.436    28.152     3.64   11.64
 -43197.381    30.766     6.97    9.03
 -42822.306    35.496    12.61    7.58
 -42447.212    41.243    15.32    7.00
 -42072.099    46.496    14.00    7.25
 -41696.966    51.547    13.46    8.07
 -41321.815    58.480    18.48    8.00
 -40946.644    63.901    14.45    6.64
 -40571.453    66.414     6.70    5.01
 -40196.244    65.950    -1.24    6.00
 -39821.015    62.697    -8.67    8.01
 -39445.767    57.115   -14.88    7.85
 -39070.499    50.969   -16.38    8.22
 -38695.212    45.947   -13.38    7.66
 -38319.906    41.599   -11.59    6.32
 -37944.581    37.036   -12.16    7.21
 -37569.236    32.900   -11.02    7.32
 -37193.872    33.038     0.37    6.23
 -36818.488    36.414     8.99    7.77
 -36443.086    41.266    12.92    8.84
 -36067.664    47.969    17.86    8.07
 -35692.222    52.970    13.32    7.44
 -35316.761    55.881     7.75    7.93
 -34941.281    57.187     3.48    8.49
 -34565.782    58.658     3.92    7.91
 -34190.263    59.311     1.74    6.46
 -33814.724    62.446     8.35    6.28
 -33439.167    66.258    10.15    7.22
 -33063.590    70.016    10.00    6.81
 -32687.993    71.403     3.69    6.46
 -32312.377    69.743    -4.42    6.09
 -31936.742    68.125    -4.31    7.08
 -31561.087    64.016   -10.94    7.29
 -31185.413    60.747    -8.70    8.27
 -30809.720    56.569   -11.12    8.30
 -30434.007    51.675   -13.03    6.61
 -30058.275    50.993    -1.81    6.57
 -29682.523    49.606    -3.69    7.84
 -29306.752    50.720     2.96    8.27
 -28930.961    51.836     2.97    7.54
 -28555.151    51.356    -1.28    6.20
 -28179.322    53.294     5.16    7.18
 -27803.473    54.470     3.13    6.77
 -27427.604    52.258    -5.89    6.34
 -27051.717    51.016    -3.31    6.18
 -26675.809    48.152    -7.62    7.06
 -26299.882    44.969    -8.47    6.88
 -25923.936    43.681    -3.43    6.09
 -25547.970    42.620    -2.82    6.71
 -25171.985    42.814     0.51    6.84
 -24795.980    41.747    -2.84    7.19
 -24419.956    40.788    -2.55    6.71
 -24043.912    41.925     3.02    5.35
 -23667.849    40.925    -2.66    6.85
 -23291.766    37.375    -9.44    8.90
 -22915.664    31.769   -14.90   11.76
 -22539.542    24.129   -20.31   14.04
 -22163.401    15.811   -22.11   12.02
 -21787.240     8.858   -18.48    6.63
 -21411.060     5.388    -9.22    3.67
 -21034.860     4.311    -2.86    2.48
 -20658.640     3.705    -1.61    2.31
 -20282.401     3.493    -0.56    2.19
 -19906.143     3.516     0.06    2.24
 -19529.864     3.584     0.18    2.35
 -19153.567     3.725     0.37    2.78
 -18777.249     3.575    -0.40    3.14
 -18400.913     3.447    -0.34    3.28
 -18024.556     2.614    -2.22    3.46
 -17648.180     2.762     0.39    4.71
 -17271.784     3.858     2.91    8.42
 -16895.369     7.414     9.45   16.23
 -16518.934    11.055     9.67   19.76
 -16142.480    10.282    -2.05   18.32
 -15766.006    11.014     1.94   17.58
 -15389.512     9.356    -4.40   15.84
 -15012.999    11.359     5.32   19.33
 -14636.466     8.658    -7.17   18.11
 -14259.913     5.038    -9.61   13.56
 -13883.341     1.542    -9.29    8.42
 -13506.749    -1.530    -8.16    1.76
 -13130.138    -1.831    -0.80    1.15
 -12753.507    -2.075    -0.65    0.00
 -12376.856    -1.475     1.59    1.96
 -12000.186    -0.712     2.03    3.31
 -11623.495    -0.144     1.51    3.46
 -11246.786     0.458     1.60    3.83
 -10870.056     1.152     1.84    4.09
 -10493.307     0.993    -0.42    3.86
 -10116.538     2.436     3.83    4.49
  -9739.750     3.544     2.94    4.05
  -9362.942     4.055     1.36    3.44
  -8986.114     4.480     1.13    2.86
  -8609.266     4.729     0.66    1.83
  -8232.399     3.766    -2.56    1.46
  -7855.512     3.544    -0.59    1.46
  -7478.605     3.334    -0.56    1.56
  -7101.678     2.996    -0.90    1.67
  -6724.732     3.214     0.58    1.69
  -6347.766     3.125    -0.24    1.63
  -5972.060     2.925    -0.53    1.57
  -5598.958     3.414     1.31    1.66
  -5225.836     3.669     0.68    1.57
  -4852.695     3.516    -0.41    1.54
  -4479.534     3.258    -0.69    1.44
  -4106.354     2.458    -2.14    1.71
  -3733.155     2.197    -0.70    1.40
  -3359.937     2.147    -0.14    1.69
  -2986.699     2.925     2.08    1.81
  -2613.442     2.734    -0.51    2.36
  -2240.165     2.743     0.02    3.51
  -1866.869     1.785    -2.57    4.32
  -1493.554     0.652    -3.04    4.67
  -1120.219    -0.189    -2.25    4.76
   -746.865    -0.342    -0.41    4.62
   -373.492     0.725     2.86    5.33
     -0.099     1.734     2.70    5.52
    373.313     1.880     0.39    5.53
    746.744     1.500    -1.02    5.03
   1120.195     0.129    -3.67    4.32
   1493.666    -0.564    -1.86    3.90
   1867.156    -0.439     0.34    4.11
   2240.665     0.414     2.28    4.06
   2614.193     1.788     3.68    4.06
   2987.741     2.533     1.99    3.49
   3361.309     1.437    -2.94    3.58
   3734.896     1.014    -1.13    3.46
   4108.502     0.157    -2.29    3.14
   4482.128     0.180     0.06    3.09
   4855.773     0.707     1.41    3.19
   5229.438     1.414     1.89    3.45
   5603.122     1.223    -0.51    3.30
   5976.826     1.282     0.16    3.19
   6350.549     1.436     0.41    3.39
   6724.292     1.390    -0.12    3.32
   7098.054     1.636     0.66    3.39
   7471.835     1.751     0.31    3.30
   7845.636     2.381     1.69    3.07
   8219.457     2.369    -0.03    2.92
   8593.297     2.266    -0.28    2.76
   8967.156     1.903    -0.97    1.84
   9341.035     1.811    -0.25    1.40
   9714.934     1.791    -0.05    1.08
  10088.852     2.266     1.27    1.61
  10462.790     2.769     1.35    1.80
  10836.747     2.858     0.24    1.92
  11210.724     3.106     0.66    2.07
  11584.720     2.968    -0.37    2.38
  11958.736     2.214    -2.02    2.18
  12332.771     1.969    -0.65    1.99
  12706.826     1.547    -1.13    2.93
  13080.900     0.947    -1.60    3.11
  13454.994     0.033    -2.44    3.46
  13829.108    -1.394    -3.81    3.11
  14203.241    -2.253    -2.30    2.21
  14577.394    -2.814    -1.50    1.25
  14951.566    -3.075    -0.70    0.00
  15325.758    -3.075     0.00    0.00
  15699.969    -2.843     0.62    1.02
  16074.200    -2.510     0.89    1.67
  16448.451    -2.401     0.29    1.76
  16822.721    -2.543    -0.38    1.64
  17197.011    -1.967     1.54    2.24
  17571.321    -1.164     2.14    2.83
  17945.650    -0.325     2.24    2.82
  18319.999     0.064     1.04    2.60
  18694.367     0.547     1.29    2.41
  19068.755    -0.123    -1.79    2.78
  19443.163    -1.314    -3.18    2.60
  19817.590    -2.075    -2.03    1.83
  20192.038    -1.875     0.53    1.94
  20566.504    -1.416     1.23    2.57
  20940.991    -0.820     1.59    2.67
  21315.497    -0.348     1.26    2.59
  21690.022    -0.000     0.93    2.60
  22064.568     0.036     0.10    2.80
  22439.133    -0.261    -0.79    2.56
  22813.717    -0.964    -1.88    2.20
  23188.322    -1.142    -0.47    2.17
  23562.946    -1.052     0.24    2.47
  23937.590    -1.144    -0.25    2.19
  24312.253    -0.909     0.63    2.25
  24686.937    -0.871     0.10    2.57
  25061.640    -0.913    -0.11    2.66
  25436.362    -0.586     0.87    2.87
  25811.105     0.102     1.84    3.02
  26185.867     0.472     0.99    3.17
  26560.649     1.280     2.16    3.15
  26935.450     2.350     2.85    2.55
  27310.272     2.970     1.66    1.90
  27685.113     3.207     0.63    1.34
  28059.974     3.447     0.64    1.37
  28434.855     3.614     0.44    1.47
  28809.755     3.606    -0.02    1.39
  29184.675     3.533    -0.20    1.71
  29559.615     3.544     0.03    1.65
  29934.575     3.414    -0.35    1.66
  30309.555     3.243    -0.46    1.65
  30684.554     3.381     0.37    1.66
  31059.573     3.258    -0.33    1.64
  31434.612     3.311     0.14    1.48
  31809.671     2.338    -2.60    2.67
  32184.749     0.493    -4.92    3.37
  32559.848    -1.586    -5.54    3.16
  32934.966    -3.231    -4.38    2.08
  33310.104    -4.075    -2.25    0.00
  33685.262    -4.075     0.00    0.00
  34060.440    -4.075     0.00    0.00
  34435.637    -3.853     0.59    0.95
  34810.855    -3.032     2.19    2.82
  35186.092    -1.875     3.08    3.67
  35561.349    -0.475     3.73    3.79
  35936.626     0.197     1.79    3.71
  36311.923     1.468     3.39    3.17
  36687.240     1.993     1.40    2.56
  37062.577     1.816    -0.47    2.02
  37437.933     1.620    -0.52    2.03
  37813.310     1.425    -0.52    2.07
  38188.706     1.258    -0.44    2.16
  38564.122     1.329     0.19    2.37
  38939.558     0.729    -1.60    2.67
  39315.014    -0.028    -2.02    3.03
  39690.490     0.859     2.36    6.86
  40065.986     3.425     6.83   10.30
  40441.502     7.036     9.62   12.40
  40817.038    11.061    10.72   12.98
  41192.593    15.087    10.72   11.65
  41568.169    20.811    15.24    9.14
  41943.765    24.901    10.89    5.78
  42319.380    26.147     3.32    3.45
  42695.016    25.747    -1.06    3.65
  43070.671    24.134    -4.29    3.39
  43446.346    22.569    -4.17    2.08
  43822.042    21.925    -1.72    1.09
  44197.757    21.652    -0.73    1.04
  44573.492    21.652     0.00    1.17
  44949.248    21.880     0.61    1.26
  45325.023    21.991     0.30    1.32
  45700.818    21.834    -0.42    1.36
  46076.634    21.664    -0.45    1.36
  46452.469    21.632    -0.08    1.31
  46828.324    20.947    -1.82    1.92
  47204.200    20.152    -2.12    2.39
  47580.095    19.636    -1.37    2.22
  47956.010    19.280    -0.95    2.19
  48331.946    19.836     1.48    2.79
  48707.901    20.164     0.87    3.13
  49083.877    20.879     1.90    3.28
  49459.872    20.991     0.30    2.67
  49835.888    21.347     0.95    2.28
  50211.924    21.697     0.93    1.75
  50587.979    22.033     0.89    1.83
  50964.055    22.447     1.10    1.77
  51340.151    22.814     0.97    1.72
  51716.267    23.077     0.70    1.62
  52092.403    23.547     1.25    1.34
  52468.559    23.836     0.77    1.38
  52844.736    24.157     0.85    1.27
  53220.932    24.425     0.71    1.21
  53597.148    24.697     0.72    1.29
  53973.385    24.969     0.72    1.33
  54349.642    25.036     0.18    1.30
  54725.918    25.074     0.10    1.22
  55102.215    25.214     0.37    1.22
  55478.532    25.193    -0.05    1.27
  55854.869    25.436     0.65    1.18
  56231.227    25.669     0.62    1.14
  56607.604    25.458    -0.56    0.99
  56984.002    25.680     0.59    1.03
  57360.420    25.878     0.53    1.02
  57736.858    26.061     0.49    1.11
  58113.316    26.210     0.40    1.17
  58489.794    26.061    -0.40    1.25
  58866.292    26.061     0.00    1.27
  59242.811    26.016    -0.12    1.34
  59619.350    25.816    -0.53    1.45
  59995.909    25.687    -0.34    1.41
  60372.488    25.272    -1.10    1.79
  60749.088    24.639    -1.68    1.89
  61125.707    23.991    -1.72    2.30
  61502.347    23.207    -2.08    2.39
  61879.007    22.859    -0.92    2.56
  62255.687    22.338    -1.39    2.50
  62632.388    21.811    -1.40    2.46
  63009.109    20.903    -2.41    1.59
  63385.850    20.516    -1.03    1.23
  63762.611    20.547     0.08    1.32
  64139.392    20.555     0.02    1.34
  64516.194    20.769     0.57    1.28
  64893.016    21.099     0.87    1.23
  65269.858    21.316     0.58    1.22
  65646.721    21.881     1.50    1.15
  66023.604    22.391     1.35    1.18
  66400.507    22.669     0.74    1.26
  66777.430    22.881     0.56    1.32
  67154.374    22.829    -0.14    1.34
  67531.338    22.881     0.14    1.23
  67908.322    22.788    -0.25    1.19
  68285.327    22.990     0.53    1.32
  68662.352    23.038     0.13    1.28
  69036.188    23.157     0.32    1.25
  69409.233    23.425     0.72    1.34
  69782.297    23.681     0.69    1.20
  70155.382    23.791     0.30    1.29
  70528.486    24.720     2.49    3.73
  70901.611    24.502    -0.58    1.47
  71274.755    24.947     1.19    1.51
  71647.919    24.878    -0.18    1.46
  72021.103    25.038     0.43    1.24
  72394.307    25.163     0.33    1.36
  72767.531    25.747     1.57    1.72
  73140.775    26.157     1.10    1.69
  73514.038    27.014     2.29    1.64
  73887.322    27.925     2.44    1.45
  74260.626    28.901     2.62    1.64
  74633.949    29.902     2.68    1.66
  75007.292    30.825     2.47    1.41
  75380.656    31.697     2.34    1.64
  75754.039    32.243     1.46    1.36
  76127.442    32.636     1.05    1.20
  76500.866    32.569    -0.18    1.05
  76874.309    32.538    -0.08    1.10
  77247.772    32.563     0.07    1.34
  77621.255    32.353    -0.56    1.33
  77994.758    32.325    -0.08    1.21
  78368.281    32.472     0.40    1.35
  78741.824    32.680     0.56    1.94
  79115.388    33.095     1.11    2.03
  79488.971    34.142     2.80    2.51
  79862.574    34.403     0.70    2.46
  80236.197    34.102    -0.80    2.17
  80609.840    33.099    -2.69    1.90
  80983.503    32.163    -2.50    1.66
  81357.186    32.207     0.12    1.68
  81730.890    32.334     0.34    1.98
  82104.613    32.538     0.55    2.10
  82478.356    32.620     0.22    1.92
  82852.119    32.533    -0.23    1.82
  83225.903    32.201    -0.89    1.66
  83599.706    32.369     0.45    1.75
  83973.530    32.359    -0.03    1.63
  84347.373    32.743     1.03    1.72
  84721.237    32.991     0.66    1.83
  85095.121    33.533     1.45    1.82
  85469.025    33.859     0.87    1.89
  85842.948    34.478     1.65    1.75
  86216.892    34.970     1.32    1.75
  86590.857    35.555     1.56    1.58
  86964.841    36.675     2.99    1.92
  87338.845    38.016     3.59    2.33
  87712.869    39.369     3.62    2.38
  88086.914    40.855     3.97    2.21
  88460.979    42.055     3.21    1.90
  88835.063    43.038     2.63    1.66
  89209.168    43.794     2.02    1.17
  89583.293    44.207     1.10    1.36
  89957.439    43.988    -0.58    1.59
  90331.604    43.036    -2.55    2.38
  90705.789    42.329    -1.89    2.64
  91079.995    41.620    -1.90    2.39
  91454.221    41.187    -1.16    2.18
  91828.467    41.838     1.74    2.31
  92202.733    42.720     2.36    2.19
  92577.020    43.369     1.73    2.16
  92951.326    43.391     0.06    2.11
  93325.653    43.297    -0.25    2.07
  93700.000    44.084     2.10    2.10
  94074.367    44.900     2.18    1.97
  94448.754    46.125     3.27    1.71
  94823.162    47.266     3.05    1.52
  95197.590    48.080     2.18    1.62
  95572.038    48.858     2.08    1.85
  95946.506    49.615     2.02    2.07
  96320.994    49.993     1.01    2.53
  96695.503    50.111     0.31    2.93
  97070.032    50.425     0.84    2.60
  97444.581    51.120     1.86    2.38
  97819.150    51.675     1.48    2.22
  98193.740    53.012     3.57    2.18
  98568.350    54.288     3.41    1.70
  98942.980    55.555     3.38    1.78
  99317.631    56.663     2.96    1.85
  99692.302    57.258     1.59    1.78
 100066.993    58.359     2.94    1.54
 100441.704    59.186     2.20    1.73
 100816.436    59.751     1.51    1.90
 101191.188    60.436     1.83    1.77
 101565.960    60.881     1.19    1.44
 101940.752    60.993     0.30    1.45
 102315.565    61.347     0.94    1.64
 102690.398    61.991     1.72    1.56
 103065.252    62.288     0.79    1.56
 103440.126    62.371     0.22    1.68
 103815.020    62.084    -0.77    1.95
 104189.934    61.302    -2.08    2.21
 104564.869    60.251    -2.81    2.46
 104939.825    58.838    -3.77    2.61
 105314.800    56.858    -5.28    2.61
 105689.796    55.175    -4.49    2.94
 106064.812    52.077    -8.26    3.84
 106439.849    49.204    -7.66    4.46
 106814.906    45.446   -10.02    4.66
 107189.984    42.099    -8.93    3.25
 107565.081    40.359    -4.64    1.94
 107940.200    40.356    -0.01    2.04
 108315.338    41.591     3.29    2.61
 108690.497    43.547     5.21    2.86
 109065.677    45.290     4.65    2.35
 109440.877    47.369     5.54    3.13
 109816.097    48.788     3.78    3.16
 110191.338    50.458     4.45    3.10
 110566.599    51.436     2.61    3.00
 110941.880    52.041     1.61    3.58
 111317.182    52.652     1.63    4.90
 111692.505    53.163     1.36    6.56
 112067.848    53.191     0.08    5.91
 112443.211    54.569     3.67    5.97
 112818.595    55.014     1.18    4.74
 113193.999    57.055     5.44    4.24
 113569.424    57.808     2.01    3.87
 113944.869    57.599    -0.56    4.01
 114320.335    57.234    -0.97    3.48
 114695.821    57.280     0.12    2.75
 115071.328    58.457     3.13    2.75
 115446.855    59.077     1.65    2.32
 115822.403    59.012    -0.17    2.65
 116197.971    58.356    -1.74    3.49
 116573.560    56.229    -5.66    3.92
 116949.169    53.675    -6.80    3.33
 117324.799    52.280    -3.71    3.90
 117700.449    50.991    -3.43    3.99
 118076.120    48.836    -5.74    3.73
 118451.811    47.627    -3.22    3.08
 118827.523    46.834    -2.11    1.78
 119203.256    47.391     1.48    2.15
 119579.009    48.881     3.97    2.68
 119954.782    50.316     3.82    2.92
 120330.576    51.814     3.99    2.53
 120706.391    53.129     3.50    2.58
 121082.227    54.338     3.22    2.36
 121458.082    55.675     3.56    2.52
 121833.959    58.077     6.39    3.10
 122209.856    60.058     5.27    2.77
 122585.774    61.627     4.17    2.27
 122961.712    62.458     2.21    1.95
 123337.671    62.483     0.07    2.40
 123713.650    62.525     0.11    2.53
 124089.651    62.663     0.37    2.53
 124465.671    63.347     1.82    2.58
 124841.713    64.125     2.07    2.59
 125217.775    65.087     2.56    2.74
 125593.857    66.747     4.41    2.74
 125969.961    68.115     3.64    2.42
 126346.085    69.266     3.06    2.08
 126722.229    70.414     3.05    1.49
 127098.395    71.080     1.77    1.40
 127474.581    71.555     1.26    1.42
 127850.787    71.880     0.86    1.28
 128227.015    72.294     1.10    1.36
 128603.263    72.576     0.75    1.25
 128979.531    72.680     0.28    1.45
 129355.821    72.788     0.29    1.64
 129732.131    72.502    -0.76    1.98
 130108.461    73.229     1.93    1.47
 130484.813    73.584     0.94    1.48
 130861.185    74.154     1.51    1.43
 131237.578    74.729     1.53    1.31
 131613.992    75.099     0.98    1.32
 131990.426    75.814     1.90    1.34
 132366.881    76.379     1.50    1.45
 132743.357    77.142     2.03    1.44
 133119.854    77.538     1.05    1.50
 133496.371    77.542     0.01    1.84
 133872.909    77.490    -0.14    2.54
 134249.468    77.627     0.36    3.61
 134626.048    76.258    -3.64    3.75
 135002.648    74.996    -3.35    3.36
 135379.270    73.338    -4.40    3.11
 135755.912    70.972    -6.28    3.29
 136132.574    68.569    -6.38    3.48
 136509.258    66.058    -6.67    3.06
 136885.962    64.180    -4.98    2.04
 137262.688    63.947    -0.62    1.74
 137639.434    64.496     1.46    2.11
 138016.201    66.288     4.76    2.53
 138392.988    68.861     6.83    2.60
 138769.797    70.584     4.57    2.23
 139146.626    72.316     4.60    2.24
 139523.476    74.152     4.87    2.07
 139900.347    75.164     2.69    1.93
 140277.239    75.996     2.21    1.72
 140654.152    76.142     0.39    1.99
 141031.085    76.099    -0.12    2.10
 141408.040    76.186     0.23    1.89
 141785.015    76.838     1.73    1.92
 142162.011    77.493     1.74    2.03
 142539.029    78.605     2.95    1.97
 142916.067    79.414     2.14    1.98
 143293.125    80.058     1.71    1.74
 143669.095    80.702     1.71    1.48
 144042.062    81.197     1.33    1.17
 144415.049    81.229     0.08    1.15
 144788.057    81.516     0.77    1.13
 145161.085    81.627     0.30    1.06
 145534.134    81.620    -0.02    1.05
 145907.203    81.669     0.13    0.99
 146280.292    81.702     0.09    0.90
 146653.402    81.538    -0.44    0.99
 147026.533    81.236    -0.81    1.08
 147399.684    81.068    -0.45    1.12
 147772.855    80.751    -0.85    1.16
 148146.047    80.702    -0.13    1.38
 148519.259    80.251    -1.21    1.55
 148892.492    79.970    -0.75    1.60
 149265.745    79.457    -1.38    2.06
 149639.019    78.970    -1.30    2.35
 150012.313    78.576    -1.06    2.66
 150385.628    78.402    -0.47    2.37
 150758.964    78.806     1.08    2.21
 151132.319    79.369     1.51    2.14
 151505.696    80.147     2.08    1.69
 151879.093    80.702     1.49    1.59
 152252.510    81.502     2.14    1.53
 152625.948    82.204     1.88    1.33
 152999.407    82.675     1.26    1.10
 153372.886    82.739     0.17    1.01
 153746.385    82.658    -0.22    1.10
 154119.905    82.272    -1.03    1.27
 154493.446    81.947    -0.87    1.44
 154867.008    81.381    -1.52    1.92
 155240.589    80.879    -1.34    2.10
 155614.192    79.468    -3.78    2.50
 155987.815    78.339    -3.02    2.29
 156361.459    77.614    -1.94    1.77
 156735.123    77.458    -0.42    1.24
 157108.808    77.947     1.31    1.32
 157482.513    78.605     1.76    1.53
 157856.239    79.120     1.38    1.42
 158229.986    79.445     0.87    1.40
 158603.753    79.584     0.37    1.49
 158977.541    79.861     0.74    1.51
 159351.350    80.197     0.90    1.48
 159725.179    80.702     1.35    1.62
 160099.029    81.359     1.76    1.36
 160472.900    82.099     1.98    1.40
 160846.791    82.499     1.07    1.41
 161220.703    83.061     1.50    1.11
 161594.635    83.251     0.51    1.10
 161968.589    83.425     0.47    1.11
 162342.562    83.435     0.03    1.16
 162716.557    83.702     0.71    0.97
 163090.572    83.743     0.11    0.99
 163464.608    83.990     0.66    1.04
 163838.665    83.947    -0.11    1.07
 164212.742    84.237     0.77    1.15
 164586.840    84.272     0.09    1.22
 164960.959    84.229    -0.12    1.19
 165335.098    84.152    -0.21    1.18
 165709.259    83.838    -0.84    1.19
 166083.440    83.702    -0.36    0.93
 166457.641    83.583    -0.32    0.82
 166831.864    83.164    -1.12    1.21
 167206.107    82.629    -1.43    1.21
 167580.371    82.302    -0.87    1.13
 167954.656    82.036    -0.71    1.07
 168328.961    81.902    -0.36    1.19
 168703.287    81.769    -0.35    1.24
 169077.634    81.806     0.10    1.21
 169452.002    81.561    -0.65    1.12
 169826.391    81.379    -0.49    1.07
 170200.800    81.391     0.03    0.92
 170575.230    81.680     0.77    1.07
 170949.681    82.084     1.08    0.89
 171324.153    82.555     1.26    1.02
 171698.645    82.972     1.11    0.94
 172073.159    83.014     0.11    0.90
 172447.693    82.994    -0.05    0.91
 172822.248    82.880    -0.30    0.93
 173196.824    82.712    -0.45    0.93
 173571.421    82.620    -0.24    0.99
 173946.038    82.605    -0.04    0.86
 174320.677    82.538    -0.18    0.87
 174695.336    82.627     0.24    1.21
 175070.016    82.788     0.43    1.23
 175444.717    82.791     0.01    1.38
 175819.439    82.747    -0.12    1.47
 176194.182    82.599    -0.40    1.10
 176568.945    82.691     0.25    1.25
 176943.730    82.629    -0.16    1.27
 177318.535    82.338    -0.78    1.17
 177693.361    82.055    -0.75    1.28
 178068.209    81.968    -0.23    1.59
 178443.077    81.836    -0.35    1.50
 178817.966    81.811    -0.07    1.63
 179192.876    81.446    -0.97    1.85
 179567.806    80.447    -2.66    1.64
 179942.758    79.967    -1.28    1.64
 180317.731    79.272    -1.85    1.42
 180692.725    78.903    -0.99    1.41
 181067.739    78.468    -1.16    1.29
 181442.775    78.016    -1.21    1.24
 181817.831    77.811    -0.55    1.47
 182192.909    77.646    -0.44    1.45
 182568.007    77.636    -0.03    1.52
 182943.127    78.175     1.44    2.00
 183318.267    78.436     0.70    2.24
 183693.429    78.480     0.12    2.47
 184068.611    78.591     0.30    2.54
 184443.814    78.814     0.59    2.46
 184819.039    78.606    -0.55    2.67
 185194.284    78.502    -0.28    2.35
 185569.550    78.499    -0.01    2.02
 185944.838    78.425    -0.20    1.59
 186320.146    78.244    -0.48    1.52
 186695.476    77.414    -2.21    2.01
 187070.826    76.686    -1.94    2.40
 187446.198    75.561    -3.00    2.62
 187821.590    75.391    -0.45    2.47
 188197.004    74.880    -1.36    2.79
 188572.439    74.902     0.06    2.93
 188947.894    74.095    -2.15    2.91
 189323.371    73.493    -1.60    2.67
 189698.869    72.533    -2.56    2.17
 190074.388    71.925    -1.62    1.70
 190449.928    71.754    -0.45    1.69
 190825.489    72.302     1.46    2.39
 191201.072    73.470     3.11    2.81
 191576.675    75.468     5.32    2.20
 191952.299    76.720     3.33    1.62
 192327.945    77.329     1.62    1.48
 192703.612    77.990     1.76    1.45
 193079.299    78.533     1.45    1.31
 193455.008    78.946     1.10    1.09
 193830.738    79.470     1.39    0.90
 194206.489    79.493     0.06    0.82
 194582.262    79.367    -0.34    1.45
 194958.055    79.080    -0.76    1.97
 195333.870    78.814    -0.71    2.26
 195709.706    79.547     1.95    2.48
 196085.563    79.881     0.89    2.09
 196461.441    80.639     2.02    2.11
 196837.340    81.120     1.28    2.02
 197213.261    81.606     1.29    1.93
 197589.202    82.480     2.32    1.69
 197965.165    83.265     2.09    1.39
 198341.149    83.794     1.41    1.64
 198717.154    84.350     1.48    1.56
 199093.181    84.470     0.32    1.72
 199469.228    83.446    -2.72    2.80
 199845.297    82.743    -1.87    2.81
 200221.388    82.347    -1.05    2.70
 200597.499    82.338    -0.02    2.24
 200973.631    83.033     1.85    2.09
 201349.785    83.925     2.37    1.65
 201725.960    84.720     2.11    1.41
 202102.157    85.542     2.18    1.50
 202478.374    86.294     2.00    1.48
 202854.613    87.099     2.14    1.37
 203230.873    87.947     2.26    1.36
 203607.155    88.544     1.59    1.21
 203983.457    89.729     3.15    1.72
 204359.781    90.470     1.97    1.63
 204736.127    91.099     1.67    1.87
 205112.493    91.725     1.66    2.06
 205488.881    91.902     0.47    2.05
 205865.290    91.969     0.18    2.34
 206241.721    91.925    -0.12    2.15
 206618.173    92.084     0.42    2.08
 206994.646    92.191     0.29    2.09
 207371.140    92.258     0.18    1.99
 207747.656    92.164    -0.25    1.54
 208124.193    92.125    -0.10    1.12
 208500.752    92.425     0.80    1.38
 208877.332    92.639     0.57    1.27
 209253.933    92.636    -0.01    1.04
 209630.555    92.468    -0.45    0.91
 210007.199    92.403    -0.17    0.94
 210383.865    92.244    -0.42    1.02
 210760.551    91.856    -1.03    1.07
 211137.259    91.591    -0.70    1.02
 211513.989    91.077    -1.37    1.15
 211890.740    90.457    -1.65    1.40
 212267.512    89.636    -2.18    1.50
 212644.306    88.947    -1.83    1.32
 213021.121    88.294    -1.73    1.32
 213397.957    88.038    -0.68    1.28
 213774.815    87.605    -1.15    1.11
 214151.695    87.338    -0.71    1.15
 214528.595    87.223    -0.31    1.16
 214905.518    87.033    -0.50    1.40
 215282.461    86.925    -0.29    1.50
 215659.427    86.747    -0.47    1.32
 216036.413    86.460    -0.76    1.10
 216413.421    86.236    -0.59    1.29
 216790.451    85.925    -0.83    1.52
 217167.502    85.584    -0.90    1.51
 217544.574    85.142    -1.17    1.53
 217921.668    85.120    -0.06    1.27
 218298.784    84.858    -0.69    1.14
 218672.778    84.712    -0.39    1.04
 219045.686    84.577    -0.36    1.12
 219418.616    84.669     0.25    1.33
 219791.567    84.751     0.22    1.37
 220164.538    84.883     0.35    1.29
 220537.531    85.106     0.60    1.26
 220910.544    85.457     0.94    1.10
 221283.579    85.811     0.95    1.19
 221656.634    86.280     1.26    1.28
 222029.711    87.012     1.96    1.46
 222402.809    87.686     1.81    1.42
 222775.928    88.074     1.04    1.30
 223149.067    88.266     0.51    1.33
 223522.228    88.210    -0.15    1.58
 223895.410    87.533    -1.81    1.67
 224268.613    87.244    -0.78    1.59
 224641.837    86.925    -0.86    1.40
 225015.082    86.591    -0.89    1.33
 225388.348    86.012    -1.55    1.59
 225761.636    85.743    -0.72    1.53
 226134.944    85.577    -0.44    1.40
 226508.274    85.606     0.08    1.20
 226881.624    85.797     0.51    1.48
 227254.996    86.120     0.87    1.68
 227628.389    86.074    -0.13    1.72
 228001.803    85.946    -0.34    1.67
 228375.238    85.606    -0.91    1.39
 228748.694    85.414    -0.52    1.34
 229122.171    85.315    -0.26    1.18
 229495.670    84.903    -1.10    1.41
 229869.189    83.970    -2.50    2.24
 230242.730    83.169    -2.14    2.66
 230616.292    82.391    -2.08    2.54
 230989.875    82.084    -0.82    2.52
 231363.480    82.214     0.35    2.56
 231737.105    83.044     2.22    2.30
 232110.752    83.470     1.14    1.72
 232484.420    83.436    -0.09    1.58
 232858.109    83.214    -0.59    1.47
 233231.819    83.010    -0.55    1.54
 233605.550    82.555    -1.22    1.54
 233979.303    82.499    -0.15    1.47
 234353.077    82.084    -1.11    1.40
 234726.872    82.055    -0.08    1.57
 235100.688    81.715    -0.91    1.46
 235474.526    81.347    -0.99    1.57
 235848.384    80.903    -1.19    1.71
 236222.264    80.403    -1.34    1.76
 236596.166    79.818    -1.56    1.91
 236970.088    79.402    -1.11    1.82
 237344.032    78.904    -1.33    1.76
 237717.997    78.099    -2.15    2.12
 238091.983    77.414    -1.83    2.68
 238465.991    76.236    -3.15    2.60
 238840.020    75.925    -0.83    2.68
 239214.070    75.751    -0.47    2.69
 239588.141    75.614    -0.37    2.98
 239962.234    76.286     1.80    3.40
 240336.348    76.880     1.59    3.43
 240710.483    77.691     2.17    3.04
 241084.640    77.686    -0.01    3.29
 241458.818    77.669    -0.04    3.44
 241833.017    76.658    -2.70    3.43
 242207.238    76.175    -1.29    3.20
 242581.480    75.729    -1.19    3.05
 242955.743    75.553    -0.47    2.50
 243330.028    75.794     0.65    2.32
 243704.334    76.243     1.20    2.15
 244078.661    76.658     1.11    2.31
 244453.010    75.925    -1.96    2.36
 244827.380    75.561    -0.97    2.54
 245201.772    75.220    -0.91    2.35
 245576.185    74.204    -2.72    2.00
 245950.619    73.547    -1.75    2.14
 246325.074    73.350    -0.53    1.95
 246699.552    72.658    -1.85    1.88
 247074.050    72.414    -0.65    1.65
 247448.570    72.325    -0.24    1.45
 247823.111    72.686     0.96    1.48
 248197.674    73.016     0.88    1.63
 248572.258    73.381     0.98    1.63
 248946.863    73.691     0.83    1.68
 249321.490    73.791     0.27    1.42
 249696.139    73.840     0.13    1.52
 250070.809    73.968     0.34    1.50
 250445.500    74.170     0.54    1.60
 250820.213    74.391     0.59    1.59
 251194.947    74.265    -0.34    1.65
 251569.703    73.811    -1.21    2.36
 251944.480    73.369    -1.18    2.12
 252319.279    73.031    -0.90    1.58
 252694.099    72.991    -0.11    1.47
 253068.941    72.605    -1.03    1.37
 253443.804    72.369    -0.63    1.39
 253818.688    71.776    -1.58    1.49
 254193.595    71.642    -0.36    1.50
 254568.522    71.520    -0.32    1.54
 254943.471    71.636     0.31    1.55
 255318.442    72.175     1.44    1.57
 255693.434    72.425     0.67    1.55
 256068.448    72.762     0.90    1.29
 256443.484    72.947     0.49    1.50
 256818.541    72.969     0.06    1.40
 257193.619    73.197     0.61    1.63
 257568.719    73.686     1.30    1.79
 257943.841    74.544     2.29    1.67
 258318.984    75.325     2.08    1.92
 258694.148    75.970     1.72    2.36
 259069.335    76.490     1.39    2.59
 259444.543    76.393    -0.26    2.55
 259819.772    76.164    -0.61    2.34
 260195.023    75.840    -0.86    1.60
 260570.296    75.447    -1.05    1.39
 260945.590    75.591     0.38    1.58
 261320.906    75.743     0.40    1.63
 261696.244    75.836     0.25    1.43
 262071.603    76.033     0.53    1.49
 262446.984    76.359     0.87    1.33
 262822.386    76.737     1.01    1.61
 263197.810    77.152     1.11    1.61
 263573.256    77.371     0.58    1.67
 263948.723    77.555     0.49    1.57
 264324.212    77.691     0.36    1.27
 264699.723    78.055     0.97    1.36
 265075.256    78.425     0.98    1.37
 265450.810    78.599     0.46    1.30
 265826.385    78.568    -0.08    1.36
 266201.983    78.584     0.04    1.34
 266577.602    79.016     1.15    1.38
 266953.243    79.569     1.47    1.64
 267328.905    79.642     0.19    1.75
 267704.590    79.288    -0.94    1.81
 268080.296    78.584    -1.88    1.35
 268456.023    78.470    -0.30    1.34
 268831.773    78.599     0.34    1.23
 269207.544    78.691     0.25    1.20
 269583.337    78.859     0.45    1.24
 269959.152    79.116     0.68    1.31
 270334.988    78.834    -0.75    1.76
 270710.846    78.686    -0.39    1.95
 271086.726    78.379    -0.82    2.03
 271462.628    77.658    -1.92    2.10
 271838.551    77.393    -0.71    1.84
 272214.497    77.533     0.37    2.03
 272590.464    77.279    -0.68    1.74
 272966.452    77.152    -0.34    2.24
 273342.463    75.988    -3.09    2.40
 273718.496    75.338    -1.73    2.18
 274094.550    74.861    -1.27    1.94
 274470.626    74.968     0.29    1.49
 274846.724    75.320     0.94    1.40
 275222.844    75.316    -0.01    1.50
 275598.985    75.379     0.17    1.47
 275975.148    75.838     1.22    2.61
 276351.334    75.675    -0.43    2.74
 276727.541    75.859     0.49    2.66
 277103.770    75.969     0.29    2.45
 277480.021    75.811    -0.42    1.62
 277856.293    75.561    -0.66    1.50
 278232.588    75.547    -0.04    1.45
 278608.904    75.490    -0.15    1.47
 278985.243    75.445    -0.12    1.44
 279361.603    75.533     0.23    1.47
 279737.985    75.633     0.26    1.30
 280114.389    75.334    -0.80    1.32
 280490.815    75.244    -0.24    1.37
 280867.263    75.334     0.24    1.34
 281243.732    75.102    -0.61    1.61
 281620.224    74.669    -1.15    1.69
 281996.738    74.642    -0.07    1.80
 282373.273    74.737     0.25    1.78
 282749.831    74.379    -0.95    1.92
 283126.410    74.180    -0.53    2.28
 283503.011    73.816    -0.97    2.08
 283879.635    73.988     0.46    2.05
 284256.280    74.036     0.13    2.16
 284632.947    74.425     1.03    2.27
 285009.637    74.794     0.98    2.23
 285386.348    74.879     0.23    2.06
 285763.081    74.707    -0.46    1.99
 286139.836    74.769     0.16    1.97
 286516.613    75.038     0.71    2.15
 286893.413    75.747     1.88    2.29
 287270.234    75.878     0.35    2.32
 287647.077    75.636    -0.64    2.52
 288023.942    75.074    -1.49    2.23
 288400.830    75.229     0.41    2.25
 288777.739    75.393     0.43    2.12
 289154.670    75.447     0.15    1.96
 289531.624    75.095    -0.94    1.93
 289908.599    74.577    -1.37    2.08
 290285.597    74.033    -1.44    2.22
 290662.616    73.525    -1.35    2.21
 291039.658    73.186    -0.90    2.15
 291416.722    73.279     0.25    2.10
 291793.808    73.402     0.33    2.05
 292170.916    73.712     0.82    2.06
 292548.046    73.446    -0.70    2.18
 292925.198    73.478     0.08    2.01
 293301.448    73.251    -0.60    2.29
 293674.280    73.720     1.26    2.15
 294047.134    73.338    -1.03    2.15
 294420.010    72.994    -0.92    2.16
 294792.907    73.446     1.21    2.19
 295165.826    73.243    -0.55    2.15
 295538.767    73.258     0.04    2.25
 295911.729    73.769     1.37    2.22
 296284.712    73.436    -0.89    2.38
 296657.717    73.214    -0.60    2.29
 297030.744    73.044    -0.46    2.14
 297403.793    73.302     0.69    2.05
 297776.863    73.436     0.36    2.29
 298149.955    73.359    -0.20    2.43
 298523.068    73.414     0.15    2.53
 298896.203    73.359    -0.15    2.66
 299269.360    73.648     0.77    2.24
 299642.538    73.902     0.68    2.24
 300015.738    73.816    -0.23    2.28
 300388.960    73.856     0.11    1.98
 300762.203    73.627    -0.62    2.24
 301135.468    73.555    -0.19    2.08
 301508.755    73.858     0.81    2.04
 301882.063    74.286     1.15    2.03
 302255.393    74.272    -0.04    1.77
 302628.745    74.317     0.12    2.46
 303002.119    74.402     0.23    2.81
 303375.514    74.861     1.23    2.97
 303748.931    74.990     0.35    2.72
 304122.370    75.095     0.28    2.71
 304495.830    74.569    -1.41    2.81
 304869.312    74.152    -1.12    2.77
 305242.816    74.555     1.08    2.18
 305616.342    74.288    -0.71    2.40
 305989.889    74.195    -0.25    2.20
 306363.458    74.599     1.08    2.26
 306737.049    74.414    -0.49    2.38
 307110.662    74.446     0.09    2.42
 307484.296    74.691     0.65    2.57
 307857.953    74.925     0.63    2.76
 308231.631    75.972     2.80    2.43
 308605.331    76.480     1.36    2.28
 308979.052    76.766     0.76    2.10
 309352.796    76.729    -0.10    1.95
 309726.561    75.642    -2.91    2.32
 310100.348    75.311    -0.89    2.48
 310474.157    75.052    -0.69    2.58
 310847.988    74.993    -0.16    2.56
 311221.840    75.272     0.75    2.55
 311595.715    75.425     0.41    2.73
 311969.611    75.458     0.09    2.36
 312343.529    74.925    -1.43    2.18
 312717.469    74.533    -1.05    2.05
 313091.431    74.563     0.08    2.08
 313465.415    75.033     1.26    2.37
 313839.420    75.612     1.55    2.20
 314213.448    76.175     1.50    2.50
 314587.497    75.988    -0.50    2.77
 314961.568    76.038     0.13    2.96
 315335.661    76.280     0.65    2.92
 315709.777    75.903    -1.01    2.63
 316083.913    75.338    -1.51    2.62
 316458.072    74.820    -1.38    2.74
 316832.253    74.470    -0.94    2.24
 317206.456    74.648     0.48    2.53
 317580.681    74.707     0.16    2.50
 317954.927    74.265    -1.18    2.61
 318329.196    74.210    -0.15    2.60
 318703.486    74.081    -0.35    2.36
