# NaN NaN NaN ;Mean Elev.(m), Avg Gradient(m/km), RMS Gradient(m/km) - SRTM1     
#  212.043   0.165   4.212 ;Mean Elev.(m), Avg Gradient(m/km), RMS Gradient(m/km) - ASTER GDEM
#  225.629   0.077   0.752 ;Mean Elev.(m), Avg Gradient(m/km), RMS Gradient(m/km) - GMTED2010 
  7   225.081 52445.07741319 19.08 305.929513 -23.774128  8.634
  7   224.700 52445.07741383 18.66 305.928693 -23.770838  8.634
  7   223.194 52445.07741448 18.40 305.927873 -23.767558  8.634
  7   223.485 52445.07741512 18.10 305.927053 -23.764268  8.634
  7   223.402 52445.07741577 19.21 305.926233 -23.760978  8.634
  7   223.680 52445.07741641 19.92 305.925413 -23.757688  8.634
  7   224.126 52445.07741706 19.89 305.924587 -23.754400  9.993
  7   224.661 52445.07741770 21.11 305.923767 -23.751110  9.993
  7   224.876 52445.07741835 29.12 305.922947 -23.747820  9.993
  8   223.573 52480.07740715 48.33 305.932545 -23.765959 14.054
  8   223.679 52480.07740779 52.55 305.931725 -23.762669 14.054
  8   223.732 52480.07740844 50.20 305.930905 -23.759379 14.054
  8   223.696 52480.07740908 51.80 305.930081 -23.756090 20.741
  8   223.674 52480.07740973 53.28 305.929261 -23.752800 20.741
  8   223.654 52480.07741037 54.76 305.928441 -23.749510 20.741
  8   223.656 52480.07741102 52.87 305.927621 -23.746230 20.741
  8   223.696 52480.07741166 50.92 305.926801 -23.742940 20.741
  9   225.270 52515.07735865 16.17 305.936772 -23.747839 13.275
  9   224.658 52515.07735929 14.27 305.935952 -23.744549 13.275
  9   224.881 52515.07735994 17.80 305.935132 -23.741259 13.275
  9   225.142 52515.07736058 20.54 305.934312 -23.737969 13.275
  9   225.529 52515.07736123 19.55 305.933492 -23.734679 13.275
  9   225.719 52515.07736187 19.24 305.932672 -23.731389 13.275
  9   225.715 52515.07736252 19.57 305.931852 -23.728099 13.275
  9   224.245 52515.07736316 24.05 305.931032 -23.724819 13.275
  9   224.190 52515.07736381 19.95 305.930212 -23.721529 13.275
  9   223.935 52515.07736445 19.23 305.929392 -23.718239 13.275
 11   223.998 52585.07738437 50.22 305.939577 -23.745845 29.354
 11   223.878 52585.07738501 37.95 305.938757 -23.742555 29.354
 11   224.053 52585.07738566 33.22 305.937936 -23.739265 20.738
 11   224.246 52585.07738630 44.09 305.937116 -23.735975 20.738
 11   224.166 52585.07738695 47.00 305.936296 -23.732685 20.738
 11   224.129 52585.07738759 41.65 305.935476 -23.729395 20.738
 11   224.230 52585.07738824 42.06 305.934656 -23.726115 20.738
 11   224.382 52585.07738888 42.45 305.933836 -23.722825 20.738
 11   224.382 52585.07738953 35.87 305.933016 -23.719535 20.738
 11   224.228 52585.07739017 25.70 305.932196 -23.716245 20.738
 11   224.613 52585.07739082 22.81 305.931376 -23.712955 20.738
 12   224.272 52620.07736095 39.51 305.932857 -23.765304 27.271
 12   224.325 52620.07736160 40.76 305.932037 -23.762014 27.271
 12   224.210 52620.07736224 40.86 305.931217 -23.758734 27.271
 12   224.242 52620.07736289 39.19 305.930397 -23.755444 27.271
 12   224.239 52620.07736353 33.81 305.929577 -23.752154 27.271
 12   224.218 52620.07736418 32.77 305.928760 -23.748863 14.018
 12   224.375 52620.07736482 29.37 305.927940 -23.745573 14.018
 12   224.564 52620.07736547 34.14 305.927120 -23.742283 14.018
 13   224.083 52655.07735392 49.96 305.940503 -23.747069 38.741
 13   224.132 52655.07735457 53.09 305.939683 -23.743779 38.741
 13   224.137 52655.07735521 54.24 305.938863 -23.740489 38.741
 13   224.260 52655.07735586 51.49 305.938043 -23.737199 38.741
 13   224.204 52655.07735650 52.37 305.937223 -23.733909 38.741
 13   224.194 52655.07735715 52.73 305.936403 -23.730619 38.741
 13   224.321 52655.07735779 51.16 305.935583 -23.727339 38.741
 13   224.267 52655.07735844 51.34 305.934763 -23.724049 38.741
 13   224.262 52655.07735908 49.10 305.933943 -23.720759 38.741
 13   224.485 52655.07735973 51.50 305.933123 -23.717469 38.741
 13   224.510 52655.07736037 52.13 305.932303 -23.714179 38.741
 13   224.506 52655.07736102 49.60 305.931483 -23.710889 38.741
 14   224.809 52690.07734469 51.35 305.933418 -23.760447 27.694
 14   224.817 52690.07734534 51.09 305.932598 -23.757157 27.694
 14   224.768 52690.07734598 51.25 305.931778 -23.753867 27.694
 14   224.858 52690.07734663 52.85 305.930958 -23.750577 27.694
 14   224.817 52690.07734727 53.25 305.930138 -23.747287 27.694
 14   224.836 52690.07734792 52.67 305.929318 -23.743997 27.694
 14   224.888 52690.07734856 49.38 305.928498 -23.740717 27.694
 15   224.626 52725.07739020 21.47 305.935461 -23.751458 12.413
 15   224.335 52725.07739084 21.59 305.934641 -23.748168 12.413
 15   224.450 52725.07739149 28.33 305.933821 -23.744878 12.413
 15   224.714 52725.07739213 39.14 305.933001 -23.741588 12.413
 15   224.948 52725.07739277 41.84 305.932181 -23.738298 12.413
 15   224.533 52725.07739342 36.09 305.931361 -23.735008 12.413
 16   224.255 52760.07740345 54.84 305.927392 -23.777546 35.611
 16   224.233 52760.07740410 53.28 305.926572 -23.774256 35.611
 16   224.212 52760.07740474 54.29 305.925752 -23.770966 35.611
 16   224.290 52760.07740539 51.16 305.924932 -23.767686 35.611
 16   224.402 52760.07740603 51.49 305.924112 -23.764396 35.611
 16   224.447 52760.07740668 51.60 305.923292 -23.761106 35.611
 16   224.485 52760.07740732 50.57 305.922472 -23.757816 35.611
 16   224.543 52760.07740861 50.41 305.920833 -23.751237 11.991
 17   223.941 52795.07736569 48.18 305.939951 -23.746012 28.653
 17   223.770 52795.07736634 44.97 305.939131 -23.742732 28.653
 17   223.672 52795.07736698 33.63 305.938311 -23.739442 28.653
 17   224.033 52795.07736763 41.18 305.937491 -23.736152 28.653
 17   223.874 52795.07736827 43.07 305.936671 -23.732862 28.653
 17   223.859 52795.07736892 40.60 305.935851 -23.729572 28.653
 17   224.010 52795.07736956 37.82 305.935031 -23.726282 28.653
 17   224.040 52795.07737021 38.94 305.934211 -23.723002 28.653
 17   224.017 52795.07737085 38.58 305.933391 -23.719712 28.653
 17   223.996 52795.07737150 25.77 305.932571 -23.716422 28.653
 17   224.561 52795.07737214 20.62 305.931751 -23.713132 28.653
 18   224.392 52830.07743268 15.28 305.941313 -23.744611 18.148
 18   224.145 52830.07743333 15.57 305.940493 -23.741331 18.148
 18   224.512 52830.07743397 15.97 305.939673 -23.738041 18.148
 18   224.277 52830.07743462 21.52 305.938853 -23.734751 18.148
 18   224.252 52830.07743526 30.12 305.938033 -23.731461 18.148
 18   224.115 52830.07743591 30.77 305.937213 -23.728171 18.148
 18   224.092 52830.07743655 28.87 305.936393 -23.724881 18.148
 18   223.992 52830.07743720 27.38 305.935573 -23.721601 18.148
 18   224.126 52830.07743784 20.21 305.934753 -23.718311 18.148
 18   224.761 52830.07743849 19.13 305.933933 -23.715021 18.148
 18   224.800 52830.07743913 17.46 305.933113 -23.711731 18.148
 18   224.875 52830.07743978 18.20 305.932293 -23.708441 18.148
 19   224.065 52865.07747658 50.61 305.942311 -23.745970 38.210
 19   224.131 52865.07747722 55.22 305.941491 -23.742680 38.210
 19   224.107 52865.07747787 50.56 305.940671 -23.739400 38.210
 19   224.067 52865.07747851 52.07 305.939851 -23.736110 38.210
 19   224.172 52865.07747916 47.67 305.939031 -23.732820 38.210
 19   224.087 52865.07747980 50.71 305.938211 -23.729530 38.210
 19   224.247 52865.07748045 47.62 305.937391 -23.726240 38.210
 19   224.191 52865.07748109 44.10 305.936571 -23.722950 38.210
 19   224.169 52865.07748173 40.93 305.935751 -23.719670 38.210
 19   224.271 52865.07748238 37.16 305.934931 -23.716380 38.210
 19   224.225 52865.07748302 36.62 305.934111 -23.713090 38.210
 19   224.288 52865.07748367 48.27 305.933291 -23.709800 38.210
 20   224.076 52900.07750303 52.94 305.933762 -23.760158 28.599
 20   224.213 52900.07750367 50.78 305.932942 -23.756868 28.599
 20   224.082 52900.07750432 52.43 305.932120 -23.753579 27.050
 20   224.258 52900.07750496 52.68 305.931300 -23.750289 27.050
 20   224.206 52900.07750561 52.25 305.930480 -23.746999 27.050
 20   224.116 52900.07750625 53.01 305.929660 -23.743719 27.050
 20   224.294 52900.07750689 52.11 305.928840 -23.740429 27.050
 21   224.033 52935.07744458 46.86 305.932875 -23.766407 22.802
 21   224.014 52935.07744523 49.93 305.932055 -23.763117 22.802
 21   224.120 52935.07744587 49.03 305.931235 -23.759837 22.802
 21   224.015 52935.07744652 49.89 305.930415 -23.756547 22.802
 21   224.126 52935.07744716 51.37 305.929595 -23.753257 22.802
 21   224.088 52935.07744781 53.90 305.928779 -23.749966 21.631
 21   224.199 52935.07744845 52.63 305.927959 -23.746676 21.631
 21   224.111 52935.07744909 49.62 305.927139 -23.743386 21.631
 22   223.444 52970.07746524 15.24 305.935561 -23.752895  8.856
 22   223.987 52970.07746588 15.85 305.934741 -23.749615  8.856
 22   224.671 52970.07746652 15.88 305.933921 -23.746325  8.856
 22   225.264 52970.07746717 16.70 305.933101 -23.743035  8.856
 22   225.303 52970.07746781 22.09 305.932281 -23.739745  8.856
 22   225.308 52970.07746846 26.88 305.931461 -23.736455  8.856
 23   225.401 53005.07747908 26.77 305.931887 -23.768497 42.944
 23   225.317 53005.07747973 23.84 305.931067 -23.765207 42.944
 23   225.245 53005.07748037 18.86 305.930247 -23.761917 42.944
 23   224.958 53005.07748101 17.78 305.929427 -23.758627 42.944
 23   224.694 53005.07748166 17.20 305.928602 -23.755338 12.353
 23   224.650 53005.07748230 18.77 305.927782 -23.752048 12.353
 23   225.085 53005.07748295 21.33 305.926962 -23.748758 12.353
 23   225.402 53005.07748359 25.98 305.926142 -23.745478 12.353
 24   223.816 53040.07743191 12.67 305.935003 -23.755255 16.095
 24   223.783 53040.07743256 14.96 305.934173 -23.751965 16.095
 24   224.098 53040.07743320 16.22 305.933353 -23.748685 16.095
 24   224.576 53040.07743385 18.66 305.932533 -23.745395 16.095
 24   224.814 53040.07743449 22.10 305.931713 -23.742105 16.095
 24   225.121 53040.07743514 25.12 305.930893 -23.738815 16.095
 25   224.701 53075.07746179 23.37 305.933279 -23.764021  4.152
 25   224.618 53075.07746244 17.20 305.932455 -23.760731 11.342
 25   224.308 53075.07746308 17.37 305.931635 -23.757441 11.342
 25   224.118 53075.07746373 19.84 305.930815 -23.754151 11.342
 25   224.228 53075.07746437 20.99 305.929995 -23.750861 11.342
 25   224.596 53075.07746502 21.87 305.929175 -23.747581 11.342
 25   224.972 53075.07746566 25.39 305.928355 -23.744291 11.342
 26   223.091 53110.07743229 14.96 305.933087 -23.760431  8.912
 26   223.356 53110.07743294 14.44 305.932267 -23.757141  8.912
 26   223.703 53110.07743358 14.79 305.931447 -23.753861  8.912
 26   224.168 53110.07743422 15.24 305.930627 -23.750571  8.912
 26   224.932 53110.07743487 15.45 305.929807 -23.747281  8.912
 26   225.360 53110.07743551 19.91 305.928987 -23.743991  8.912
 27   224.479 53145.07747501 53.15 305.934098 -23.757208 34.228
 27   224.383 53145.07747565 52.22 305.933278 -23.753928 34.228
 27   224.347 53145.07747630 49.68 305.932458 -23.750638 34.228
 27   224.327 53145.07747694 50.32 305.931638 -23.747348 34.228
 27   224.346 53145.07747759 52.35 305.930818 -23.744058 34.228
 27   224.252 53145.07747823 52.62 305.929998 -23.740768 34.228
 28   224.173 53180.07748924 42.33 305.936496 -23.747178 31.241
 28   224.260 53180.07748989 49.54 305.935676 -23.743898 31.241
 28   224.170 53180.07749053 52.67 305.934856 -23.740608 31.241
 28   224.304 53180.07749118 51.80 305.934036 -23.737318 31.241
 28   224.335 53180.07749182 51.73 305.933216 -23.734028 31.241
 28   224.278 53180.07749247 46.52 305.932396 -23.730738 31.241
 28   224.316 53180.07749311 51.02 305.931576 -23.727448 31.241
 28   224.461 53180.07749376 53.71 305.930756 -23.724158 31.241
 28   224.486 53180.07749440 54.02 305.929936 -23.720878 31.241
 28   224.473 53180.07749504 48.12 305.929116 -23.717588 31.241
 29   224.313 53215.07750917 53.69 305.933847 -23.757956 33.559
 29   224.188 53215.07750981 52.14 305.933022 -23.754666 27.904
 29   224.330 53215.07751046 51.53 305.932202 -23.751376 27.904
 29   224.291 53215.07751110 53.35 305.931382 -23.748086 27.904
 29   224.215 53215.07751175 54.20 305.930562 -23.744796 27.904
 29   224.385 53215.07751239 50.72 305.929742 -23.741516 27.904
 30   223.935 53250.07747895 52.11 305.934168 -23.761478 12.147
 30   223.996 53250.07747960 54.11 305.933349 -23.758189 28.334
 30   224.060 53250.07748024 50.60 305.932529 -23.754899 28.334
 30   224.115 53250.07748089 51.21 305.931709 -23.751609 28.334
 30   224.086 53250.07748153 52.25 305.930889 -23.748329 28.334
 30   224.057 53250.07748218 54.21 305.930069 -23.745039 28.334
 30   224.052 53250.07748282 51.03 305.929249 -23.741749 28.334
 31   223.990 53285.07747621 39.63 305.933473 -23.760186 28.818
 31   223.981 53285.07747685 39.22 305.932653 -23.756896 28.818
 31   223.858 53285.07747750 32.58 305.931833 -23.753606 28.818
 31   223.753 53285.07747814 29.92 305.931013 -23.750326 28.818
 31   223.725 53285.07747878 40.11 305.930193 -23.747036 28.818
 31   223.822 53285.07747943 45.87 305.929373 -23.743746 28.818
 31   223.916 53285.07748007 46.33 305.928553 -23.740456 28.818
 32   224.689 53320.07746304 45.74 305.940467 -23.745247 31.010
 32   224.595 53320.07746369 48.29 305.939647 -23.741957 31.010
 32   224.712 53320.07746433 45.85 305.938827 -23.738667 31.010
 32   224.625 53320.07746498 49.81 305.938007 -23.735387 31.010
 32   224.748 53320.07746562 50.54 305.937187 -23.732097 31.010
 32   224.675 53320.07746627 52.27 305.936367 -23.728807 31.010
 32   224.714 53320.07746691 50.66 305.935547 -23.725517 31.010
 32   224.801 53320.07746756 50.78 305.934727 -23.722227 31.010
 32   224.711 53320.07746820 47.22 305.933907 -23.718937 31.010
 32   224.930 53320.07746884 50.28 305.933087 -23.715647 31.010
 32   224.888 53320.07746949 50.99 305.932267 -23.712367 31.010
 33   224.469 53355.07743051 51.50 305.937628 -23.748995 35.883
 33   224.390 53355.07743115 54.59 305.936808 -23.745705 35.883
 33   224.562 53355.07743180 51.66 305.935988 -23.742415 35.883
 33   224.511 53355.07743244 52.18 305.935168 -23.739135 35.883
 33   224.630 53355.07743308 51.21 305.934348 -23.735845 35.883
 33   224.648 53355.07743373 52.71 305.933528 -23.732555 35.883
 33   224.619 53355.07743437 49.69 305.932708 -23.729265 35.883
 33   224.624 53355.07743502 52.51 305.931888 -23.725975 35.883
 33   224.748 53355.07743566 53.34 305.931068 -23.722685 35.883
 33   224.847 53355.07743631 52.53 305.930248 -23.719395 35.883
 33   224.870 53355.07743695 50.97 305.929428 -23.716115 35.883
 34   225.590 53390.07743683 48.75 305.936000 -23.752953 26.402
 34   225.750 53390.07743748 44.39 305.935180 -23.749673 26.402
 34   225.677 53390.07743812 34.06 305.934360 -23.746383 26.402
 34   225.169 53390.07743877 30.40 305.933540 -23.743093 26.402
 34   225.324 53390.07743941 35.04 305.932720 -23.739803 26.402
 34   225.387 53390.07744006 40.56 305.931900 -23.736513 26.402
 34   225.727 53390.07744328 30.42 305.927800 -23.720073 26.402
 35   225.165 53425.07743550 20.29 305.938028 -23.747845 18.063
 35   224.289 53425.07743614 15.62 305.937208 -23.744555 18.063
 35   224.475 53425.07743679 16.93 305.936388 -23.741265 18.063
 35   224.871 53425.07743743 20.02 305.935568 -23.737975 18.063
 35   224.167 53425.07743808 27.39 305.934748 -23.734685 18.063
 35   224.183 53425.07743872 33.39 305.933928 -23.731395 18.063
 35   224.336 53425.07743937 34.54 305.933108 -23.728105 18.063
 35   224.346 53425.07744001 30.48 305.932288 -23.724825 18.063
 35   224.232 53425.07744066 24.27 305.931468 -23.721535 18.063
 35   224.496 53425.07744130 20.52 305.930648 -23.718245 18.063
 35   224.858 53425.07744195 19.02 305.929828 -23.714955 18.063
 36   225.272 53460.07744115 50.10 305.940938 -23.745364 33.862
 36   225.401 53460.07744179 50.67 305.940118 -23.742074 33.862
 36   225.254 53460.07744244 52.32 305.939298 -23.738784 33.862
 36   225.353 53460.07744308 48.83 305.938478 -23.735494 33.862
 36   225.298 53460.07744373 51.13 305.937658 -23.732204 33.862
 36   225.298 53460.07744437 49.12 305.936838 -23.728914 33.862
 36   225.371 53460.07744502 43.89 305.936018 -23.725634 33.862
 36   225.384 53460.07744566 42.74 305.935198 -23.722344 33.862
 36   225.457 53460.07744631 47.43 305.934378 -23.719054 33.862
 36   225.498 53460.07744695 50.51 305.933558 -23.715764 33.862
 36   225.531 53460.07744760 48.75 305.932738 -23.712474 33.862
 36   225.564 53460.07744824 49.50 305.931918 -23.709184 33.862
 37   224.374 53495.07752232 52.87 305.931230 -23.767123 15.164
 37   224.300 53495.07752297 50.28 305.930410 -23.763833 15.164
 37   224.272 53495.07752361 49.84 305.929590 -23.760543 15.164
 37   224.260 53495.07752426 45.47 305.928763 -23.757256 21.648
 37   224.364 53495.07752490 48.61 305.927943 -23.753966 21.648
 37   224.302 53495.07752555 50.68 305.927123 -23.750676 21.648
 37   224.246 53495.07752619 51.14 305.926303 -23.747386 21.648
 37   224.299 53495.07752684 47.02 305.925483 -23.744106 21.648
 38   224.228 53530.07750179 51.58 305.938242 -23.745826 36.484
 38   224.339 53530.07750243 51.44 305.937422 -23.742536 36.484
 38   224.300 53530.07750308 51.57 305.936602 -23.739246 36.484
 38   224.263 53530.07750372 53.90 305.935782 -23.735956 36.484
 38   224.255 53530.07750437 52.39 305.934962 -23.732666 36.484
 38   224.196 53530.07750501 51.49 305.934142 -23.729376 36.484
 38   224.233 53530.07750566 53.51 305.933322 -23.726096 36.484
 38   224.312 53530.07750630 49.95 305.932502 -23.722806 36.484
 38   224.395 53530.07750695 49.99 305.931682 -23.719516 36.484
 38   224.452 53530.07750759 52.60 305.930862 -23.716226 36.484
 39   223.779 53565.07752708 39.37 305.931523 -23.770467 10.420
 39   223.648 53565.07752773 37.58 305.930703 -23.767177 10.420
 39   223.700 53565.07752837 25.09 305.929883 -23.763887 10.420
 39   223.733 53565.07752901 24.57 305.929063 -23.760597 10.420
 39   223.768 53565.07752966 23.67 305.928240 -23.757307 16.346
 39   223.697 53565.07753030 30.51 305.927420 -23.754017 16.346
 39   223.893 53565.07753095 41.84 305.926600 -23.750727 16.346
 39   223.936 53565.07753159 49.30 305.925780 -23.747437 16.346
 40   224.336 53600.07747223 51.48 305.935755 -23.753485 33.197
 40   224.233 53600.07747288 51.66 305.934935 -23.750195 33.197
 40   224.342 53600.07747352 52.16 305.934115 -23.746915 33.197
 40   224.267 53600.07747417 51.11 305.933295 -23.743625 33.197
 40   224.337 53600.07747481 48.91 305.932475 -23.740335 33.197
 40   224.408 53600.07747546 47.91 305.931655 -23.737045 33.197
 40   224.518 53600.07747868 43.34 305.927555 -23.720605 33.197
 41   223.944 53635.07746814 45.75 305.934380 -23.758595 21.849
 41   223.918 53635.07746879 41.01 305.933560 -23.755305 21.849
 41   223.927 53635.07746943 42.20 305.932740 -23.752015 21.849
 41   223.824 53635.07747008 34.60 305.931920 -23.748725 21.849
 41   223.707 53635.07747072 30.89 305.931100 -23.745445 21.849
 41   224.061 53635.07747137 27.38 305.930280 -23.742155 21.849
 41   225.440 53635.07747201 27.11 305.929460 -23.738865 21.849
 42   224.710 53670.07748821 47.25 305.932728 -23.765020 17.074
 42   224.786 53670.07748886 52.38 305.931918 -23.761730 17.074
 42   224.727 53670.07748950 50.73 305.931091 -23.758441 20.239
 42   224.608 53670.07749015 50.52 305.930271 -23.755151 20.239
 42   224.760 53670.07749079 50.25 305.929451 -23.751861 20.239
 42   224.635 53670.07749143 51.87 305.928631 -23.748581 20.239
 42   224.726 53670.07749208 51.81 305.927811 -23.745291 20.239
 43   224.165 53705.07742709 47.85 305.938632 -23.748027 36.278
 43   224.256 53705.07742773 51.81 305.937812 -23.744737 36.278
 43   224.218 53705.07742838 52.40 305.936992 -23.741447 36.278
 43   224.157 53705.07742902 53.41 305.936172 -23.738167 36.278
 43   224.259 53705.07742967 51.69 305.935352 -23.734877 36.278
 43   224.325 53705.07743031 50.76 305.934532 -23.731587 36.278
 43   224.328 53705.07743096 47.60 305.933712 -23.728297 36.278
 43   224.317 53705.07743160 52.05 305.932892 -23.725007 36.278
 43   224.320 53705.07743225 52.08 305.932072 -23.721717 36.278
 43   224.324 53705.07743289 49.72 305.931252 -23.718427 36.278
 43   224.416 53705.07743354 51.69 305.930432 -23.715147 36.278
 44   224.752 53740.07733781 38.82 305.935164 -23.750917 20.157
 44   224.599 53740.07733845 43.62 305.934334 -23.747627 20.157
 44   224.755 53740.07733910 41.28 305.933524 -23.744337 20.157
 44   224.769 53740.07733974 42.98 305.932704 -23.741057 20.157
 44   224.783 53740.07734039 39.76 305.931884 -23.737767 20.157
 45   224.256 53775.07735903 16.38 305.939587 -23.745918  4.788
 45   224.307 53775.07735968 15.73 305.938761 -23.742628 19.240
 45   224.769 53775.07736032 16.76 305.937941 -23.739338 19.240
 45   224.716 53775.07736097 21.02 305.937121 -23.736048 19.240
 45   224.554 53775.07736161 28.64 305.936301 -23.732768 19.240
 45   224.373 53775.07736226 27.65 305.935481 -23.729478 19.240
 45   224.471 53775.07736290 27.63 305.934661 -23.726188 19.240
 45   224.451 53775.07736355 26.80 305.933841 -23.722898 19.240
 45   224.706 53775.07736419 22.28 305.933021 -23.719608 19.240
 45   224.729 53775.07736484 18.40 305.932201 -23.716318 19.240
 45   225.026 53775.07736548 15.92 305.931381 -23.713028 19.240
 46   225.178 53810.07734032 53.83 305.934854 -23.752062 18.969
 46   225.177 53810.07734096 50.11 305.934034 -23.748772 18.969
 46   225.214 53810.07734160 52.83 305.933214 -23.745482 18.969
 46   225.232 53810.07734225 51.01 305.932394 -23.742192 18.969
 46   225.244 53810.07734289 51.26 305.931581 -23.738901 19.351
 46   225.259 53810.07734354 49.13 305.930751 -23.735611 19.351
 47   224.942 53845.07738301 52.40 305.935144 -23.758201 21.197
 47   225.078 53845.07738366 52.80 305.934324 -23.754911 21.197
 47   225.016 53845.07738430 47.29 305.933504 -23.751621 21.197
 47   225.081 53845.07738495 48.21 305.932685 -23.748332 21.310
 47   224.953 53845.07738559 49.06 305.931865 -23.745042 21.310
 47   224.947 53845.07738624 48.41 305.931045 -23.741752 21.310
 47   224.989 53845.07738688 52.03 305.930225 -23.738472 21.310
 48   224.506 53880.07741299 55.75 305.937831 -23.745125 34.810
 48   224.471 53880.07741364 52.24 305.937011 -23.741845 34.810
 48   224.567 53880.07741428 50.84 305.936191 -23.738555 34.810
 48   224.473 53880.07741493 52.19 305.935371 -23.735265 34.810
 48   224.547 53880.07741557 52.17 305.934551 -23.731975 34.810
 48   224.606 53880.07741622 49.53 305.933731 -23.728685 34.810
 48   224.686 53880.07741686 52.27 305.932911 -23.725395 34.810
 48   224.693 53880.07741751 49.49 305.932091 -23.722115 34.810
 48   224.708 53880.07741815 49.48 305.931271 -23.718825 34.810
 48   224.735 53880.07741880 50.17 305.930451 -23.715535 34.810
 49   224.401 53915.07746626 53.99 305.931083 -23.766864 23.256
 49   224.210 53915.07746691 53.64 305.930263 -23.763574 23.256
 49   224.374 53915.07746755 51.42 305.929443 -23.760294 23.256
 49   224.242 53915.07746819 51.14 305.928623 -23.757004 23.256
 49   224.341 53915.07746884 51.32 305.927803 -23.753714 23.256
 49   224.415 53915.07746948 45.65 305.926983 -23.750424 23.256
 49   224.333 53915.07747013 46.84 305.926159 -23.747135 14.356
 50   223.899 53950.07747470 51.48 305.929965 -23.773197 28.636
 50   224.059 53950.07747534 54.26 305.929145 -23.769907 28.636
 50   224.007 53950.07747599 51.89 305.928325 -23.766617 28.636
 50   224.005 53950.07747663 51.37 305.927505 -23.763327 28.636
 50   223.919 53950.07747728 54.11 305.926685 -23.760037 28.636
 50   224.012 53950.07747792 53.33 305.925865 -23.756757 28.636
 50   224.102 53950.07747856 50.20 305.925045 -23.753467 28.636
 50   224.118 53950.07747921 51.06 305.924225 -23.750177 28.636
 50   224.144 53950.07747985 50.65 305.923405 -23.746887 28.636
 51   223.857 53985.07741402 21.83 305.934410 -23.760110  8.530
 51   223.541 53985.07741466 23.43 305.933590 -23.756820  8.530
 51   223.803 53985.07741531 24.83 305.932770 -23.753530  8.530
 51   224.034 53985.07741595 28.02 305.931950 -23.750240  8.530
 51   224.368 53985.07741660 35.63 305.931130 -23.746960  8.530
 51   224.462 53985.07741724 36.76 305.930310 -23.743670  8.530
 51   224.628 53985.07741789 34.58 305.929490 -23.740380  8.530
 52   224.396 54020.07745348 46.02 305.936761 -23.748617  7.475
 52   224.535 54020.07745413 48.40 305.935941 -23.745327 26.419
 52   224.422 54020.07745477 47.29 305.935121 -23.742037 26.419
 52   224.491 54020.07745541 47.84 305.934301 -23.738747 26.419
 52   224.352 54020.07745606 48.91 305.933481 -23.735457 26.419
 52   224.422 54020.07745670 50.76 305.932661 -23.732177 26.419
 52   224.506 54020.07745735 49.14 305.931841 -23.728887 26.419
 52   224.591 54020.07745799 50.08 305.931021 -23.725597 26.419
 52   224.676 54020.07745864 48.47 305.930201 -23.722307 26.419
 52   224.741 54020.07745928 46.47 305.929381 -23.719017 26.419
 53   224.514 54055.07744492 51.03 305.942031 -23.744167 34.881
 53   224.612 54055.07744556 51.63 305.941211 -23.740877 34.881
 53   224.301 54055.07744620 52.73 305.940391 -23.737587 34.881
 53   224.429 54055.07744685 48.29 305.939571 -23.734307 34.881
 53   224.293 54055.07744749 53.03 305.938751 -23.731017 34.881
 53   224.422 54055.07744814 51.22 305.937931 -23.727727 34.881
 53   224.485 54055.07744878 51.09 305.937111 -23.724437 34.881
 53   224.469 54055.07744943 49.40 305.936291 -23.721147 34.881
 53   224.366 54055.07745007 46.46 305.935471 -23.717857 34.881
 53   224.519 54055.07745072 46.72 305.934651 -23.714567 34.881
 53   224.590 54055.07745136 45.46 305.933831 -23.711287 34.881
 53   224.588 54055.07745201 43.30 305.933011 -23.707997 34.881
 54   225.292 54090.07743249 12.58 305.933336 -23.746413  3.260
 54   225.275 54090.07743313 13.50 305.932516 -23.743123  3.260
 54   225.679 54090.07743378 16.13 305.931696 -23.739833  3.260
 54   225.340 54090.07743442 25.67 305.930879 -23.736542 11.891
 55   226.660 54125.07735986 48.44 305.937386 -23.746884 44.514
 55   226.716 54125.07736050 48.00 305.936566 -23.743594 44.514
 55   226.773 54125.07736115 50.98 305.935746 -23.740314 44.514
 55   226.825 54125.07736179 51.21 305.934926 -23.737024 44.514
 55   226.845 54125.07736244 50.95 305.934106 -23.733734 44.514
 55   226.894 54125.07736308 49.66 305.933286 -23.730444 44.514
 55   226.978 54125.07736373 50.96 305.932466 -23.727154 44.514
 55   227.025 54125.07736437 52.73 305.931646 -23.723864 44.514
 55   227.063 54125.07736502 50.58 305.930826 -23.720574 44.514
 55   227.095 54125.07736566 51.44 305.930006 -23.717294 44.514
 57   224.251 54195.07736083 14.42 305.937017 -23.748902 12.691
 57   224.319 54195.07736147 15.43 305.936197 -23.745612 12.691
 57   224.608 54195.07736212 16.97 305.935367 -23.742322 12.691
 57   224.954 54195.07736276 20.35 305.934557 -23.739032 12.691
 57   225.387 54195.07736340 19.89 305.933729 -23.735744 11.919
 57   225.874 54195.07736405 21.98 305.932909 -23.732454 11.919
 57   225.832 54195.07736469 23.59 305.932089 -23.729164 11.919
 57   224.597 54195.07736534 23.48 305.931269 -23.725874 11.919
 57   224.558 54195.07736598 20.36 305.930449 -23.722594 11.919
 57   224.658 54195.07736663 20.76 305.929629 -23.719304 11.919
 58   225.121 54230.07741115 18.61 305.935514 -23.752801 26.862
 58   224.526 54230.07741179 16.76 305.934694 -23.749511 26.862
 58   224.618 54230.07741243 17.66 305.933874 -23.746221 26.862
 58   225.063 54230.07741308 19.12 305.933054 -23.742941 26.862
 58   225.335 54230.07741372 22.37 305.932234 -23.739651 26.862
 58   225.320 54230.07741437 29.34 305.931414 -23.736361 26.862
 59   223.929 54265.07742980 39.46 305.935491 -23.751181 30.514
 59   224.075 54265.07743044 44.05 305.934671 -23.747891 30.514
 59   223.989 54265.07743109 48.40 305.933851 -23.744611 30.514
 59   224.154 54265.07743173 43.20 305.933031 -23.741321 30.514
 59   224.144 54265.07743237 48.82 305.932211 -23.738031 30.514
 59   224.110 54265.07743302 43.82 305.931391 -23.734741 30.514
 59   224.348 54265.07743560 45.94 305.928111 -23.721591 30.514
 61   224.065 54335.07742239 52.54 305.934867 -23.753099 37.754
 61   224.007 54335.07742304 50.04 305.934047 -23.749809 37.754
 61   223.999 54335.07742368 51.03 305.933227 -23.746519 37.754
 61   223.991 54335.07742433 51.87 305.932407 -23.743229 37.754
 61   223.934 54335.07742497 49.51 305.931587 -23.739949 37.754
 61   223.956 54335.07742562 47.44 305.930767 -23.736659 37.754
 63   224.139 54405.07736636 40.53 305.934539 -23.754155 25.442
 63   224.369 54405.07736700 41.77 305.933719 -23.750865 25.442
 63   224.291 54405.07736765 37.06 305.932899 -23.747575 25.442
 63   224.120 54405.07736829 29.56 305.932079 -23.744285 25.442
 63   224.075 54405.07736894 27.88 305.931259 -23.740995 25.442
 63   224.321 54405.07736958 36.76 305.930439 -23.737705 25.442
 64   224.273 54440.07732518 12.91 305.937214 -23.746307  8.305
 64   224.448 54440.07732583 13.73 305.936394 -23.743017  8.305
 64   225.118 54440.07732647 14.42 305.935574 -23.739727  8.305
 64   225.372 54440.07732711 16.66 305.934754 -23.736447  8.305
 64   225.865 54440.07732776 16.61 305.933934 -23.733157  8.305
 64   225.978 54440.07732840 19.90 305.933114 -23.729867  8.305
 64   224.146 54440.07732905 19.70 305.932294 -23.726577  8.305
 64   224.157 54440.07732969 16.70 305.931474 -23.723287  8.305
 64   224.503 54440.07733034 14.82 305.930654 -23.719997  8.305
 64   224.615 54440.07733098 24.38 305.929834 -23.716717  8.305
 65   224.452 54475.07735393 49.29 305.936952 -23.750983 13.561
 65   224.463 54475.07735458 52.61 305.936132 -23.747693 13.561
 65   224.495 54475.07735522 51.65 305.935312 -23.744403 13.561
 65   224.446 54475.07735587 53.72 305.934488 -23.741112 27.325
 65   224.496 54475.07735651 49.17 305.933668 -23.737822 27.325
 65   224.578 54475.07735716 53.46 305.932848 -23.734532 27.325
 65   224.497 54475.07735845 50.14 305.931208 -23.727962 27.325
 65   224.607 54475.07735909 51.56 305.930388 -23.724672 27.325
 65   224.682 54475.07735974 49.83 305.929568 -23.721382 27.325
 65   224.759 54475.07736038 46.55 305.928748 -23.718092 27.325
 66   224.245 54510.07733871 49.76 305.937414 -23.748880 24.922
 66   224.259 54510.07733936 52.53 305.936594 -23.745590 24.922
 66   224.276 54510.07734000 54.36 305.935774 -23.742300 24.922
 66   224.281 54510.07734065 52.91 305.934954 -23.739020 24.922
 66   224.281 54510.07734129 52.39 305.934134 -23.735730 24.922
 66   224.282 54510.07734193 52.26 305.933314 -23.732440 24.922
 66   224.405 54510.07734258 48.43 305.932494 -23.729150 24.922
 66   224.591 54510.07734322 51.74 305.931667 -23.725861 17.778
 66   224.637 54510.07734387 51.92 305.930847 -23.722571 17.778
 66   224.668 54510.07734451 53.72 305.930027 -23.719281 17.778
 66   224.680 54510.07734516 47.98 305.929207 -23.716001 17.778
 67   225.212 54545.07736805 21.57 305.934993 -23.751241 10.555
 67   225.074 54545.07736869 25.23 305.934173 -23.747961 10.555
 67   225.221 54545.07736934 24.80 305.933353 -23.744671 10.555
 67   225.235 54545.07736998 25.43 305.932533 -23.741381 10.555
 67   225.269 54545.07737063 27.62 305.931713 -23.738091 10.555
 68   225.463 54580.07733580 50.39 305.936507 -23.750487 35.065
 68   225.622 54580.07733645 46.35 305.935687 -23.747207 35.065
 68   225.452 54580.07733709 44.68 305.934867 -23.743917 35.065
 68   225.543 54580.07733774 46.62 305.934047 -23.740627 35.065
 68   225.644 54580.07733838 49.80 305.933227 -23.737337 35.065
 68   225.626 54580.07733903 52.35 305.932407 -23.734047 35.065
 68   225.739 54580.07734032 47.47 305.930767 -23.727477 35.065
 68   225.808 54580.07734096 51.12 305.929947 -23.724187 35.065
 68   225.834 54580.07734161 49.94 305.929127 -23.720897 35.065
 69   223.657 54615.07735824 15.49 305.935814 -23.751418 17.642
 69   223.605 54615.07735889 18.16 305.934994 -23.748128 17.642
 69   223.924 54615.07735953 19.43 305.934174 -23.744838 17.642
 69   223.505 54615.07736018 23.72 305.933354 -23.741548 17.642
 69   224.236 54615.07736082 22.86 305.932534 -23.738258 17.642
 69   224.360 54615.07736147 24.25 305.931714 -23.734968 17.642
 69   224.801 54615.07736405 39.70 305.928434 -23.721818 17.642
 70   224.346 54650.07736856 54.32 305.934901 -23.756539 30.109
 70   224.179 54650.07736920 52.73 305.934081 -23.753249 30.109
 70   224.249 54650.07736985 52.43 305.933261 -23.749959 30.109
 70   224.321 54650.07737049 52.41 305.932441 -23.746669 30.109
 70   224.311 54650.07737114 52.50 305.931621 -23.743379 30.109
 70   224.325 54650.07737178 53.87 305.930801 -23.740089 30.109
 71   223.536 54685.07736333 21.31 305.934332 -23.755004 10.842
 71   223.525 54685.07736397 22.62 305.933512 -23.751714 10.842
 71   223.605 54685.07736462 25.01 305.932692 -23.748434 10.842
 71   223.751 54685.07736526 28.11 305.931872 -23.745144 10.842
 71   223.829 54685.07736591 30.92 305.931052 -23.741854 10.842
 71   225.319 54685.07736655 31.26 305.930232 -23.738564 10.842
 72   224.421 54720.07731497 53.68 305.937211 -23.745768 34.270
 72   224.414 54720.07731562 51.04 305.936391 -23.742478 34.270
 72   224.431 54720.07731626 51.02 305.935571 -23.739188 34.270
 72   224.416 54720.07731691 51.06 305.934751 -23.735908 34.270
 72   224.397 54720.07731755 53.47 305.933931 -23.732618 34.270
 72   224.389 54720.07731820 50.69 305.933111 -23.729328 34.270
 72   224.543 54720.07731884 53.77 305.932291 -23.726038 34.270
 72   224.659 54720.07731949 54.31 305.931471 -23.722748 34.270
 72   224.680 54720.07732013 50.69 305.930651 -23.719458 34.270
 72   224.702 54720.07732078 48.65 305.929831 -23.716168 34.270
 73   224.196 54755.07733756 52.96 305.935438 -23.754393 34.768
 73   224.279 54755.07733820 51.21 305.934618 -23.751113 34.768
 73   224.160 54755.07733885 50.58 305.933798 -23.747823 34.768
 73   224.313 54755.07733949 51.96 305.932978 -23.744533 34.768
 73   224.205 54755.07734014 51.09 305.932158 -23.741243 34.768
 73   224.371 54755.07734078 52.82 305.931338 -23.737953 34.768
 74   224.437 54790.07730654 48.99 305.936617 -23.751331 25.820
 74   224.393 54790.07730719 50.80 305.935797 -23.748041 25.820
 74   224.444 54790.07730783 50.02 305.934977 -23.744751 25.820
 74   224.470 54790.07730848 50.18 305.934157 -23.741461 25.820
 74   224.515 54790.07730912 51.70 305.933337 -23.738181 25.820
 74   224.526 54790.07730977 49.60 305.932517 -23.734891 25.820
 74   224.621 54790.07731170 50.67 305.930049 -23.725023 12.708
 74   224.609 54790.07731234 51.42 305.929229 -23.721733 12.708
 74   224.593 54790.07731299 48.07 305.928409 -23.718443 12.708
 75   223.167 54825.07733406 17.56 305.936142 -23.750807 19.919
 75   222.942 54825.07733471 19.27 305.935322 -23.747517 19.919
 75   222.950 54825.07733535 22.51 305.934502 -23.744227 19.919
 75   223.087 54825.07733600 26.61 305.933682 -23.740937 19.919
 75   223.527 54825.07733664 30.18 305.932862 -23.737647 19.919
 75   223.847 54825.07733728 38.64 305.932042 -23.734357 19.919
 75   223.875 54825.07733922 42.28 305.929582 -23.724497 19.919
 75   223.841 54825.07733986 39.16 305.928762 -23.721207 19.919
 76   223.238 54860.07730149 28.32 305.937187 -23.746270 24.445
 76   223.772 54860.07730214 28.74 305.936367 -23.742980 24.445
 76   223.995 54860.07730278 30.81 305.935547 -23.739690 24.445
 76   224.279 54860.07730343 40.08 305.934727 -23.736400 24.445
 76   224.382 54860.07730407 46.67 305.933907 -23.733110 24.445
 76   224.483 54860.07730472 44.39 305.933087 -23.729830 24.445
 76   224.478 54860.07730536 43.05 305.932267 -23.726540 24.445
 76   224.498 54860.07730601 39.26 305.931447 -23.723250 24.445
 76   224.439 54860.07730665 37.41 305.930627 -23.719960 24.445
 76   224.419 54860.07730729 33.71 305.929801 -23.716670  7.156
 77   225.380 54895.07733396 49.04 305.934223 -23.757002 25.144
 77   225.220 54895.07733461 46.43 305.933403 -23.753712 25.144
 77   225.110 54895.07733525 45.72 305.932583 -23.750432 25.144
 77   225.253 54895.07733590 49.35 305.931763 -23.747142 25.144
 77   225.113 54895.07733654 49.94 305.930943 -23.743852 25.144
 77   225.174 54895.07733719 49.45 305.930123 -23.740562 25.144
 78   224.772 54930.07729870 33.20 305.935375 -23.750919 19.948
 78   224.552 54930.07729934 29.57 305.934555 -23.747629 19.948
 78   224.612 54930.07729999 32.46 305.933735 -23.744339 19.948
 78   224.809 54930.07730063 41.47 305.932915 -23.741049 19.948
 78   224.823 54930.07730128 49.45 305.932095 -23.737769 19.948
 78   224.747 54930.07730192 46.29 305.931275 -23.734479 19.948
 78   225.032 54930.07730450 44.13 305.927991 -23.721322  9.152
 79   224.264 54965.07733523 28.69 305.935236 -23.755590 18.610
 79   223.667 54965.07733588 24.90 305.934416 -23.752310 18.610
 79   223.615 54965.07733652 25.20 305.933596 -23.749020 18.610
 79   223.752 54965.07733717 26.58 305.932776 -23.745730 18.610
 79   224.069 54965.07733781 32.84 305.931956 -23.742440 18.610
 79   224.220 54965.07733846 44.04 305.931136 -23.739150 18.610
 80   224.372 55000.07735461 51.73 305.933875 -23.759562 30.312
 80   224.431 55000.07735525 53.28 305.933055 -23.756282 30.312
 80   224.499 55000.07735590 50.31 305.932235 -23.752992 30.312
 80   224.337 55000.07735654 50.89 305.931415 -23.749702 30.312
 80   224.454 55000.07735719 50.93 305.930595 -23.746412 30.312
 80   224.441 55000.07735783 48.08 305.929775 -23.743122 30.312
 80   224.486 55000.07735848 50.83 305.928955 -23.739832 30.312
 81   224.810 55035.07734108 13.42 305.936269 -23.750843 14.261
 81   224.455 55035.07734172 13.68 305.935449 -23.747553 14.261
 81   224.901 55035.07734237 14.66 305.934629 -23.744263 14.261
 81   225.526 55035.07734301 14.58 305.933809 -23.740973 14.261
 81   225.881 55035.07734365 18.38 305.932989 -23.737693 14.261
 81   226.030 55035.07734430 24.39 305.932169 -23.734403 14.261
 81   225.408 55035.07734623 21.53 305.929709 -23.724533 14.261
 81   224.492 55035.07734688 18.69 305.928889 -23.721243 14.261
 82   224.212 55070.07733086 53.95 305.934326 -23.755632 31.418
 82   224.314 55070.07733150 49.99 305.933506 -23.752352 31.418
 82   224.279 55070.07733215 49.49 305.932686 -23.749062 31.418
 82   224.329 55070.07733279 52.30 305.931866 -23.745772 31.418
 82   224.409 55070.07733344 51.88 305.931046 -23.742482 31.418
 82   224.400 55070.07733408 50.98 305.930226 -23.739192 31.418
 83   225.032 55105.07727315 49.98 305.935899 -23.751575 21.472
 83   224.842 55105.07727380 48.27 305.935079 -23.748285 21.472
 83   224.892 55105.07727444 50.34 305.934259 -23.744995 21.472
 83   224.949 55105.07727509 46.89 305.933439 -23.741705 21.472
 83   224.977 55105.07727573 49.21 305.932619 -23.738415 21.472
 83   225.023 55105.07727638 46.58 305.931799 -23.735135 21.472
 83   225.153 55105.07727895 46.63 305.928512 -23.721974 11.640
 84   224.838 55140.07727858 52.80 305.935175 -23.753678 35.874
 84   224.804 55140.07727923 52.09 305.934355 -23.750388 35.874
 84   224.777 55140.07727987 50.78 305.933535 -23.747098 35.874
 84   224.870 55140.07728052 51.60 305.932715 -23.743808 35.874
 84   224.867 55140.07728116 50.77 305.931895 -23.740518 35.874
 84   224.910 55140.07728181 51.60 305.931075 -23.737228 35.874
 85   225.422 55175.07724037 51.33 305.938084 -23.747256 37.076
 85   225.441 55175.07724101 51.07 305.937264 -23.743966 37.076
 85   225.463 55175.07724166 51.64 305.936444 -23.740676 37.076
 85   225.457 55175.07724230 48.01 305.935624 -23.737386 37.076
 85   225.468 55175.07724295 51.62 305.934804 -23.734106 37.076
 85   225.475 55175.07724359 49.35 305.933984 -23.730816 37.076
 85   225.498 55175.07724424 51.44 305.933164 -23.727526 37.076
 85   225.517 55175.07724488 53.27 305.932344 -23.724236 37.076
 85   225.538 55175.07724552 51.24 305.931524 -23.720946 37.076
 85   225.607 55175.07724617 51.70 305.930704 -23.717656 37.076
 85   225.650 55175.07724681 49.77 305.929884 -23.714376 37.076
 86   226.783 55210.07727490 50.81 305.935068 -23.751175 36.539
 86   226.811 55210.07727554 50.19 305.934248 -23.747885 36.539
 86   226.862 55210.07727619 51.76 305.933428 -23.744595 36.539
 86   226.890 55210.07727683 49.31 305.932608 -23.741305 36.539
 86   226.927 55210.07727748 50.96 305.931788 -23.738015 36.539
 86   226.940 55210.07727812 49.92 305.930968 -23.734725 36.539
 87   226.058 55245.07724655 51.93 305.935758 -23.749411 43.024
 87   226.078 55245.07724720 51.69 305.934938 -23.746121 43.024
 87   226.117 55245.07724784 51.91 305.934118 -23.742831 43.024
 87   226.134 55245.07724848 50.28 305.933298 -23.739541 43.024
 87   226.157 55245.07724913 53.00 305.932478 -23.736251 43.024
 87   226.412 55245.07725171 48.90 305.929198 -23.723101 43.024
 87   226.449 55245.07725235 47.76 305.928374 -23.719810 10.329
 88   225.021 55280.07726715 22.89 305.934361 -23.755656 14.698
 88   224.747 55280.07726779 18.88 305.933541 -23.752366 14.698
 88   224.674 55280.07726844 16.69 305.932721 -23.749086 14.698
 88   224.796 55280.07726908 17.39 305.931901 -23.745796 14.698
 88   225.390 55280.07726973 19.15 305.931081 -23.742506 14.698
 88   225.544 55280.07727037 27.05 305.930261 -23.739216 14.698
 89   224.920 55315.07723388 18.16 305.934666 -23.753004 15.595
 89   224.790 55315.07723452 17.97 305.933846 -23.749714 15.595
 89   224.775 55315.07723517 20.24 305.933026 -23.746424 15.595
 89   224.909 55315.07723581 22.62 305.932206 -23.743134 15.595
 89   225.070 55315.07723646 28.19 305.931386 -23.739844 15.595
 89   225.141 55315.07723710 35.39 305.930566 -23.736564 15.595
 90   224.411 55350.07723927 54.41 305.935185 -23.755966 29.027
 90   224.389 55350.07723991 52.57 305.934365 -23.752676 29.027
 90   224.380 55350.07724055 51.86 305.933545 -23.749386 29.027
 90   224.495 55350.07724120 51.10 305.932725 -23.746096 29.027
 90   224.531 55350.07724184 50.04 305.931905 -23.742806 29.027
 90   224.545 55350.07724249 52.38 305.931085 -23.739516 29.027
 91   224.329 55385.07723306 51.84 305.935511 -23.750801 26.281
 91   224.259 55385.07723371 51.24 305.934691 -23.747511 26.281
 91   224.180 55385.07723435 53.97 305.933871 -23.744221 26.281
 91   224.300 55385.07723499 50.90 305.933051 -23.740931 26.281
 91   224.201 55385.07723564 52.27 305.932231 -23.737641 26.281
 91   224.301 55385.07723628 43.89 305.931411 -23.734361 26.281
 91   224.283 55385.07723886 46.04 305.928126 -23.721202 12.901
 92   224.481 55420.07725851 36.26 305.935659 -23.750525 22.405
 92   224.300 55420.07725916 35.12 305.934839 -23.747235 22.405
 92   224.404 55420.07725980 36.56 305.934019 -23.743945 22.405
 92   224.465 55420.07726045 38.94 305.933199 -23.740655 22.405
 92   224.487 55420.07726109 35.72 305.932379 -23.737365 22.405
 92   224.228 55420.07726174 31.13 305.931559 -23.734075 22.405
 92   224.719 55420.07726432 43.60 305.928279 -23.720925 22.405
 93   224.289 55455.07723451 52.55 305.935000 -23.758167 25.720
 93   224.210 55455.07723516 52.00 305.934180 -23.754877 25.720
 93   224.097 55455.07723580 51.32 305.933360 -23.751587 25.720
 93   224.171 55455.07723644 52.22 305.932540 -23.748297 25.720
 93   224.058 55455.07723709 51.83 305.931720 -23.745017 25.720
 93   224.136 55455.07723773 46.65 305.930900 -23.741727 25.720
 93   224.239 55455.07723838 49.39 305.930080 -23.738437 25.720
