# NaN NaN NaN ;Mean Elev.(m), Avg Gradient(m/km), RMS Gradient(m/km) - SRTM1     
#   53.462   0.037   3.211 ;Mean Elev.(m), Avg Gradient(m/km), RMS Gradient(m/km) - ASTER GDEM
#   53.869  -0.052   3.645 ;Mean Elev.(m), Avg Gradient(m/km), RMS Gradient(m/km) - GMTED2010 
  8    65.407 52489.08863594 21.71 302.565559 -27.436731 37.313
  8    53.883 52489.08863658 22.35 302.564709 -27.433451 37.313
  8    62.757 52489.08863723 22.94 302.563850 -27.430166 33.049
  8    55.207 52489.08863787 29.23 302.562990 -27.426886 33.049
  8    54.080 52489.08864174 44.18 302.557850 -27.407186 33.049
  8    53.543 52489.08864239 34.93 302.556990 -27.403906 33.049
  8    53.494 52489.08864303 25.61 302.556140 -27.400616 33.049
  8    53.971 52489.08864368 29.13 302.555280 -27.397336 33.049
  8    54.018 52489.08864432 39.42 302.554430 -27.394046 33.049
  8    53.987 52489.08864497 45.06 302.553570 -27.390766 33.049
  9    68.226 52524.08861116 16.22 302.560699 -27.439215 18.350
  9    53.491 52524.08861180 26.40 302.559839 -27.435935 18.350
  9    53.245 52524.08861245 24.23 302.558979 -27.432645 18.350
  9    54.314 52524.08861309 20.97 302.558129 -27.429365 18.350
  9    53.834 52524.08861760 24.42 302.552129 -27.406389 23.827
  9    53.382 52524.08861825 19.23 302.551269 -27.403099 23.827
  9    53.026 52524.08861889 20.46 302.550419 -27.399819 23.827
  9    53.560 52524.08861954 21.50 302.549559 -27.396539 23.827
  9    53.626 52524.08862018 24.14 302.548709 -27.393249 23.827
  9    54.029 52524.08862083 28.86 302.547849 -27.389969 23.827
 10    68.086 52559.08866113 22.09 302.561132 -27.437381 31.125
 10    67.473 52559.08866178 18.72 302.560282 -27.434101 31.125
 10    66.776 52559.08866242 18.93 302.559422 -27.430821 31.125
 10    60.499 52559.08866306 23.35 302.558562 -27.427541 31.125
 10    54.437 52559.08866693 34.20 302.553422 -27.407836 30.963
 10    54.192 52559.08866758 24.68 302.552562 -27.404556 30.963
 10    54.129 52559.08866822 21.31 302.551712 -27.401276 30.963
 10    54.601 52559.08866887 18.88 302.550852 -27.397986 30.963
 10    54.769 52559.08866951 24.47 302.549992 -27.394706 30.963
 10    54.694 52559.08867016 29.10 302.549142 -27.391426 30.963
 11    60.651 52594.08866349 17.22 302.556852 -27.439335 21.079
 11    54.472 52594.08866413 19.44 302.555992 -27.436055 21.079
 11    54.600 52594.08866477 24.65 302.555132 -27.432765 21.079
 11    54.820 52594.08866542 38.88 302.554272 -27.429485 21.079
 11    54.393 52594.08866993 28.93 302.548273 -27.406509 30.654
 11    54.392 52594.08867058 22.57 302.547423 -27.403219 30.654
 11    54.500 52594.08867122 22.57 302.546563 -27.399939 30.654
 11    54.658 52594.08867187 24.39 302.545703 -27.396659 30.654
 11    54.912 52594.08867251 30.50 302.544853 -27.393369 30.654
 11    54.790 52594.08867316 43.80 302.543993 -27.390089 30.654
 12    54.116 52629.08859110 47.63 302.570021 -27.435589 36.446
 12    53.922 52629.08859174 35.63 302.569161 -27.432299 36.446
 12    55.218 52629.08859239 24.59 302.568301 -27.429019 36.446
 12    55.792 52629.08859303 35.31 302.567444 -27.425736 29.722
 12    54.663 52629.08859625 33.38 302.563164 -27.409316 29.722
 12    54.526 52629.08859690 22.34 302.562304 -27.406036 29.722
 12    54.215 52629.08859754 21.76 302.561444 -27.402756 29.722
 12    54.289 52629.08859819 23.55 302.560584 -27.399466 29.722
 12    55.435 52629.08859883 28.78 302.559734 -27.396186 29.722
 12    54.456 52629.08859948 43.50 302.558874 -27.392906 29.722
 13    54.782 52664.08862523 41.11 302.561407 -27.439181 19.548
 13    54.578 52664.08862588 33.70 302.560547 -27.435901 19.548
 13    54.740 52664.08862652 22.94 302.559697 -27.432611 19.548
 13    55.081 52664.08862717 21.67 302.558837 -27.429331 19.548
 13    54.646 52664.08863168 26.32 302.552839 -27.406346 26.673
 13    54.340 52664.08863232 20.16 302.551979 -27.403066 26.673
 13    54.475 52664.08863297 20.82 302.551119 -27.399786 26.673
 13    54.820 52664.08863361 19.91 302.550269 -27.396496 26.673
 13    54.765 52664.08863426 27.98 302.549409 -27.393216 26.673
 13    54.680 52664.08863490 33.65 302.548549 -27.389936 26.673
 14    65.751 52699.08860041 21.52 302.570869 -27.435538 15.394
 14    65.451 52699.08860106 19.24 302.570009 -27.432258 15.394
 14    56.187 52699.08860170 23.43 302.569149 -27.428968 15.394
 14    56.415 52699.08860235 34.02 302.568289 -27.425688 15.394
 14    55.913 52699.08860557 36.94 302.564004 -27.409274 28.480
 14    55.854 52699.08860621 25.11 302.563154 -27.405994 28.480
 14    55.661 52699.08860686 21.80 302.562294 -27.402704 28.480
 14    56.271 52699.08860750 22.94 302.561434 -27.399424 28.480
 14    56.635 52699.08860815 38.96 302.560574 -27.396144 28.480
 14    56.539 52699.08860879 41.15 302.559724 -27.392854 28.480
 15    65.738 52734.08862588 18.28 302.568831 -27.436684 11.595
 15    64.956 52734.08862653 19.44 302.567971 -27.433404 11.595
 15    64.708 52734.08862717 17.67 302.567121 -27.430114 11.595
 15    55.463 52734.08862781 27.51 302.566261 -27.426834 11.595
 15    54.379 52734.08863168 28.42 302.561121 -27.407134 11.595
 15    54.135 52734.08863233 20.61 302.560261 -27.403844 11.595
 15    54.522 52734.08863297 20.92 302.559411 -27.400564 11.595
 15    54.610 52734.08863362 27.49 302.558551 -27.397284 11.595
 15    54.642 52734.08863426 36.48 302.557690 -27.393998 17.317
 16    53.805 52769.08862381 19.16 302.557930 -27.437590 14.672
 16    53.732 52769.08862446 22.39 302.557070 -27.434310 14.672
 16    54.335 52769.08862510 21.78 302.556210 -27.431030 14.672
 16    54.145 52769.08862575 30.25 302.555350 -27.427750 14.672
 16    54.198 52769.08862961 35.53 302.550212 -27.408045 23.866
 16    54.045 52769.08863026 25.14 302.549362 -27.404765 23.866
 16    53.711 52769.08863090 22.12 302.548502 -27.401485 23.866
 16    54.119 52769.08863155 24.21 302.547642 -27.398195 23.866
 16    53.860 52769.08863219 25.51 302.546792 -27.394915 23.866
 16    54.278 52769.08863284 28.91 302.545932 -27.391635 23.866
 17    54.413 52804.08865071 28.85 302.565710 -27.437886  7.010
 17    54.103 52804.08865136 26.08 302.564850 -27.434596  7.010
 17    54.049 52804.08865200 21.45 302.563990 -27.431316  7.010
 17    54.618 52804.08865265 19.84 302.563131 -27.428033 31.064
 17    54.462 52804.08865651 36.09 302.557991 -27.408333 31.064
 17    54.406 52804.08865716 26.09 302.557131 -27.405053 31.064
 17    54.109 52804.08865780 21.25 302.556271 -27.401763 31.064
 17    54.408 52804.08865845 25.22 302.555421 -27.398483 31.064
 17    54.546 52804.08865909 39.20 302.554561 -27.395203 31.064
 17    54.386 52804.08865974 49.44 302.553701 -27.391913 31.064
 18    53.741 52839.08871353 22.26 302.566445 -27.436891  6.258
 18    53.805 52839.08871417 23.86 302.565585 -27.433611  6.258
 18    53.852 52839.08871482 23.18 302.564725 -27.430321  6.258
 18    54.069 52839.08871546 28.82 302.563865 -27.427041  6.258
 18    53.623 52839.08871933 35.95 302.558730 -27.407338 28.084
 18    53.640 52839.08871997 24.06 302.557870 -27.404058 28.084
 18    53.446 52839.08872062 27.90 302.557010 -27.400778 28.084
 18    53.717 52839.08872126 37.46 302.556150 -27.397498 28.084
 18    53.692 52839.08872191 46.26 302.555300 -27.394208 28.084
 18    53.751 52839.08872255 48.33 302.554440 -27.390928 28.084
 19    53.585 52874.08875324 15.16 302.564319 -27.435747  7.125
 19    53.725 52874.08875388 17.17 302.563459 -27.432467  7.125
 19    53.941 52874.08875453 14.16 302.562599 -27.429177  7.125
 19    54.146 52874.08875517 24.19 302.561749 -27.425897  7.125
 19    53.411 52874.08875904 23.79 302.556597 -27.406193 28.925
 19    53.162 52874.08875968 14.80 302.555747 -27.402913 28.925
 19    53.581 52874.08876033 18.71 302.554887 -27.399633 28.925
 19    53.574 52874.08876097 30.59 302.554027 -27.396353 28.925
 19    53.640 52874.08876162 21.49 302.553177 -27.393063 28.925
 21    67.446 52944.08866441 17.28 302.573144 -27.434680 17.060
 21    67.110 52944.08866506 15.74 302.572284 -27.431390 17.060
 21    54.189 52944.08866570 23.57 302.571434 -27.428110 17.060
 21    54.342 52944.08866635 28.72 302.570574 -27.424830 17.060
 21    54.162 52944.08866957 24.70 302.566284 -27.408410 17.060
 21    53.903 52944.08867021 19.88 302.565424 -27.405130 17.060
 21    53.586 52944.08867086 21.10 302.564570 -27.401846 21.537
 21    54.012 52944.08867150 20.95 302.563710 -27.398566 21.537
 21    54.463 52944.08867215 28.13 302.562860 -27.395276 21.537
 22    54.570 52979.08871849 46.86 302.565969 -27.438076 34.650
 22    54.345 52979.08871913 43.20 302.565109 -27.434786 34.650
 22    54.002 52979.08871978 29.13 302.564249 -27.431506 34.650
 22    53.730 52979.08872042 26.41 302.563389 -27.428216 34.650
 22    54.625 52979.08872429 37.47 302.558249 -27.408526 34.650
 22    54.253 52979.08872494 33.56 302.557389 -27.405236 34.650
 22    54.181 52979.08872558 23.18 302.556539 -27.401956 34.650
 22    54.501 52979.08872623 21.92 302.555680 -27.398671 26.221
 22    54.758 52979.08872687 36.36 302.554820 -27.395391 26.221
 22    54.525 52979.08872751 45.55 302.553970 -27.392111 26.221
 23    54.810 53014.08871661 41.91 302.559616 -27.438694 30.266
 23    54.768 53014.08871726 42.93 302.558756 -27.435414 30.266
 23    54.593 53014.08871790 35.19 302.557896 -27.432124 30.266
 23    54.999 53014.08871854 39.93 302.557046 -27.428844 30.266
 23    54.848 53014.08872306 50.42 302.551043 -27.405869 37.908
 23    54.832 53014.08872370 52.59 302.550193 -27.402579 37.908
 23    54.965 53014.08872435 50.72 302.549333 -27.399299 37.908
 23    54.866 53014.08872499 51.29 302.548473 -27.396019 37.908
 23    55.018 53014.08872564 49.53 302.547623 -27.392729 37.908
 23    54.666 53014.08872628 51.81 302.546763 -27.389449 37.908
 24    53.552 53049.08868919 21.21 302.565397 -27.435952 13.609
 24    53.862 53049.08868983 21.03 302.564537 -27.432672 13.609
 24    54.373 53049.08869048 21.88 302.563687 -27.429392 13.609
 24    55.215 53049.08869112 26.44 302.562827 -27.426112 13.609
 24    53.904 53049.08869499 24.98 302.557683 -27.406407 23.935
 24    53.624 53049.08869563 20.67 302.556823 -27.403127 23.935
 24    53.852 53049.08869628 24.35 302.555973 -27.399847 23.935
 24    54.199 53049.08869692 31.14 302.555113 -27.396557 23.935
 24    54.138 53049.08869757 46.71 302.554253 -27.393277 23.935
 25    54.137 53084.08872383 45.69 302.555366 -27.440470 14.568
 25    53.859 53084.08872448 42.89 302.554506 -27.437190 14.568
 25    53.775 53084.08872512 29.28 302.553656 -27.433900 14.568
 25    53.919 53084.08872577 35.62 302.552796 -27.430620 14.568
 25    53.844 53084.08873028 44.81 302.546801 -27.407634 26.826
 25    53.666 53084.08873093 35.65 302.545941 -27.404354 26.826
 25    53.668 53084.08873157 23.75 302.545081 -27.401074 26.826
 25    53.977 53084.08873222 27.28 302.544231 -27.397784 26.826
 25    53.780 53084.08873286 25.92 302.543371 -27.394504 26.826
 25    53.724 53084.08873351 24.02 302.542511 -27.391224 26.826
 25    53.848 53084.08873415 28.73 302.541661 -27.387934 26.826
 26    62.701 53119.08869447 22.23 302.561746 -27.437476  6.353
 26    62.226 53119.08869511 18.52 302.560886 -27.434186  6.353
 26    61.682 53119.08869576 17.83 302.560036 -27.430906  6.353
 26    62.464 53119.08869640 18.13 302.559176 -27.427626  6.353
 26    53.430 53119.08870027 43.44 302.554033 -27.407924 20.326
 26    53.802 53119.08870091 20.92 302.553173 -27.404644 20.326
 26    53.990 53119.08870156 19.89 302.552323 -27.401354 20.326
 26    54.404 53119.08870220 19.03 302.551463 -27.398074 20.326
 26    54.420 53119.08870285 20.51 302.550603 -27.394794 20.326
 26    54.354 53119.08870349 25.01 302.549743 -27.391504 20.326
 27    54.502 53154.08874614 17.52 302.558477 -27.439263  7.802
 27    54.464 53154.08874678 20.08 302.557617 -27.435983  7.802
 27    54.648 53154.08874743 21.98 302.556757 -27.432703  7.802
 27    54.777 53154.08874807 33.19 302.555897 -27.429413  7.802
 27    54.372 53154.08875258 26.69 302.549905 -27.406439 26.629
 27    54.567 53154.08875323 25.48 302.549045 -27.403149 26.629
 27    54.550 53154.08875387 28.47 302.548185 -27.399869 26.629
 27    54.557 53154.08875452 33.99 302.547335 -27.396589 26.629
 27    54.524 53154.08875516 45.93 302.546475 -27.393299 26.629
 27    54.676 53154.08875581 50.35 302.545615 -27.390019 26.629
 28    53.941 53189.08873555 49.49 302.569463 -27.436447 22.495
 28    53.966 53189.08873620 39.56 302.568603 -27.433167 22.495
 28    54.273 53189.08873684 43.15 302.567743 -27.429877 22.495
 28    54.175 53189.08873749 50.52 302.566893 -27.426597 22.495
 28    53.971 53189.08874135 34.74 302.561752 -27.406892 35.700
 28    54.155 53189.08874200 43.00 302.560892 -27.403612 35.700
 28    54.069 53189.08874264 46.44 302.560032 -27.400332 35.700
 28    54.079 53189.08874329 45.41 302.559172 -27.397042 35.700
 28    54.033 53189.08874393 47.25 302.558322 -27.393762 35.700
 29    68.386 53224.08874962 14.86 302.564233 -27.437344 23.478
 29    66.539 53224.08875026 16.11 302.563373 -27.434054 23.478
 29    62.276 53224.08875091 18.79 302.562523 -27.430774 23.478
 29    55.114 53224.08875155 25.85 302.561663 -27.427494 23.478
 29    54.373 53224.08875542 36.06 302.556518 -27.407798 29.937
 29    54.216 53224.08875606 23.23 302.555668 -27.404508 29.937
 29    53.983 53224.08875671 22.28 302.554808 -27.401228 29.937
 29    54.508 53224.08875735 22.94 302.553948 -27.397948 29.937
 29    54.545 53224.08875800 27.30 302.553098 -27.394658 29.937
 29    54.269 53224.08875864 36.49 302.552238 -27.391378 29.937
 30    53.576 53259.08872428 23.05 302.557077 -27.440555  8.269
 30    53.343 53259.08872492 18.88 302.556217 -27.437275  8.269
 30    53.162 53259.08872557 20.35 302.555357 -27.433985  8.269
 30    53.814 53259.08872621 19.18 302.554507 -27.430705  8.269
 30    54.452 53259.08872686 20.91 302.553647 -27.427425  8.269
 30    53.723 53259.08873073 27.70 302.548507 -27.407729 27.467
 30    53.640 53259.08873137 18.85 302.547647 -27.404439 27.467
 30    53.366 53259.08873201 22.05 302.546797 -27.401159 27.467
 30    53.462 53259.08873266 23.22 302.545937 -27.397879 27.467
 30    53.433 53259.08873330 24.63 302.545087 -27.394589 27.467
 30    53.698 53259.08873395 28.05 302.544227 -27.391309 27.467
 31    68.302 53294.08874917 19.94 302.557371 -27.438681 27.374
 31    67.919 53294.08874982 17.40 302.556521 -27.435401 27.374
 31    67.452 53294.08875046 16.18 302.555661 -27.432121 27.374
 31    65.404 53294.08875111 19.34 302.554801 -27.428831 27.374
 31    53.885 53294.08875562 23.63 302.548806 -27.405847 25.784
 31    53.788 53294.08875627 18.85 302.547946 -27.402567 25.784
 31    54.038 53294.08875691 16.65 302.547086 -27.399287 25.784
 31    54.147 53294.08875755 19.05 302.546236 -27.395997 25.784
 31    54.169 53294.08875820 25.53 302.545376 -27.392717 25.784
 31    54.166 53294.08875884 29.10 302.544516 -27.389437 25.784
 32    55.576 53329.08872271 50.70 302.564008 -27.436458 41.461
 32    55.396 53329.08872336 34.22 302.563148 -27.433178 41.461
 32    55.020 53329.08872400 25.95 302.562288 -27.429888 41.461
 32    55.915 53329.08872464 27.48 302.561428 -27.426608 41.461
 32    55.394 53329.08872851 28.66 302.556290 -27.406912 33.781
 32    55.153 53329.08872916 22.24 302.555430 -27.403632 33.781
 32    55.225 53329.08872980 21.00 302.554580 -27.400342 33.781
 32    55.791 53329.08873045 22.65 302.553720 -27.397062 33.781
 32    55.770 53329.08873109 35.59 302.552860 -27.393782 33.781
 32    55.721 53329.08873174 45.43 302.552010 -27.390492 33.781
 33    54.440 53364.08867435 49.43 302.564395 -27.436588 25.346
 33    54.533 53364.08867499 51.63 302.563545 -27.433298 25.346
 33    54.690 53364.08867564 49.48 302.562685 -27.430018 25.346
 33    54.516 53364.08867628 51.59 302.561825 -27.426738 25.346
 33    54.584 53364.08868015 48.30 302.556684 -27.407042 36.183
 33    54.625 53364.08868080 50.69 302.555834 -27.403752 36.183
 33    54.584 53364.08868144 50.27 302.554974 -27.400472 36.183
 33    54.477 53364.08868209 52.88 302.554114 -27.397192 36.183
 33    54.374 53364.08868273 51.24 302.553264 -27.393902 36.183
 33    54.520 53364.08868338 45.38 302.552404 -27.390622 36.183
 35    53.932 53434.08868835 42.91 302.563412 -27.436921  9.526
 35    62.677 53434.08868899 29.92 302.562562 -27.433641  9.526
 35    62.432 53434.08868963 23.53 302.561702 -27.430361  9.526
 35    55.415 53434.08869028 25.92 302.560842 -27.427071  9.526
 35    54.257 53434.08869415 50.48 302.555709 -27.407375 31.312
 35    54.149 53434.08869479 52.30 302.554849 -27.404095 31.312
 35    54.107 53434.08869544 52.85 302.553989 -27.400815 31.312
 35    54.212 53434.08869608 50.29 302.553139 -27.397525 31.312
 35    54.149 53434.08869673 50.67 302.552279 -27.394245 31.312
 35    54.100 53434.08869737 48.20 302.551419 -27.390965 31.312
 36    63.074 53469.08872988 25.93 302.563720 -27.437563 35.366
 36    62.740 53469.08873053 27.50 302.562860 -27.434283 35.366
 36    62.502 53469.08873117 31.10 302.562000 -27.430993 35.366
 36    61.966 53469.08873181 20.76 302.561140 -27.427713 35.366
 36    54.045 53469.08873568 35.32 302.556004 -27.408010 24.364
 36    54.001 53469.08873633 20.24 302.555144 -27.404730 24.364
 36    54.084 53469.08873697 17.79 302.554284 -27.401450 24.364
 36    54.652 53469.08873762 22.40 302.553434 -27.398170 24.364
 36    54.626 53469.08873826 25.09 302.552574 -27.394880 24.364
 36    54.680 53469.08873891 26.74 302.551714 -27.391600 24.364
 37    68.130 53504.08877448 30.01 302.558526 -27.439152 36.394
 37    53.683 53504.08877512 36.37 302.557666 -27.435872 36.394
 37    53.821 53504.08877577 46.78 302.556816 -27.432582 36.394
 37    53.898 53504.08877641 46.34 302.555956 -27.429302 36.394
 37    53.791 53504.08878093 37.35 302.549959 -27.406319 29.766
 37    53.667 53504.08878157 42.88 302.549099 -27.403039 29.766
 37    53.760 53504.08878222 32.26 302.548239 -27.399749 29.766
 37    53.868 53504.08878286 40.51 302.547389 -27.396469 29.766
 37    53.814 53504.08878351 44.88 302.546529 -27.393189 29.766
 37    53.772 53504.08878415 48.74 302.545669 -27.389899 29.766
 38    68.283 53539.08877245 28.92 302.561652 -27.439040 34.689
 38    67.659 53539.08877309 25.89 302.560792 -27.435760 34.689
 38    62.299 53539.08877374 20.17 302.559932 -27.432480 34.689
 38    66.020 53539.08877438 18.41 302.559072 -27.429190 34.689
 38    54.319 53539.08877889 35.87 302.553073 -27.406215 24.084
 38    54.204 53539.08877954 21.41 302.552223 -27.402925 24.084
 38    54.421 53539.08878018 19.12 302.551363 -27.399645 24.084
 38    54.515 53539.08878083 20.34 302.550503 -27.396365 24.084
 38    54.777 53539.08878147 23.45 302.549653 -27.393075 24.084
 38    54.622 53539.08878212 28.26 302.548793 -27.389795 24.084
 39    53.954 53574.08877039 33.86 302.558176 -27.438197 15.774
 39    54.114 53574.08877104 26.68 302.557316 -27.434907 15.774
 39    54.132 53574.08877168 24.89 302.556466 -27.431627 15.774
 39    54.361 53574.08877233 29.71 302.555606 -27.428347 15.774
 39    54.212 53574.08877619 46.33 302.550461 -27.408650 28.241
 39    53.975 53574.08877684 48.83 302.549611 -27.405360 28.241
 39    54.285 53574.08877748 41.94 302.548751 -27.402080 28.241
 39    54.108 53574.08877813 41.90 302.547891 -27.398800 28.241
 39    54.097 53574.08877877 39.07 302.547041 -27.395510 28.241
 39    54.152 53574.08877942 47.01 302.546181 -27.392230 28.241
 39    54.077 53574.08878006 46.55 302.545321 -27.388950 28.241
 40    53.839 53609.08872030 44.55 302.558532 -27.437433 13.375
 40    54.017 53609.08872094 42.90 302.557682 -27.434153 13.375
 40    54.004 53609.08872159 41.59 302.556822 -27.430863 13.375
 40    53.914 53609.08872223 42.01 302.555962 -27.427583 13.375
 40    53.782 53609.08872610 45.25 302.550823 -27.407877 21.345
 40    54.013 53609.08872674 40.92 302.549963 -27.404597 21.345
 40    53.838 53609.08872739 29.56 302.549113 -27.401317 21.345
 40    53.801 53609.08872803 32.31 302.548253 -27.398027 21.345
 40    53.770 53609.08872868 42.66 302.547403 -27.394747 21.345
 40    53.752 53609.08872932 51.03 302.546543 -27.391467 21.345
 41    54.539 53644.08872257 38.22 302.565076 -27.437493 15.697
 41    54.070 53644.08872321 31.81 302.564216 -27.434213 15.697
 41    53.990 53644.08872386 24.92 302.563366 -27.430933 15.697
 41    54.461 53644.08872450 23.77 302.562506 -27.427653 15.697
 41    54.306 53644.08872837 32.60 302.557360 -27.407949 25.255
 41    54.402 53644.08872901 22.81 302.556500 -27.404669 25.255
 41    54.006 53644.08872966 20.40 302.555650 -27.401379 25.255
 41    54.530 53644.08873030 24.75 302.554790 -27.398099 25.255
 41    54.693 53644.08873095 33.53 302.553930 -27.394819 25.255
 41    54.363 53644.08873159 41.46 302.553080 -27.391529 25.255
 42    56.732 53679.08874002 31.96 302.557835 -27.439791 13.980
 42    56.440 53679.08874067 24.94 302.556975 -27.436501 13.980
 42    56.334 53679.08874131 26.37 302.556125 -27.433221 13.980
 42    56.663 53679.08874195 29.54 302.555265 -27.429941 13.980
 42    56.635 53679.08874647 42.48 302.549269 -27.406955 35.333
 42    56.444 53679.08874711 28.39 302.548409 -27.403675 35.333
 42    55.859 53679.08874776 26.13 302.547549 -27.400395 35.333
 42    55.941 53679.08874840 26.84 302.546699 -27.397105 35.333
 42    56.453 53679.08874905 27.20 302.545839 -27.393825 35.333
 42    56.666 53679.08874969 31.34 302.544979 -27.390545 35.333
 43    68.283 53714.08866852 16.49 302.564277 -27.437793 23.336
 43    63.468 53714.08866916 16.35 302.563417 -27.434503 23.336
 43    62.951 53714.08866980 17.47 302.562567 -27.431223 23.336
 43    55.295 53714.08867045 21.77 302.561707 -27.427943 23.336
 43    54.202 53714.08867432 31.32 302.556566 -27.408246 22.112
 43    54.041 53714.08867496 20.73 302.555716 -27.404956 22.112
 43    54.055 53714.08867561 16.41 302.554856 -27.401676 22.112
 43    54.539 53714.08867625 19.15 302.553996 -27.398396 22.112
 43    54.320 53714.08867690 22.45 302.553146 -27.395106 22.112
 43    54.558 53714.08867754 22.49 302.552286 -27.391826 22.112
 44    66.244 53749.08858342 18.37 302.571345 -27.436392 14.891
 44    65.687 53749.08858407 18.74 302.570485 -27.433112 14.891
 44    54.408 53749.08858471 19.17 302.569625 -27.429832 14.891
 44    54.902 53749.08858536 21.34 302.568775 -27.426552 14.891
 44    54.189 53749.08858922 22.24 302.563627 -27.406848 23.864
 44    54.089 53749.08858987 20.64 302.562767 -27.403568 23.864
 44    54.439 53749.08859051 22.32 302.561917 -27.400278 23.864
 44    54.699 53749.08859116 28.32 302.561057 -27.396998 23.864
 44    55.072 53749.08859180 42.46 302.560197 -27.393718 23.864
 45    54.319 53784.08861384 49.01 302.566601 -27.438130 18.708
 45    54.303 53784.08861448 53.23 302.565741 -27.434850 18.708
 45    54.464 53784.08861513 50.17 302.564891 -27.431560 18.708
 45    54.480 53784.08861577 49.98 302.564031 -27.428280 18.708
 45    54.586 53784.08861964 47.59 302.558885 -27.408575 35.669
 45    54.413 53784.08862028 51.07 302.558035 -27.405295 35.669
 45    54.279 53784.08862093 51.68 302.557175 -27.402015 35.669
 45    54.449 53784.08862157 51.07 302.556315 -27.398725 35.669
 45    54.463 53784.08862222 51.29 302.555465 -27.395445 35.669
 45    54.295 53784.08862286 50.57 302.554605 -27.392165 35.669
 46    54.233 53819.08857544 22.56 302.562368 -27.437395 18.110
 46    54.745 53819.08857608 22.61 302.561518 -27.434105 18.110
 46    54.983 53819.08857673 25.89 302.560658 -27.430825 18.110
 46    55.156 53819.08857737 27.06 302.559808 -27.427545 18.110
 46    55.315 53819.08858124 43.55 302.554668 -27.407845 18.110
 46    55.017 53819.08858188 22.43 302.553808 -27.404555 18.110
 46    54.783 53819.08858253 19.67 302.552958 -27.401275 18.110
 46    55.210 53819.08858317 22.26 302.552095 -27.397988 33.068
 46    55.407 53819.08858382 26.93 302.551245 -27.394708 33.068
 46    55.306 53819.08858446 37.06 302.550385 -27.391428 33.068
 47    54.144 53854.08865556 50.46 302.560401 -27.436886 27.814
 47    54.160 53854.08865620 51.34 302.559551 -27.433606 27.814
 47    54.190 53854.08865685 51.67 302.558691 -27.430326 27.814
 47    54.050 53854.08865749 49.86 302.557831 -27.427036 27.814
 47    54.217 53854.08866136 49.24 302.552690 -27.407341 37.174
 47    54.298 53854.08866201 51.44 302.551830 -27.404061 37.174
 47    54.078 53854.08866265 50.06 302.550980 -27.400771 37.174
 47    54.169 53854.08866330 53.23 302.550120 -27.397491 37.174
 47    54.170 53854.08866394 51.43 302.549260 -27.394211 37.174
 47    54.066 53854.08866459 50.14 302.548410 -27.390921 37.174
 48    67.901 53889.08866388 14.83 302.570380 -27.435314 25.252
 48    67.137 53889.08866452 13.20 302.569520 -27.432034 25.252
 48    54.527 53889.08866517 18.28 302.568660 -27.428744 25.252
 48    54.767 53889.08866581 24.43 302.567810 -27.425464 25.252
 48    54.040 53889.08866904 26.37 302.563519 -27.409050 28.123
 48    53.789 53889.08866968 17.41 302.562669 -27.405770 28.123
 48    53.756 53889.08867033 18.35 302.561809 -27.402480 28.123
 48    54.373 53889.08867097 18.37 302.560949 -27.399200 28.123
 48    54.434 53889.08867161 24.45 302.560089 -27.395920 28.123
 48    54.632 53889.08867226 38.45 302.559239 -27.392630 28.123
 49    53.465 53924.08873110 24.93 302.554177 -27.439974 17.209
 49    53.645 53924.08873175 33.68 302.553317 -27.436684 17.209
 49    53.758 53924.08873239 38.76 302.552467 -27.433404 17.209
 49    53.786 53924.08873304 45.66 302.551607 -27.430124 17.209
 49    53.674 53924.08873755 44.25 302.545609 -27.407139 34.808
 49    53.503 53924.08873820 36.92 302.544749 -27.403859 34.808
 49    53.478 53924.08873884 25.80 302.543889 -27.400579 34.808
 49    53.624 53924.08873948 30.42 302.543039 -27.397289 34.808
 49    53.600 53924.08874013 42.79 302.542179 -27.394009 34.808
 49    53.657 53924.08874077 51.76 302.541319 -27.390729 34.808
 50    53.474 53959.08872221 49.39 302.554858 -27.439281 22.893
 50    53.436 53959.08872286 52.82 302.553998 -27.436001 22.893
 50    53.703 53959.08872350 51.72 302.553148 -27.432711 22.893
 50    53.727 53959.08872415 50.35 302.552288 -27.429431 22.893
 50    53.557 53959.08872866 52.31 302.546288 -27.406451 22.893
 50    53.584 53959.08872930 51.88 302.545437 -27.403164 38.224
 50    53.510 53959.08872995 44.65 302.544577 -27.399884 38.224
 50    53.575 53959.08873059 49.84 302.543717 -27.396604 38.224
 50    53.376 53959.08873124 52.50 302.542867 -27.393314 38.224
 50    53.469 53959.08873188 50.70 302.542007 -27.390034 38.224
 51    54.259 53994.08865286 45.08 302.570641 -27.436993 21.898
 51    54.153 53994.08865350 45.26 302.569791 -27.433713 21.898
 51    54.038 53994.08865415 31.83 302.568931 -27.430433 21.898
 51    53.742 53994.08865479 26.68 302.568071 -27.427153 21.898
 51    53.733 53994.08865866 23.97 302.562923 -27.407451 23.038
 51    53.563 53994.08865930 24.57 302.562073 -27.404171 23.038
 51    53.623 53994.08865995 24.25 302.561213 -27.400881 23.038
 51    54.290 53994.08866059 24.45 302.560353 -27.397601 23.038
 51    54.333 53994.08866124 38.12 302.559493 -27.394321 23.038
 52    54.309 54029.08871227 42.57 302.567377 -27.437629 31.036
 52    53.882 54029.08871291 35.00 302.566517 -27.434339 31.036
 52    53.891 54029.08871356 26.70 302.565667 -27.431059 31.036
 52    54.289 54029.08871420 26.32 302.564807 -27.427779 31.036
 52    54.207 54029.08871807 23.19 302.559667 -27.408079 31.036
 52    53.936 54029.08871872 19.02 302.558805 -27.404794 28.890
 52    53.776 54029.08871936 17.84 302.557945 -27.401514 28.890
 52    54.310 54029.08872000 18.00 302.557095 -27.398224 28.890
 52    54.427 54029.08872065 31.40 302.556235 -27.394944 28.890
 52    54.726 54029.08872129 35.26 302.555375 -27.391664 28.890
 53    54.354 54064.08870586 43.32 302.565970 -27.436030 33.098
 53    54.275 54064.08870650 35.30 302.565110 -27.432740 33.098
 53    54.431 54064.08870715 43.18 302.564260 -27.429460 33.098
 53    54.424 54064.08870779 48.45 302.563400 -27.426180 33.098
 53    54.335 54064.08871166 42.19 302.558260 -27.406480 33.098
 53    54.261 54064.08871230 44.56 302.557406 -27.403192 29.828
 53    54.299 54064.08871295 45.25 302.556546 -27.399912 29.828
 53    54.482 54064.08871359 47.59 302.555686 -27.396632 29.828
 53    54.406 54064.08871424 49.57 302.554836 -27.393342 29.828
 54    55.359 54099.08867205 21.66 302.560836 -27.438449 19.127
 54    55.529 54099.08867270 22.15 302.559986 -27.435159 19.127
 54    55.937 54099.08867334 28.80 302.559126 -27.431879 19.127
 54    55.906 54099.08867399 42.37 302.558276 -27.428589 19.127
 54    55.703 54099.08867850 33.14 302.552276 -27.405609 19.127
 54    55.798 54099.08867915 44.91 302.551416 -27.402329 19.127
 54    55.855 54099.08867979 42.34 302.550558 -27.399043 33.934
 54    55.828 54099.08868043 48.77 302.549708 -27.395763 33.934
 54    55.760 54099.08868108 50.73 302.548848 -27.392473 33.934
 55    57.153 54134.08863022 50.06 302.565890 -27.437225 24.268
 55    56.800 54134.08863087 50.13 302.565040 -27.433935 24.268
 55    56.918 54134.08863151 30.79 302.564180 -27.430655 24.268
 55    57.375 54134.08863216 36.00 302.563320 -27.427375 24.268
 55    57.062 54134.08863603 44.15 302.558177 -27.407671 47.169
 55    57.028 54134.08863667 46.36 302.557317 -27.404391 47.169
 55    57.027 54134.08863731 41.88 302.556467 -27.401101 47.169
 55    57.027 54134.08863796 39.35 302.555607 -27.397821 47.169
 55    57.043 54134.08863860 41.55 302.554747 -27.394541 47.169
 55    57.030 54134.08863925 48.10 302.553897 -27.391251 47.169
 57    67.917 54204.08863410 18.40 302.564619 -27.435731 26.026
 57    63.231 54204.08863474 26.20 302.563759 -27.432451 26.026
 57    62.958 54204.08863539 21.06 302.562909 -27.429161 26.026
 57    55.496 54204.08863603 35.33 302.562049 -27.425881 26.026
 57    54.333 54204.08863990 23.82 302.556909 -27.406181 26.026
 57    54.044 54204.08864054 20.50 302.556049 -27.402901 26.026
 57    54.503 54204.08864119 20.42 302.555189 -27.399621 26.026
 57    54.868 54204.08864183 31.01 302.554329 -27.396331 26.026
 57    54.955 54204.08864248 43.01 302.553479 -27.393051 26.026
 58    54.955 54239.08866926 41.84 302.563766 -27.435683 25.009
 58    62.541 54239.08866990 27.38 302.562906 -27.432403 25.009
 58    55.328 54239.08867055 27.05 302.562056 -27.429113 25.009
 58    55.657 54239.08867119 31.95 302.561196 -27.425833 25.009
 58    54.891 54239.08867506 26.90 302.556056 -27.406133 25.009
 58    54.650 54239.08867571 23.23 302.555196 -27.402853 25.009
 58    54.796 54239.08867635 21.46 302.554346 -27.399563 25.009
 58    55.270 54239.08867700 24.97 302.553486 -27.396283 25.009
 58    55.164 54239.08867764 41.84 302.552632 -27.392999 29.071
 59    53.438 54274.08868646 18.10 302.563769 -27.438477 20.181
 59    53.666 54274.08868711 20.73 302.562909 -27.435197 20.181
 59    54.271 54274.08868775 21.07 302.562059 -27.431917 20.181
 59    54.541 54274.08868839 25.99 302.561199 -27.428627 20.181
 59    54.239 54274.08869291 27.43 302.555199 -27.405647 20.181
 59    53.516 54274.08869355 21.51 302.554339 -27.402357 20.181
 59    53.762 54274.08869420 23.37 302.553489 -27.399077 20.181
 59    54.102 54274.08869484 29.50 302.552629 -27.395797 20.181
 59    54.148 54274.08869549 45.81 302.551777 -27.392511 27.338
 60    54.090 54309.08868783 38.56 302.564312 -27.437722 20.108
 60    53.769 54309.08868847 31.75 302.563452 -27.434442 20.108
 60    53.721 54309.08868912 25.23 302.562592 -27.431162 20.108
 60    55.282 54309.08868976 25.61 302.561742 -27.427882 20.108
 60    54.159 54309.08869363 36.74 302.556592 -27.408172 20.108
 60    53.803 54309.08869428 21.44 302.555742 -27.404892 20.108
 60    53.561 54309.08869492 19.43 302.554882 -27.401612 20.108
 60    54.026 54309.08869557 19.78 302.554022 -27.398322 20.108
 60    53.936 54309.08869621 24.22 302.553172 -27.395042 20.108
 60    54.170 54309.08869685 21.69 302.552312 -27.391762 20.108
 61    53.889 54344.08866478 45.05 302.562527 -27.439181 20.751
 61    53.639 54344.08866542 39.96 302.561667 -27.435901 20.751
 61    53.566 54344.08866607 27.34 302.560817 -27.432611 20.751
 61    53.300 54344.08866671 26.59 302.559957 -27.429331 20.751
 61    54.211 54344.08867123 26.69 302.553967 -27.406341 20.751
 61    53.465 54344.08867187 24.59 302.553107 -27.403061 20.751
 61    53.481 54344.08867252 25.67 302.552247 -27.399781 20.751
 61    53.623 54344.08867316 24.72 302.551397 -27.396501 20.751
 61    53.775 54344.08867380 26.74 302.550537 -27.393211 20.751
 62    54.312 54379.08862383 27.11 302.564711 -27.436449 24.620
 62    54.296 54379.08862448 24.22 302.563861 -27.433169 24.620
 62    54.454 54379.08862512 32.10 302.563001 -27.429879 24.620
 62    54.404 54379.08862577 41.76 302.562141 -27.426599 24.620
 62    54.238 54379.08862963 49.52 302.557001 -27.406899 24.620
 62    54.266 54379.08863028 52.11 302.556141 -27.403609 24.620
 62    54.106 54379.08863092 48.76 302.555291 -27.400329 24.620
 62    54.157 54379.08863157 49.01 302.554431 -27.397049 24.620
 62    54.254 54379.08863221 48.42 302.553571 -27.393769 24.620
 63    54.267 54414.08861275 44.13 302.562747 -27.438707 25.172
 63    54.171 54414.08861339 36.26 302.561887 -27.435417 25.172
 63    54.096 54414.08861404 29.64 302.561027 -27.432137 25.172
 63    54.614 54414.08861468 30.49 302.560167 -27.428857 25.172
 63    54.342 54414.08861920 41.06 302.554177 -27.405867 25.172
 63    54.288 54414.08861984 38.35 302.553317 -27.402587 25.172
 63    54.372 54414.08862048 33.81 302.552467 -27.399297 25.172
 63    54.334 54414.08862113 32.00 302.551607 -27.396017 25.172
 63    54.413 54414.08862177 41.63 302.550747 -27.392737 25.172
 64    54.713 54449.08859045 50.69 302.565436 -27.436636 31.098
 64    54.695 54449.08859110 51.32 302.564576 -27.433356 31.098
 64    54.758 54449.08859174 50.66 302.563716 -27.430066 31.098
 64    54.836 54449.08859238 50.59 302.562856 -27.426786 31.098
 64    54.746 54449.08859625 46.66 302.557716 -27.407086 31.098
 64    54.697 54449.08859690 49.75 302.556856 -27.403806 31.098
 64    54.637 54449.08859754 49.17 302.556006 -27.400516 31.098
 64    54.668 54449.08859819 49.58 302.555146 -27.397236 31.098
 64    54.609 54449.08859883 49.26 302.554286 -27.393956 31.098
 65    54.524 54484.08860697 26.88 302.565554 -27.438397 16.446
 65    54.427 54484.08860762 27.13 302.564694 -27.435117 16.446
 65    54.137 54484.08860826 22.97 302.563834 -27.431827 16.446
 65    54.560 54484.08860891 22.75 302.562984 -27.428547 16.446
 65    54.365 54484.08861277 32.72 302.557844 -27.408847 16.446
 65    54.108 54484.08861342 22.12 302.556984 -27.405567 16.446
 65    53.892 54484.08861406 17.44 302.556128 -27.402280 17.321
 65    54.534 54484.08861471 17.63 302.555268 -27.399000 17.321
 65    54.642 54484.08861535 25.01 302.554408 -27.395720 17.321
 65    54.568 54484.08861600 22.40 302.553558 -27.392430 17.321
 66    54.256 54519.08860404 50.49 302.566102 -27.436359 12.446
 66    54.253 54519.08860469 46.42 302.565242 -27.433069 12.446
 66    54.304 54519.08860533 42.67 302.564382 -27.429789 12.446
 66    54.343 54519.08860598 45.07 302.563527 -27.426505 37.286
 66    54.458 54519.08860985 51.44 302.558387 -27.406805 37.286
 66    54.425 54519.08861049 52.62 302.557527 -27.403525 37.286
 66    54.356 54519.08861114 52.72 302.556667 -27.400245 37.286
 66    54.304 54519.08861178 51.52 302.555817 -27.396955 37.286
 66    54.280 54519.08861243 52.14 302.554957 -27.393675 37.286
 67    54.454 54554.08861861 46.21 302.561606 -27.438781 14.331
 67    54.240 54554.08861925 38.27 302.560746 -27.435501 14.331
 67    54.004 54554.08861990 25.62 302.559886 -27.432221 14.331
 67    53.958 54554.08862054 24.58 302.559036 -27.428931 14.331
 67    53.909 54554.08862506 24.97 302.553032 -27.405956 20.196
 67    53.810 54554.08862570 21.83 302.552182 -27.402666 20.196
 67    53.964 54554.08862635 21.76 302.551322 -27.399386 20.196
 67    54.096 54554.08862699 22.12 302.550462 -27.396106 20.196
 67    54.381 54554.08862763 25.47 302.549612 -27.392816 20.196
 68    63.677 54589.08860026 29.56 302.564045 -27.437466 13.993
 68    63.311 54589.08860091 25.07 302.563185 -27.434176 13.993
 68    63.010 54589.08860155 20.91 302.562325 -27.430896 13.993
 68    63.584 54589.08860219 21.14 302.561472 -27.427613 26.050
 68    54.464 54589.08860606 40.38 302.556332 -27.407913 26.050
 68    54.594 54589.08860671 24.80 302.555472 -27.404633 26.050
 68    54.388 54589.08860735 19.67 302.554612 -27.401343 26.050
 68    55.027 54589.08860800 19.81 302.553762 -27.398063 26.050
 68    55.070 54589.08860864 23.67 302.552902 -27.394783 26.050
 68    55.100 54589.08860929 28.38 302.552042 -27.391493 26.050
 69    53.485 54624.08861771 40.33 302.562476 -27.437371 14.520
 69    62.233 54624.08861835 26.52 302.561616 -27.434081 14.520
 69    62.457 54624.08861900 18.85 302.560766 -27.430801 14.520
 69    54.509 54624.08861964 20.44 302.559906 -27.427515 22.894
 69    54.131 54624.08862351 31.14 302.554766 -27.407815 22.894
 69    53.928 54624.08862416 19.16 302.553906 -27.404535 22.894
 69    53.610 54624.08862480 18.49 302.553046 -27.401255 22.894
 69    53.749 54624.08862544 19.29 302.552196 -27.397965 22.894
 69    54.225 54624.08862609 17.94 302.551336 -27.394685 22.894
 69    54.660 54624.08862673 28.18 302.550486 -27.391395 22.894
 70    63.441 54659.08862571 27.35 302.561943 -27.439188 20.683
 70    62.994 54659.08862636 23.69 302.561083 -27.435908 20.683
 70    63.305 54659.08862700 19.30 302.560223 -27.432628 20.683
 70    62.301 54659.08862765 19.48 302.559373 -27.429338 20.683
 70    53.951 54659.08863216 25.50 302.553373 -27.406358 20.683
 70    53.535 54659.08863281 24.44 302.552513 -27.403078 20.683
 70    53.740 54659.08863345 24.47 302.551663 -27.399788 20.683
 70    54.031 54659.08863410 34.27 302.550803 -27.396508 20.683
 70    54.072 54659.08863474 44.82 302.549943 -27.393228 20.683
 70    53.717 54659.08863538 48.28 302.549093 -27.389948 20.683
 71    54.833 54694.08860620 36.18 302.562900 -27.439169 18.936
 71    55.066 54694.08860685 32.71 302.562050 -27.435889 18.936
 71    54.993 54694.08860749 36.91 302.561190 -27.432609 18.936
 71    55.057 54694.08860814 46.23 302.560330 -27.429329 18.936
 71    54.895 54694.08860878 47.54 302.559480 -27.426039 18.936
 71    54.947 54694.08861265 42.14 302.554335 -27.406344 26.967
 71    55.130 54694.08861329 46.22 302.553475 -27.403064 26.967
 71    54.869 54694.08861394 44.96 302.552625 -27.399774 26.967
 71    54.783 54694.08861458 48.16 302.551765 -27.396494 26.967
 71    54.767 54694.08861523 50.85 302.550905 -27.393214 26.967
 72    53.860 54729.08858066 43.87 302.565373 -27.437409 11.882
 72    53.731 54729.08858130 44.88 302.564513 -27.434119 11.882
 72    54.065 54729.08858195 38.67 302.563653 -27.430839 11.882
 72    53.918 54729.08858259 42.45 302.562798 -27.427554 34.117
 72    54.102 54729.08858646 36.14 302.557658 -27.407854 34.117
 72    53.678 54729.08858711 37.49 302.556798 -27.404574 34.117
 72    53.712 54729.08858775 30.51 302.555948 -27.401294 34.117
 72    53.649 54729.08858840 33.11 302.555088 -27.398004 34.117
 72    53.654 54729.08858904 46.64 302.554228 -27.394724 34.117
 72    53.634 54729.08858968 51.86 302.553378 -27.391434 34.117
 73    54.633 54764.08858444 50.51 302.562626 -27.436332 29.174
 73    54.644 54764.08858508 35.15 302.561766 -27.433052 29.174
 73    55.005 54764.08858573 32.97 302.560906 -27.429762 29.174
 73    54.612 54764.08858637 41.37 302.560056 -27.426482 29.174
 73    54.783 54764.08859024 48.88 302.554907 -27.406786 38.134
 73    54.853 54764.08859088 50.48 302.554057 -27.403496 38.134
 73    54.755 54764.08859153 51.15 302.553197 -27.400216 38.134
 73    54.829 54764.08859217 48.04 302.552337 -27.396936 38.134
 73    54.811 54764.08859282 50.73 302.551487 -27.393646 38.134
 73    54.814 54764.08859346 49.00 302.550627 -27.390366 38.134
 74    54.583 54799.08857353 43.84 302.564738 -27.435494 14.826
 74    54.367 54799.08857418 28.90 302.563878 -27.432204 14.826
 74    54.713 54799.08857482 34.75 302.563018 -27.428924 14.826
 74    54.665 54799.08857547 43.71 302.562161 -27.425641 39.399
 74    54.547 54799.08857933 49.06 302.557021 -27.405941 39.399
 74    54.538 54799.08857998 51.61 302.556161 -27.402661 39.399
 74    54.578 54799.08858062 52.08 302.555301 -27.399381 39.399
 74    54.603 54799.08858127 52.07 302.554451 -27.396091 39.399
 74    54.656 54799.08858191 51.06 302.553591 -27.392811 39.399
 75    53.479 54834.08857520 45.34 302.562374 -27.436942 14.747
 75    53.483 54834.08857584 33.56 302.561514 -27.433662 14.747
 75    53.517 54834.08857649 26.51 302.560654 -27.430372 14.747
 75    54.082 54834.08857713 23.94 302.559804 -27.427092 14.747
 75    53.751 54834.08858100 42.88 302.554666 -27.407397 22.282
 75    53.454 54834.08858165 27.31 302.553806 -27.404107 22.282
 75    53.058 54834.08858229 24.77 302.552946 -27.400827 22.282
 75    53.402 54834.08858294 22.80 302.552086 -27.397547 22.282
 75    53.655 54834.08858358 22.05 302.551236 -27.394257 22.282
 75    53.986 54834.08858422 22.97 302.550376 -27.390977 22.282
 76    54.104 54869.08857097 45.09 302.565798 -27.435249 22.496
 76    53.932 54869.08857161 32.46 302.564938 -27.431969 22.496
 76    54.336 54869.08857226 38.78 302.564080 -27.428684 33.723
 76    54.643 54869.08857290 44.61 302.563230 -27.425404 33.723
 76    54.477 54869.08857612 44.75 302.558940 -27.408984 33.723
 76    54.192 54869.08857677 46.41 302.558080 -27.405704 33.723
 76    54.226 54869.08857741 45.63 302.557230 -27.402424 33.723
 76    54.172 54869.08857806 41.91 302.556370 -27.399134 33.723
 76    54.234 54869.08857870 37.33 302.555510 -27.395854 33.723
 76    54.144 54869.08857935 49.86 302.554660 -27.392564 33.723
 77    54.737 54904.08858365 48.05 302.559670 -27.439069 12.934
 77    54.484 54904.08858430 43.11 302.558810 -27.435789 12.934
 77    54.159 54904.08858494 27.59 302.557950 -27.432509 12.934
 77    54.360 54904.08858559 23.20 302.557100 -27.429219 12.934
 77    54.439 54904.08859010 34.76 302.551096 -27.406243 18.563
 77    54.234 54904.08859074 27.00 302.550246 -27.402953 18.563
 77    54.111 54904.08859139 23.68 302.549386 -27.399673 18.563
 77    54.224 54904.08859203 24.21 302.548526 -27.396393 18.563
 77    54.529 54904.08859268 27.96 302.547676 -27.393103 18.563
 77    54.552 54904.08859332 32.01 302.546816 -27.389823 18.563
 78    64.108 54939.08856154 17.08 302.564481 -27.436080 23.244
 78    53.825 54939.08856218 18.22 302.563621 -27.432800 23.244
 78    54.071 54939.08856283 20.10 302.562761 -27.429520 23.244
 78    54.065 54939.08856347 24.60 302.561911 -27.426230 23.244
 78    53.853 54939.08856734 34.02 302.556771 -27.406530 23.244
 78    53.692 54939.08856799 20.96 302.555911 -27.403250 23.244
 78    53.856 54939.08856863 20.53 302.555051 -27.399970 23.244
 78    54.099 54939.08856927 30.99 302.554191 -27.396690 23.244
 78    54.132 54939.08856992 45.55 302.553341 -27.393400 23.244
 79    53.711 54974.08859258 46.14 302.563635 -27.439062 13.403
 79    53.576 54974.08859323 46.56 302.562775 -27.435772 13.403
 79    53.886 54974.08859387 39.77 302.561915 -27.432492 13.403
 79    53.733 54974.08859452 47.72 302.561062 -27.429207 26.414
 79    53.663 54974.08859516 47.48 302.560202 -27.425927 26.414
 79    53.765 54974.08859903 33.52 302.555062 -27.406227 26.414
 79    53.455 54974.08859968 24.75 302.554202 -27.402947 26.414
 79    53.609 54974.08860032 27.86 302.553352 -27.399657 26.414
 79    53.613 54974.08860097 37.72 302.552492 -27.396377 26.414
 79    53.758 54974.08860161 47.26 302.551642 -27.393087 26.414
 80    53.799 55009.08860637 39.42 302.561449 -27.437783 25.039
 80    53.685 55009.08860702 27.89 302.560589 -27.434493 25.039
 80    53.474 55009.08860766 24.31 302.559729 -27.431213 25.039
 80    53.311 55009.08860831 24.27 302.558879 -27.427933 25.039
 80    53.766 55009.08861218 36.45 302.553731 -27.408237 20.473
 80    53.646 55009.08861282 24.11 302.552881 -27.404947 20.473
 80    53.747 55009.08861347 22.32 302.552021 -27.401667 20.473
 80    53.754 55009.08861411 22.18 302.551161 -27.398387 20.473
 80    53.988 55009.08861476 21.82 302.550311 -27.395097 20.473
 80    53.955 55009.08861540 22.65 302.549451 -27.391817 20.473
 81    54.640 55044.08859616 47.72 302.563926 -27.437201 29.549
 81    54.494 55044.08859680 39.65 302.563066 -27.433921 29.549
 81    54.211 55044.08859745 26.58 302.562206 -27.430631 29.549
 81    54.828 55044.08859809 24.53 302.561356 -27.427351 29.549
 81    54.718 55044.08860196 50.82 302.556206 -27.407648 37.437
 81    54.607 55044.08860261 50.44 302.555356 -27.404368 37.437
 81    54.683 55044.08860325 49.68 302.554496 -27.401088 37.437
 81    54.610 55044.08860389 51.20 302.553636 -27.397808 37.437
 81    54.682 55044.08860454 46.50 302.552786 -27.394518 37.437
 81    54.585 55044.08860518 50.55 302.551926 -27.391238 37.437
 82    54.669 55079.08857306 27.83 302.561834 -27.439174 16.340
 82    54.497 55079.08857371 19.91 302.560974 -27.435894 16.340
 82    54.193 55079.08857435 22.86 302.560114 -27.432604 16.340
 82    54.484 55079.08857500 20.84 302.559264 -27.429324 16.340
 82    54.358 55079.08857951 27.40 302.553260 -27.406348 27.905
 82    54.193 55079.08858016 23.04 302.552410 -27.403058 27.905
 82    54.015 55079.08858080 23.42 302.551550 -27.399778 27.905
 82    54.379 55079.08858145 22.84 302.550690 -27.396498 27.905
 82    54.516 55079.08858209 29.28 302.549840 -27.393208 27.905
 82    54.602 55079.08858273 32.31 302.548980 -27.389928 27.905
 83    55.277 55114.08852842 22.83 302.565153 -27.438325 14.094
 83    61.916 55114.08852906 20.11 302.564303 -27.435045 14.094
 83    55.049 55114.08852971 21.09 302.563443 -27.431755 14.094
 83    55.672 55114.08853035 23.84 302.562583 -27.428475 14.094
 83    55.105 55114.08853422 39.85 302.557440 -27.408779 39.068
 83    55.004 55114.08853486 29.03 302.556590 -27.405499 39.068
 83    55.316 55114.08853551 32.31 302.555730 -27.402209 39.068
 83    55.156 55114.08853615 35.11 302.554870 -27.398929 39.068
 83    55.118 55114.08853680 41.09 302.554010 -27.395649 39.068
 83    55.145 55114.08853744 50.82 302.553160 -27.392359 39.068
 84    55.515 55149.08852806 30.65 302.562352 -27.438971 32.247
 84    55.327 55149.08852870 26.87 302.561502 -27.435691 32.247
 84    55.649 55149.08852935 37.50 302.560642 -27.432411 32.247
 84    55.757 55149.08852999 44.87 302.559782 -27.429121 32.247
 84    55.551 55149.08853451 50.86 302.553783 -27.406146 38.443
 84    55.550 55149.08853515 52.06 302.552933 -27.402856 38.443
 84    55.578 55149.08853579 50.07 302.552073 -27.399576 38.443
 84    55.555 55149.08853644 51.37 302.551213 -27.396296 38.443
 84    55.515 55149.08853708 49.18 302.550363 -27.393006 38.443
 85    64.697 55184.08851119 19.30 302.565279 -27.437359 25.020
 85    56.489 55184.08851183 22.51 302.564419 -27.434069 25.020
 85    56.816 55184.08851247 26.71 302.563559 -27.430789 25.020
 85    57.082 55184.08851312 31.77 302.562702 -27.427506 35.712
 85    56.729 55184.08851699 31.47 302.557562 -27.407806 35.712
 85    56.581 55184.08851763 26.46 302.556702 -27.404526 35.712
 85    56.417 55184.08851828 25.91 302.555842 -27.401246 35.712
 85    57.019 55184.08851892 27.20 302.554992 -27.397956 35.712
 85    57.015 55184.08851957 38.18 302.554132 -27.394676 35.712
 85    56.962 55184.08852021 48.14 302.553282 -27.391386 35.712
 86    57.513 55219.08852669 48.13 302.561362 -27.437785 31.946
 86    56.809 55219.08852734 44.33 302.560502 -27.434495 31.946
 86    57.471 55219.08852798 29.97 302.559642 -27.431215 31.946
 86    57.811 55219.08852863 35.29 302.558792 -27.427935 31.946
 86    57.470 55219.08853250 43.96 302.553654 -27.408238 35.959
 86    57.575 55219.08853314 36.58 302.552794 -27.404948 35.959
 86    57.470 55219.08853379 34.02 302.551934 -27.401668 35.959
 86    57.378 55219.08853443 27.97 302.551074 -27.398388 35.959
 86    57.280 55219.08853507 28.14 302.550224 -27.395098 35.959
 86    57.471 55219.08853572 33.88 302.549364 -27.391818 35.959
 87    56.420 55254.08850695 49.07 302.566377 -27.436513 11.630
 87    56.134 55254.08850759 46.43 302.565517 -27.433223 11.630
 87    56.752 55254.08850824 35.18 302.564657 -27.429943 11.630
 87    56.599 55254.08850888 48.17 302.563802 -27.426659 44.245
 87    56.564 55254.08851275 49.92 302.558662 -27.406959 44.245
 87    56.614 55254.08851340 50.29 302.557802 -27.403679 44.245
 87    56.327 55254.08851404 53.99 302.556942 -27.400389 44.245
 87    56.427 55254.08851469 51.57 302.556092 -27.397109 44.245
 87    56.437 55254.08851533 48.93 302.555232 -27.393829 44.245
 88    55.343 55289.08851611 19.67 302.559995 -27.437159 13.995
 88    55.396 55289.08851675 21.67 302.559135 -27.433879 13.995
 88    56.260 55289.08851740 24.25 302.558275 -27.430599 13.995
 88    56.203 55289.08851804 33.21 302.557425 -27.427309 13.995
 88    55.887 55289.08852191 35.11 302.552283 -27.407615 37.586
 88    55.593 55289.08852256 34.56 302.551423 -27.404325 37.586
 88    55.305 55289.08852320 33.83 302.550573 -27.401045 37.586
 88    54.789 55289.08852385 29.43 302.549713 -27.397765 37.586
 88    55.550 55289.08852449 27.70 302.548853 -27.394485 37.586
 88    55.984 55289.08852513 32.54 302.548003 -27.391195 37.586
 89    64.496 55324.08849507 20.02 302.561087 -27.436883 17.813
 89    55.369 55324.08849571 23.78 302.560227 -27.433593 17.813
 89    55.710 55324.08849636 25.81 302.559377 -27.430313 17.813
 89    55.981 55324.08849700 31.51 302.558517 -27.427029 31.566
 89    55.665 55324.08850087 33.56 302.553377 -27.407329 31.566
 89    55.395 55324.08850151 26.78 302.552517 -27.404049 31.566
 89    55.179 55324.08850216 24.73 302.551657 -27.400769 31.566
 89    55.435 55324.08850280 25.80 302.550807 -27.397479 31.566
 89    55.798 55324.08850345 27.61 302.549947 -27.394199 31.566
 89    56.044 55324.08850409 33.11 302.549097 -27.390909 31.566
 90    68.216 55359.08849264 15.50 302.562148 -27.438940 19.447
 90    62.261 55359.08849328 16.62 302.561288 -27.435650 19.447
 90    61.605 55359.08849393 18.56 302.560428 -27.432370 19.447
 90    55.477 55359.08849457 24.89 302.559578 -27.429090 19.447
 90    54.399 55359.08849908 28.95 302.553580 -27.406103 29.722
 90    54.072 55359.08849973 23.07 302.552720 -27.402823 29.722
 90    54.581 55359.08850037 23.86 302.551860 -27.399543 29.722
 90    54.903 55359.08850102 25.65 302.551010 -27.396253 29.722
 90    54.951 55359.08850166 32.67 302.550150 -27.392973 29.722
 91    67.541 55394.08849677 18.72 302.563847 -27.435687 28.727
 91    62.893 55394.08849741 19.94 302.562987 -27.432397 28.727
 91    55.341 55394.08849806 23.60 302.562127 -27.429117 28.727
 91    55.289 55394.08849870 34.94 302.561274 -27.425834 30.550
 91    53.996 55394.08850257 27.77 302.556134 -27.406134 30.550
 91    53.750 55394.08850321 21.95 302.555274 -27.402854 30.550
 91    53.999 55394.08850386 21.72 302.554414 -27.399574 30.550
 91    54.140 55394.08850450 27.91 302.553564 -27.396284 30.550
 91    54.100 55394.08850515 28.55 302.552704 -27.393004 30.550
 92    54.266 55429.08850871 41.12 302.564232 -27.436593 14.068
 92    54.255 55429.08850936 37.90 302.563372 -27.433313 14.068
 92    54.383 55429.08851000 37.64 302.562512 -27.430023 14.068
 92    54.362 55429.08851065 40.43 302.561662 -27.426743 14.068
 92    54.351 55429.08851452 51.95 302.556512 -27.407049 39.850
 92    54.324 55429.08851516 48.96 302.555662 -27.403759 39.850
 92    54.303 55429.08851580 51.51 302.554802 -27.400479 39.850
 92    54.217 55429.08851645 55.45 302.553942 -27.397199 39.850
 92    54.175 55429.08851709 53.11 302.553092 -27.393909 39.850
 92    54.213 55429.08851774 46.71 302.552232 -27.390629 39.850
 93    54.266 55464.08847139 47.68 302.562741 -27.438523 32.923
 93    53.942 55464.08847203 38.68 302.561881 -27.435243 32.923
 93    53.829 55464.08847268 28.50 302.561021 -27.431953 32.923
 93    54.924 55464.08847332 23.84 302.560171 -27.428673 32.923
 93    54.028 55464.08847784 26.12 302.554169 -27.405696 31.557
 93    53.678 55464.08847848 22.56 302.553319 -27.402406 31.557
 93    54.115 55464.08847912 22.39 302.552459 -27.399126 31.557
 93    54.242 55464.08847977 28.60 302.551599 -27.395846 31.557
 93    54.158 55464.08848041 39.74 302.550749 -27.392556 31.557
