# NaN NaN NaN ;Mean Elev.(m), Avg Gradient(m/km), RMS Gradient(m/km) - SRTM1     
#    4.242  -1.358   3.659 ;Mean Elev.(m), Avg Gradient(m/km), RMS Gradient(m/km) - ASTER GDEM
#    3.286  -1.240   3.356 ;Mean Elev.(m), Avg Gradient(m/km), RMS Gradient(m/km) - GMTED2010 
 11 299.861811 -33.359899    17.561    20.944  3 52603.09945795 29.431
 12 299.869646 -33.364540     5.971     5.971  2 52638.09943024 33.335
 13 299.865563 -33.361063    16.916    19.985  4 52673.09943133  7.431
 14 299.870625 -33.362768     5.567     5.567  2 52708.09943884 23.246
 15 299.860896 -33.359599     7.119     6.055  4 52743.09946962 28.493
 17 299.868926 -33.363312     4.673     4.659  4 52813.09948915 30.667
 19 299.864378 -33.360518     7.432     7.454  4 52883.09957965 21.076
 20 299.867080 -33.362500     3.972     3.942  4 52918.09953590 40.328
 21 299.879412 -33.369618     4.016     4.012  6 52953.09949634 28.480
 23 299.875410 -33.374142     5.205     5.205  2 53023.09949408 22.963
 24 299.880057 -33.372560     9.437     4.509  5 53058.09948864 18.206
 25 299.856576 -33.358670     3.548     3.548  2 53093.09952931 30.336
 26 299.880385 -33.380882     4.923     4.923  2 53128.09949580 27.020
 28 299.869806 -33.364158     4.725     4.588  4 53198.09956533 31.147
 29 299.877600 -33.372587     4.729     4.727  6 53233.09953801 28.255
 30 299.861407 -33.359864    12.389    13.353  3 53268.09950888 26.540
 31 299.861553 -33.359757    16.662    19.132  3 53303.09956609 24.064
 32 299.866264 -33.362106     7.087     5.392  4 53338.09953499 29.000
 33 299.866191 -33.362504     9.807    10.411  3 53373.09946869 24.193
 35 299.863089 -33.359086     4.785     4.785  2 53443.09949332 33.282
 36 299.864042 -33.360647     4.735     4.752  4 53478.09956666 33.560
 37 299.868129 -33.363348     4.855     4.785  4 53513.09957684 24.656
 38 299.860898 -33.359608     6.896     4.800  3 53548.09959605 34.475
 40 299.859602 -33.358699     6.018     4.365  4 53618.09951894 32.810
 41 299.870388 -33.364810     4.510     4.478  5 53653.09953843 26.565
 44 299.881944 -33.373059     4.640     4.730  3 53758.09939818 17.615
 45 299.871784 -33.365588     4.515     4.407  5 53793.09942237 38.396
 46 299.879667 -33.372650     4.721     4.825  3 53828.09939023 24.791
 47 299.867023 -33.362048    10.980    10.019  4 53863.09947683 24.653
 48 299.870330 -33.365155     5.974     5.108  5 53898.09949917 24.931
 49 299.856319 -33.357305     4.026     4.026  2 53933.09954819 45.287
 50 299.859322 -33.357277     3.951     3.951  2 53968.09952081 29.275
 51 299.878421 -33.371246     4.429     4.441  7 54003.09948580 28.457
 54 299.861567 -33.359482    16.346    18.758  3 54108.09946647 25.008
 55 299.870894 -33.365349     5.393     5.366  4 54143.09945355 29.994
 56 299.864167 -33.361259     7.448     6.208  3 54178.09944952 30.971
 58 299.868683 -33.363649     5.716     5.759  3 54248.09948999 24.688
 60 299.869817 -33.364788     5.096     5.096  2 54318.09949622 31.110
 63 299.865980 -33.361694     5.566     4.327  4 54423.09941154 41.041
 65 299.867474 -33.362094    12.249     9.348  3 54493.09941489 22.056
 67 299.864435 -33.360338     7.958     9.596  3 54563.09942282 22.626
 68 299.867327 -33.359202     4.733     4.733  2 54598.09942038 32.722
 69 299.867104 -33.362634     4.285     4.288  4 54633.09943262 28.898
 71 299.866231 -33.360155    14.293    19.022  3 54703.09940395 25.871
 74 299.871864 -33.366906     4.500     4.437  4 54808.09939133 33.060
 75 299.867487 -33.362338    15.454    19.327  3 54843.09938180 22.083
 76 299.868217 -33.362760    14.530    19.535  3 54878.09939527 24.106
 77 299.863158 -33.360118    11.627    10.653  3 54913.09938604 22.698
 78 299.867888 -33.362617    15.719    19.530  3 54948.09938772 19.524
 79 299.866583 -33.362237     9.131     4.413  3 54983.09941371 31.661
 80 299.868816 -33.363225     3.752     3.765  4 55018.09941100 31.768
 81 299.868572 -33.362743     4.268     4.296  4 55053.09940674 29.859
 82 299.863528 -33.360361     9.562     7.125  4 55088.09936994 30.387
 83 299.872601 -33.367342     5.461     5.437  5 55123.09934159 29.593
 84 299.865167 -33.361570    14.278    14.019  4 55158.09932961 25.772
 85 299.872176 -33.367391     6.389     6.305  5 55193.09933156 34.122
 86 299.864718 -33.361322     7.657     6.848  4 55228.09933169 32.516
 87 299.870702 -33.365818     7.279     7.257  5 55263.09932669 24.079
 88 299.865511 -33.360983     6.157     6.115  4 55298.09931529 33.440
 89 299.865630 -33.360974    10.689     6.284  3 55333.09930760 22.002
 90 299.867867 -33.362493     5.591     5.579  4 55368.09929858 33.934
 91 299.872262 -33.367013     5.175     5.175  4 55403.09931279 28.348
 93 299.864816 -33.360448     4.336     4.159  3 55473.09926546 47.260
