# NaN NaN NaN ;Mean Elev.(m), Avg Gradient(m/km), RMS Gradient(m/km) - SRTM1     
#   33.787  -0.454   5.014 ;Mean Elev.(m), Avg Gradient(m/km), RMS Gradient(m/km) - ASTER GDEM
#   41.506  -0.305   4.044 ;Mean Elev.(m), Avg Gradient(m/km), RMS Gradient(m/km) - GMTED2010 
  7    25.688 52447.56750222 24.17 301.179597 -27.907856 17.261
  7    27.163 52447.56750287 25.55 301.178737 -27.911146 17.261
  8    61.047 52482.56749166 20.39 301.187537 -27.909102 11.419
  8    62.331 52482.56749231 20.97 301.186677 -27.912392 11.419
  8    63.294 52482.56749295 19.43 301.185807 -27.915672 11.419
  8    63.533 52482.56749360 21.27 301.184947 -27.918952 11.419
  8    63.988 52482.56749424 20.74 301.184087 -27.922232 11.419
  8    43.464 52482.56749489 22.13 301.183227 -27.925522 11.419
  8    43.318 52482.56749875 39.97 301.178044 -27.945217 15.868
  8    42.722 52482.56749940 22.69 301.177184 -27.948497 15.868
  8    42.565 52482.56750004 23.22 301.176324 -27.951777 15.868
  8    55.824 52482.56750069 17.24 301.175464 -27.955067 15.868
  9    64.391 52517.56745134 16.93 301.189897 -27.929162  4.629
  9    43.051 52517.56745198 17.01 301.189037 -27.932442  4.629
  9    66.105 52517.56745263 15.80 301.188167 -27.935732  4.629
  9    54.016 52517.56745327 16.33 301.187307 -27.939012  4.629
  9    42.605 52517.56745392 21.91 301.186447 -27.942292  4.629
  9    42.647 52517.56745456 24.04 301.185587 -27.945582  4.629
  9    42.651 52517.56745521 23.53 301.184717 -27.948862  4.629
  9    54.287 52517.56745585 16.94 301.183857 -27.952142  4.629
 11    66.540 52587.56747843 13.80 301.190133 -27.926194  6.241
 11    67.135 52587.56747907 13.94 301.189273 -27.929474  6.241
 11    67.685 52587.56747972 15.04 301.188413 -27.932754  6.241
 11    68.018 52587.56748036 14.56 301.187553 -27.936034  6.241
 11    67.927 52587.56748101 17.17 301.186683 -27.939324  6.241
 11    43.012 52587.56748165 21.06 301.185823 -27.942604  6.241
 11    43.105 52587.56748230 21.45 301.184963 -27.945884  6.241
 11    43.152 52587.56748294 20.35 301.184103 -27.949164  6.241
 11    58.562 52587.56748358 16.90 301.183233 -27.952454  6.241
 12    45.214 52622.56743878 20.60 301.190950 -27.915735 11.860
 12    45.032 52622.56743942 21.07 301.190090 -27.919025 11.860
 12    44.925 52622.56744007 21.66 301.189232 -27.922302  7.770
 12    44.720 52622.56744071 22.71 301.188362 -27.925592  7.770
 12    44.700 52622.56744136 24.98 301.187502 -27.928872  7.770
 12    44.736 52622.56744200 29.58 301.186642 -27.932152  7.770
 12    44.662 52622.56744265 32.01 301.185782 -27.935442  7.770
 12    44.585 52622.56744329 31.12 301.184912 -27.938722  7.770
 12    44.619 52622.56744393 30.08 301.184052 -27.942002  7.770
 12    44.665 52622.56744458 31.52 301.183192 -27.945282  7.770
 12    44.483 52622.56744522 30.93 301.182332 -27.948572  7.770
 12    44.607 52622.56744587 26.03 301.181462 -27.951852  7.770
 12    44.726 52622.56744651 24.12 301.180602 -27.955132  7.770
 13    61.854 52657.56744946 12.70 301.190421 -27.917306  7.363
 13    63.578 52657.56745011 12.06 301.189551 -27.920596  7.363
 13    43.341 52657.56745075 13.44 301.188691 -27.923876  7.363
 13    43.248 52657.56745140 15.40 301.187831 -27.927156  7.363
 13    42.925 52657.56745204 18.90 301.186961 -27.930446  7.363
 13    44.222 52657.56745268 19.42 301.186101 -27.933726  7.363
 13    43.552 52657.56745333 19.22 301.185241 -27.937006  7.363
 13    43.080 52657.56745397 23.73 301.184381 -27.940286  7.363
 13    43.135 52657.56745462 24.84 301.183511 -27.943576  7.363
 13    43.199 52657.56745526 31.77 301.182650 -27.946851  8.265
 13    43.015 52657.56745591 22.05 301.181790 -27.950141  8.265
 13    42.957 52657.56745655 17.38 301.180930 -27.953421  8.265
 13    52.535 52657.56745720 15.13 301.180060 -27.956701  8.265
 15    44.443 52727.56747390 32.69 301.190244 -27.916546  8.552
 15    44.341 52727.56747455 25.57 301.189384 -27.919826  8.552
 15    44.258 52727.56747519 17.20 301.188524 -27.923106  8.552
 15    44.387 52727.56747584 17.05 301.187654 -27.926396  8.552
 15    44.226 52727.56747648 22.10 301.186794 -27.929676  8.552
 15    44.086 52727.56747713 28.69 301.185934 -27.932956  8.552
 15    47.831 52727.56747777 26.44 301.185074 -27.936246  8.552
 15    43.873 52727.56747842 26.19 301.184204 -27.939526  8.552
 15    44.064 52727.56747906 32.19 301.183344 -27.942806  8.552
 15    43.838 52727.56747971 25.82 301.182484 -27.946086  8.552
 15    43.835 52727.56748035 23.19 301.181614 -27.949376  8.552
 15    44.004 52727.56748100 19.39 301.180754 -27.952656  8.552
 15    49.169 52727.56748164 19.79 301.179894 -27.955936  8.552
 16    43.843 52762.56748475 45.23 301.185248 -27.902955 22.943
 16    43.758 52762.56748539 44.98 301.184378 -27.906245 22.943
 16    43.555 52762.56748604 44.67 301.183518 -27.909525 22.943
 16    43.617 52762.56748668 47.70 301.182654 -27.912803 36.821
 16    43.703 52762.56748733 49.66 301.181794 -27.916093 36.821
 16    43.550 52762.56748797 45.79 301.180934 -27.919373 36.821
 17    63.663 52797.56745304 13.13 301.191087 -27.919319  4.707
 17    63.609 52797.56745368 13.91 301.190227 -27.922599  4.707
 17    50.270 52797.56745433 13.91 301.189357 -27.925889  4.707
 17    46.787 52797.56745497 14.80 301.188497 -27.929169  4.707
 17    47.549 52797.56745562 14.75 301.187637 -27.932449  4.707
 17    48.389 52797.56745626 15.15 301.186767 -27.935739  4.707
 17    42.910 52797.56745691 18.60 301.185907 -27.939019  4.707
 17    43.014 52797.56745755 19.72 301.185047 -27.942299  4.707
 17    42.794 52797.56745820 21.38 301.184177 -27.945579  4.707
 17    42.722 52797.56745884 23.23 301.183317 -27.948869  4.707
 17    42.530 52797.56745949 21.41 301.182458 -27.952152  5.908
 17    54.207 52797.56746013 15.05 301.181588 -27.955432  5.908
 18    61.620 52832.56752405 13.62 301.190930 -27.917102  8.246
 18    43.347 52832.56752470 15.38 301.190060 -27.920392  8.246
 18    42.608 52832.56752534 19.69 301.189200 -27.923672  8.246
 18    42.830 52832.56752599 24.92 301.188340 -27.926952  8.246
 18    42.661 52832.56752663 22.50 301.187470 -27.930242  8.246
 18    42.307 52832.56752728 20.81 301.186610 -27.933522  8.246
 18    42.387 52832.56752792 20.95 301.185750 -27.936802  8.246
 18    42.276 52832.56752857 23.46 301.184880 -27.940082  8.246
 18    42.484 52832.56752921 24.39 301.184020 -27.943372  8.246
 18    42.350 52832.56752985 29.41 301.183153 -27.946645 19.991
 18    42.272 52832.56753050 29.84 301.182293 -27.949935 19.991
 18    42.191 52832.56753114 28.97 301.181433 -27.953215 19.991
 18    42.359 52832.56753179 38.72 301.180563 -27.956495 19.991
 20    61.222 52902.56758548 14.71 301.189317 -27.913723 12.639
 20    42.701 52902.56758612 13.78 301.188457 -27.917003 12.639
 20    42.344 52902.56758676 16.21 301.187597 -27.920283 12.639
 20    42.603 52902.56758741 18.89 301.186737 -27.923563 12.639
 20    42.266 52902.56758805 19.89 301.185867 -27.926853 12.639
 20    42.428 52902.56758870 17.66 301.185007 -27.930133 12.639
 20    42.199 52902.56758934 16.06 301.184147 -27.933413 12.639
 20    42.371 52902.56758999 17.25 301.183277 -27.936703 12.639
 20    42.331 52902.56759063 24.10 301.182417 -27.939983 12.639
 20    42.236 52902.56759128 23.49 301.181557 -27.943263 12.639
 20    42.347 52902.56759192 24.62 301.180697 -27.946543 12.639
 20    42.306 52902.56759257 28.68 301.179827 -27.949833 12.639
 20    42.313 52902.56759321 29.97 301.178967 -27.953113 12.639
 20    42.133 52902.56759386 17.18 301.178107 -27.956393 12.639
 21    64.008 52937.56752478 13.47 301.190915 -27.916431  9.418
 21    63.852 52937.56752543 14.95 301.190055 -27.919711  9.418
 21    42.551 52937.56752607 16.81 301.189195 -27.923001  9.418
 21    42.380 52937.56752672 16.90 301.188335 -27.926281  9.418
 21    42.589 52937.56752736 18.41 301.187465 -27.929561  9.418
 21    42.622 52937.56752800 24.49 301.186605 -27.932851  9.418
 21    42.787 52937.56752865 24.19 301.185745 -27.936131  9.418
 21    42.622 52937.56752929 23.07 301.184885 -27.939411  9.418
 21    42.382 52937.56752994 24.02 301.184015 -27.942691  9.418
 21    42.605 52937.56753058 27.96 301.183155 -27.945981  9.418
 21    42.582 52937.56753123 21.68 301.182295 -27.949261  9.418
 21    42.489 52937.56753187 20.71 301.181435 -27.952541  9.418
 21    42.522 52937.56753252 17.26 301.180565 -27.955831  9.418
 22    64.713 52972.56755463 16.72 301.187252 -27.908263 11.806
 22    64.235 52972.56755528 16.77 301.186392 -27.911543 11.806
 22    63.568 52972.56755592 17.38 301.185532 -27.914823 11.806
 22    63.677 52972.56755657 18.47 301.184672 -27.918113 11.806
 22    63.651 52972.56755721 19.97 301.183802 -27.921393 11.806
 22    43.511 52972.56755786 24.28 301.182942 -27.924673 11.806
 22    43.022 52972.56756237 29.43 301.176902 -27.947653 11.806
 22    43.013 52972.56756302 22.92 301.176032 -27.950933 11.806
 22    42.810 52972.56756366 21.65 301.175172 -27.954223 11.806
 23    44.304 53007.56756387 26.58 301.186298 -27.904326 19.920
 23    45.247 53007.56756452 23.61 301.185428 -27.907606 19.920
 23    45.452 53007.56756516 22.98 301.184568 -27.910896 19.920
 23    43.870 53007.56756581 23.60 301.183708 -27.914176 19.920
 23    43.940 53007.56756645 24.51 301.182848 -27.917456 19.920
 23    44.250 53007.56756710 28.12 301.181978 -27.920746 19.920
 23    44.234 53007.56756774 31.63 301.181118 -27.924026 19.920
 23    43.658 53007.56757290 34.32 301.174218 -27.950286 19.920
 24    46.363 53042.56752060 23.59 301.184042 -27.910110 17.449
 24    61.627 53042.56752124 19.41 301.183182 -27.913390 17.449
 24    42.769 53042.56752189 21.31 301.182322 -27.916670 17.449
 24    42.563 53042.56752253 28.05 301.181452 -27.919960 17.449
 25    45.250 53077.56755360 22.80 301.186529 -27.909591 19.258
 25    42.332 53077.56755425 22.23 301.185669 -27.912871 19.258
 25    42.220 53077.56755489 24.62 301.184809 -27.916151 19.258
 25    42.261 53077.56755553 27.05 301.183939 -27.919441 19.258
 25    42.214 53077.56755618 28.90 301.183079 -27.922721 19.258
 25    42.216 53077.56755682 31.47 301.182219 -27.926001 19.258
 25    42.888 53077.56756069 38.53 301.177039 -27.945701 19.258
 25    42.290 53077.56756134 39.16 301.176179 -27.948981 19.258
 25    42.218 53077.56756198 42.57 301.175319 -27.952261 19.258
 25    42.102 53077.56756263 39.47 301.174449 -27.955551 19.258
 26    42.497 53112.56752181 14.05 301.183623 -27.900189 15.525
 26    42.643 53112.56752246 14.74 301.182763 -27.903469 15.525
 26    42.500 53112.56752310 16.81 301.181903 -27.906749 15.525
 26    42.573 53112.56752374 17.42 301.181043 -27.910029 15.525
 26    42.525 53112.56752439 20.21 301.180173 -27.913319 15.525
 27    43.297 53147.56756692 23.38 301.186722 -27.905583 19.632
 27    43.429 53147.56756757 29.46 301.185862 -27.908863 19.632
 27    43.302 53147.56756821 34.68 301.185002 -27.912143 19.632
 27    43.329 53147.56756885 36.64 301.184132 -27.915433 19.632
 27    43.394 53147.56756950 37.78 301.183272 -27.918713 19.632
 27    43.353 53147.56757014 38.70 301.182412 -27.921993 19.632
 27    43.227 53147.56757079 33.38 301.181542 -27.925273 19.632
 27    43.036 53147.56757530 34.41 301.175502 -27.948253 19.632
 27    43.025 53147.56757595 32.08 301.174642 -27.951543 19.632
 28    67.327 53182.56757358 23.94 301.189525 -27.931139  8.317
 28    67.907 53182.56757422 23.74 301.188655 -27.934429  8.317
 28    68.045 53182.56757487 24.91 301.187795 -27.937709  8.317
 28    68.157 53182.56757551 23.65 301.186935 -27.940989  8.317
 28    67.552 53182.56757615 24.43 301.186075 -27.944269  8.317
 28    66.814 53182.56757680 24.83 301.185205 -27.947559  8.317
 28    66.761 53182.56757744 20.48 301.184345 -27.950839  8.317
 29    44.154 53217.56759398 53.23 301.188514 -27.912725 41.016
 29    44.127 53217.56759462 52.39 301.187644 -27.916005 41.016
 29    43.970 53217.56759527 50.33 301.186784 -27.919295 41.016
 29    43.918 53217.56759591 50.34 301.185924 -27.922575 41.016
 29    43.926 53217.56759656 54.13 301.185064 -27.925855 41.016
 29    43.935 53217.56759720 50.75 301.184194 -27.929145 41.016
 29    43.951 53217.56759785 50.26 301.183334 -27.932425 41.016
 29    43.872 53217.56759978 49.64 301.180744 -27.942275 41.016
 29    43.872 53217.56760043 50.59 301.179884 -27.945555 41.016
 29    43.815 53217.56760107 52.23 301.179024 -27.948835 41.016
 29    43.806 53217.56760172 51.21 301.178154 -27.952115 41.016
 29    43.802 53217.56760236 49.86 301.177294 -27.955405 41.016
 30    60.867 53252.56757139 13.40 301.189053 -27.910322 11.254
 30    42.590 53252.56757203 15.11 301.188193 -27.913602 11.254
 30    42.557 53252.56757268 15.77 301.187333 -27.916882 11.254
 30    42.638 53252.56757332 17.50 301.186473 -27.920172 11.254
 30    42.385 53252.56757397 17.73 301.185613 -27.923452 11.254
 30    42.533 53252.56757461 18.17 301.184743 -27.926732 11.254
 30    42.655 53252.56757526 16.11 301.183883 -27.930012 11.254
 30    43.149 53252.56757719 27.79 301.181294 -27.939868 14.800
 30    43.132 53252.56757783 30.88 301.180434 -27.943148 14.800
 30    43.114 53252.56757848 29.57 301.179574 -27.946428 14.800
 30    42.523 53252.56757912 27.50 301.178704 -27.949708 14.800
 30    42.448 53252.56757977 20.18 301.177844 -27.952998 14.800
 30    42.330 53252.56758041 15.25 301.176984 -27.956278 14.800
 31    42.234 53287.56756815 15.28 301.183207 -27.899258 15.175
 31    42.614 53287.56756880 16.03 301.182347 -27.902538 15.175
 31    42.529 53287.56756944 22.12 301.181487 -27.905818 15.175
 31    42.698 53287.56757009 19.00 301.180617 -27.909108 15.175
 31    42.773 53287.56757073 21.26 301.179757 -27.912388 15.175
 34    44.162 53392.56752668 41.96 301.186375 -27.908353 22.854
 34    44.114 53392.56752732 39.69 301.185505 -27.911643 22.854
 34    43.895 53392.56752797 35.93 301.184645 -27.914923 22.854
 34    43.978 53392.56752861 32.83 301.183785 -27.918203 22.854
 34    43.818 53392.56752925 30.74 301.182915 -27.921483 22.854
 34    43.938 53392.56752990 29.33 301.182055 -27.924773 22.854
 34    43.728 53392.56753441 40.17 301.176015 -27.947743 22.854
 34    43.800 53392.56753506 40.54 301.175147 -27.951036 16.942
 34    43.685 53392.56753570 31.54 301.174287 -27.954316 16.942
 35    43.390 53427.56752696 20.88 301.188863 -27.936145  5.734
 35    43.201 53427.56752761 23.74 301.188003 -27.939435  5.734
 35    43.247 53427.56752825 24.69 301.187133 -27.942715  5.734
 35    43.233 53427.56752890 25.13 301.186273 -27.945995  5.734
 35    43.169 53427.56752954 25.19 301.185413 -27.949275  5.734
 36    64.146 53462.56753935 22.06 301.189536 -27.914366  8.754
 36    64.474 53462.56754000 22.51 301.188676 -27.917656  8.754
 36    64.730 53462.56754064 23.36 301.187816 -27.920936  8.754
 36    65.516 53462.56754129 20.96 301.186956 -27.924216  8.754
 36    66.450 53462.56754193 20.21 301.186086 -27.927506  8.754
 36    66.925 53462.56754258 19.39 301.185226 -27.930786  8.754
 36    67.012 53462.56754322 22.77 301.184366 -27.934066  8.754
 36    43.370 53462.56754387 27.62 301.183496 -27.937346  8.754
 36    66.903 53462.56754451 24.75 301.182636 -27.940636  8.754
 36    66.113 53462.56754516 23.79 301.181770 -27.943920  7.257
 36    65.897 53462.56754580 20.18 301.180910 -27.947200  7.257
 36    65.593 53462.56754645 18.71 301.180050 -27.950480  7.257
 36    64.731 53462.56754709 18.09 301.179180 -27.953760  7.257
 36    64.502 53462.56754773 15.34 301.178320 -27.957040  7.257
 37    64.147 53497.56761036 18.41 301.183564 -27.903942  9.345
 37    63.409 53497.56761100 20.42 301.182704 -27.907222  9.345
 37    63.451 53497.56761165 21.15 301.181844 -27.910502  9.345
 37    63.018 53497.56761229 22.26 301.180974 -27.913782  9.345
 37    62.955 53497.56761294 21.73 301.180114 -27.917072  9.345
 38    43.002 53532.56759576 41.31 301.190269 -27.926878 17.113
 38    42.959 53532.56759640 38.26 301.189409 -27.930158 17.113
 38    42.984 53532.56759704 30.52 301.188549 -27.933448 17.113
 38    42.797 53532.56759769 33.46 301.187679 -27.936728 17.113
 38    67.532 53532.56759833 28.26 301.186819 -27.940008 17.113
 38    42.849 53532.56759898 27.47 301.185959 -27.943288 17.113
 40    42.044 53602.56756119 46.34 301.190127 -27.926288 27.220
 40    42.190 53602.56756184 50.07 301.189257 -27.929578 27.220
 40    42.003 53602.56756248 50.69 301.188397 -27.932858 27.220
 40    42.084 53602.56756313 49.08 301.187537 -27.936138 27.220
 40    41.853 53602.56756377 37.88 301.186677 -27.939428 27.220
 40    41.874 53602.56756442 40.69 301.185807 -27.942708 27.220
 40    41.895 53602.56756506 45.54 301.184947 -27.945988 27.220
 40    41.927 53602.56756571 38.66 301.184087 -27.949268 27.220
 40    41.869 53602.56756635 35.50 301.183227 -27.952558 27.220
 41    42.898 53637.56755490 12.41 301.185801 -27.903198 16.510
 41    43.098 53637.56755683 14.27 301.183211 -27.913048 16.510
 41    42.980 53637.56755748 16.55 301.182351 -27.916328 16.510
 41    43.070 53637.56755812 20.14 301.181491 -27.919608 16.510
 42    43.211 53672.56757590 21.53 301.185508 -27.904062 28.228
 42    43.585 53672.56757654 21.32 301.184648 -27.907342 28.228
 42    43.446 53672.56757719 22.56 301.183788 -27.910622 28.228
 42    43.593 53672.56757783 22.64 301.182918 -27.913912 28.228
 42    43.755 53672.56757848 22.31 301.182058 -27.917192 28.228
 42    44.015 53672.56757912 27.19 301.181198 -27.920472 28.228
 45    42.787 53777.56744921 45.86 301.189910 -27.927900 24.560
 45    42.816 53777.56744985 49.87 301.189050 -27.931180 24.560
 45    42.868 53777.56745050 48.55 301.188190 -27.934460 24.560
 45    42.865 53777.56745114 50.41 301.187320 -27.937750 24.560
 45    42.804 53777.56745179 47.52 301.186460 -27.941030 24.560
 45    42.761 53777.56745243 49.07 301.185600 -27.944310 24.560
 45    42.707 53777.56745308 51.21 301.184730 -27.947590 24.560
 45    42.649 53777.56745372 49.27 301.183870 -27.950880 24.560
 47    44.037 53847.56747527 38.98 301.185778 -27.906038 22.372
 47    43.937 53847.56747592 35.64 301.184918 -27.909318 22.372
 47    43.930 53847.56747656 36.74 301.184058 -27.912598 22.372
 47    43.750 53847.56747721 35.86 301.183188 -27.915888 22.372
 47    43.851 53847.56747785 31.71 301.182328 -27.919168 22.372
 47    43.841 53847.56747850 35.60 301.181468 -27.922448 22.372
 49    42.914 53917.56755613 33.78 301.184679 -27.900819 21.783
 49    42.913 53917.56755678 27.59 301.183819 -27.904099 21.783
 49    42.796 53917.56755742 25.81 301.182959 -27.907379 21.783
 49    42.725 53917.56755807 26.63 301.182099 -27.910659 21.783
 49    42.682 53917.56755871 27.98 301.181229 -27.913949 21.783
 49    42.831 53917.56755936 31.06 301.180369 -27.917229 21.783
 50    42.271 53952.56756059 13.27 301.184073 -27.900026 23.364
 50    42.590 53952.56756124 13.98 301.183213 -27.903316 23.364
 50    42.677 53952.56756188 15.54 301.182353 -27.906596 23.364
 50    42.819 53952.56756253 19.87 301.181493 -27.909876 23.364
 50    42.589 53952.56756317 19.51 301.180623 -27.913156 23.364
 50    42.778 53952.56756381 21.88 301.179763 -27.916446 23.364
 52    43.128 54022.56754172 16.37 301.187926 -27.912583 17.538
 52    43.223 54022.56754236 15.35 301.187056 -27.915873 17.538
 52    43.109 54022.56754301 15.78 301.186196 -27.919153 17.538
 52    43.213 54022.56754365 16.77 301.185336 -27.922433 17.538
 52    43.456 54022.56754430 19.76 301.184466 -27.925723 17.538
 52    43.139 54022.56754494 18.34 301.183606 -27.929003 17.538
 52    42.764 54022.56754752 32.63 301.180156 -27.942133 17.538
 52    42.907 54022.56754817 28.88 301.179286 -27.945413 17.538
 52    43.128 54022.56754881 29.30 301.178426 -27.948693 17.538
 52    43.093 54022.56754945 28.37 301.177566 -27.951983 17.538
 52    42.868 54022.56755010 20.12 301.176696 -27.955263 17.538
 54    64.778 54092.56751701 13.60 301.190931 -27.919295  7.666
 54    65.610 54092.56751765 13.78 301.190071 -27.922585  7.666
 54    66.256 54092.56751830 14.29 301.189211 -27.925865  7.666
 54    66.691 54092.56751894 16.56 301.188351 -27.929145  7.666
 54    67.295 54092.56751959 17.30 301.187481 -27.932425  7.666
 54    67.437 54092.56752023 19.40 301.186621 -27.935715  7.666
 54    67.218 54092.56752088 21.10 301.185761 -27.938995  7.666
 54    42.720 54092.56752152 22.18 301.184901 -27.942275  7.666
 54    42.757 54092.56752217 25.16 301.184031 -27.945565  7.666
 54    42.870 54092.56752281 25.27 301.183171 -27.948845  7.666
 54    42.990 54092.56752345 24.37 301.182311 -27.952125  7.666
 54    42.856 54092.56752410 19.43 301.181441 -27.955405  7.666
 55    44.606 54127.56745059 21.50 301.188070 -27.910711 19.148
 55    44.939 54127.56745123 20.79 301.187200 -27.913991 19.148
 55    45.174 54127.56745188 21.52 301.186340 -27.917271 19.148
 55    45.260 54127.56745252 22.72 301.185480 -27.920551 19.148
 55    45.193 54127.56745317 25.56 301.184620 -27.923841 19.148
 55    45.256 54127.56745381 29.78 301.183750 -27.927121 19.148
 55    45.173 54127.56745703 40.77 301.179440 -27.943531 19.148
 55    45.142 54127.56745768 33.34 301.178570 -27.946821 19.148
 55    45.102 54127.56745832 29.44 301.177710 -27.950101 19.148
 55    44.972 54127.56745897 20.03 301.176850 -27.953381 19.148
 55    44.513 54127.56745961 21.16 301.175980 -27.956661 19.148
 56    64.304 54162.56748493 21.97 301.189291 -27.911461 12.311
 56    63.449 54162.56748557 22.60 301.188421 -27.914751 12.311
 56    63.719 54162.56748622 23.45 301.187561 -27.918031 12.311
 56    63.069 54162.56748686 25.98 301.186701 -27.921311 12.311
 56    45.690 54162.56748751 26.84 301.185841 -27.924601 12.311
 56    45.747 54162.56748815 29.80 301.184978 -27.927876 12.321
 56    45.603 54162.56748880 33.13 301.184108 -27.931166 12.321
 56    45.677 54162.56748944 36.13 301.183248 -27.934446 12.321
 56    45.563 54162.56749073 32.92 301.181528 -27.941006 12.321
 56    45.625 54162.56749137 33.01 301.180658 -27.944296 12.321
 56    45.544 54162.56749202 30.10 301.179798 -27.947576 12.321
 56    45.318 54162.56749266 28.37 301.178938 -27.950856 12.321
 56    45.183 54162.56749331 25.72 301.178068 -27.954146 12.321
 57    64.477 54197.56745323 17.28 301.187712 -27.912257 13.048
 57    64.135 54197.56745388 17.89 301.186852 -27.915537 13.048
 57    64.047 54197.56745452 19.50 301.185982 -27.918827 13.048
 57    64.350 54197.56745517 21.57 301.185122 -27.922103 14.342
 57    44.610 54197.56745581 23.82 301.184262 -27.925393 14.342
 57    44.039 54197.56745646 28.38 301.183402 -27.928673 14.342
 57    43.982 54197.56745904 38.11 301.179942 -27.941803 14.342
 57    43.919 54197.56745968 32.88 301.179082 -27.945083 14.342
 57    43.971 54197.56746033 26.87 301.178212 -27.948373 14.342
 57    44.593 54197.56746097 22.02 301.177352 -27.951653 14.342
 57    43.872 54197.56746162 19.68 301.176492 -27.954933 14.342
 58    43.582 54232.56749848 18.14 301.188410 -27.917245 11.547
 58    43.780 54232.56749913 19.72 301.187550 -27.920525 11.547
 58    43.861 54232.56749977 21.54 301.186690 -27.923805 11.547
 58    43.898 54232.56750041 23.73 301.185820 -27.927095 11.547
 58    44.116 54232.56750106 27.26 301.184963 -27.930370 12.301
 58    43.944 54232.56750170 30.98 301.184103 -27.933660 12.301
 58    43.887 54232.56750235 32.74 301.183233 -27.936940 12.301
 58    43.746 54232.56750299 34.12 301.182373 -27.940220 12.301
 58    43.869 54232.56750364 31.62 301.181513 -27.943510 12.301
 58    43.928 54232.56750428 30.43 301.180643 -27.946790 12.301
 58    43.949 54232.56750493 29.02 301.179783 -27.950070 12.301
 58    43.690 54232.56750557 22.61 301.178923 -27.953350 12.301
 58    43.848 54232.56750622 17.88 301.178053 -27.956640 12.301
 59    43.617 54267.56751709 16.46 301.189779 -27.915465 13.019
 59    43.726 54267.56751774 17.89 301.188919 -27.918745 13.019
 59    43.998 54267.56751838 19.46 301.188059 -27.922025 13.019
 59    43.894 54267.56751903 20.72 301.187199 -27.925315 13.019
 59    43.999 54267.56751967 22.77 301.186334 -27.928588 17.441
 59    43.626 54267.56752032 30.07 301.185474 -27.931878 17.441
 59    43.590 54267.56752096 39.23 301.184604 -27.935158 17.441
 59    43.721 54267.56752161 30.68 301.183744 -27.938438 17.441
 59    43.600 54267.56752225 29.72 301.182884 -27.941728 17.441
 59    43.628 54267.56752289 30.05 301.182014 -27.945008 17.441
 59    43.611 54267.56752354 33.88 301.181154 -27.948288 17.441
 59    43.474 54267.56752418 31.42 301.180294 -27.951568 17.441
 59    43.418 54267.56752483 29.31 301.179424 -27.954858 17.441
 60    43.311 54302.56752084 25.08 301.190757 -27.913357 13.851
 60    43.122 54302.56752148 30.24 301.189897 -27.916637 13.851
 60    43.195 54302.56752213 35.52 301.189037 -27.919917 13.851
 60    43.187 54302.56752277 38.95 301.188177 -27.923207 13.851
 60    43.067 54302.56752342 38.53 301.187313 -27.926482 19.221
 60    42.938 54302.56752406 34.11 301.186453 -27.929772 19.221
 60    42.952 54302.56752471 33.24 301.185583 -27.933052 19.221
 60    42.901 54302.56752535 31.57 301.184723 -27.936332 19.221
 60    42.850 54302.56752600 30.35 301.183863 -27.939612 19.221
 60    42.838 54302.56752664 27.17 301.182993 -27.942902 19.221
 60    42.952 54302.56752728 29.89 301.182133 -27.946182 19.221
 60    42.786 54302.56752793 28.09 301.181273 -27.949462 19.221
 60    42.734 54302.56752857 32.83 301.180403 -27.952752 19.221
 60    42.743 54302.56752922 32.59 301.179543 -27.956032 19.221
 61    42.444 54337.56750750 14.67 301.190583 -27.916978 14.441
 61    42.182 54337.56750815 15.65 301.189723 -27.920258 14.441
 61    42.259 54337.56750879 16.97 301.188863 -27.923538 14.441
 61    42.359 54337.56750944 18.22 301.188003 -27.926828 14.441
 61    42.628 54337.56751008 18.65 301.187141 -27.930103 12.408
 61    42.432 54337.56751072 26.33 301.186271 -27.933393 12.408
 61    42.567 54337.56751137 26.95 301.185411 -27.936673 12.408
 61    42.738 54337.56751201 23.43 301.184551 -27.939953 12.408
 61    42.920 54337.56751266 24.55 301.183691 -27.943233 12.408
 61    42.890 54337.56751330 21.16 301.182821 -27.946523 12.408
 61    42.454 54337.56751395 24.14 301.181961 -27.949803 12.408
 61    42.423 54337.56751459 20.38 301.181101 -27.953083 12.408
 61    42.243 54337.56751524 17.51 301.180231 -27.956373 12.408
 62    42.623 54372.56745436 17.04 301.188344 -27.915864 11.823
 62    43.024 54372.56745500 18.12 301.187484 -27.919144 11.823
 62    42.525 54372.56745565 20.06 301.186624 -27.922424 11.823
 62    42.443 54372.56745629 22.66 301.185764 -27.925704 11.823
 62    42.263 54372.56745694 25.21 301.184894 -27.928994 11.823
 62    42.273 54372.56745758 31.88 301.184034 -27.932268 16.647
 62    42.647 54372.56745823 40.31 301.183174 -27.935558 16.647
 62    42.636 54372.56745887 34.16 301.182304 -27.938838 16.647
 62    42.914 54372.56745952 28.14 301.181444 -27.942118 16.647
 62    42.669 54372.56746016 32.58 301.180584 -27.945408 16.647
 62    42.454 54372.56746081 33.67 301.179714 -27.948688 16.647
 62    42.536 54372.56746145 31.04 301.178854 -27.951968 16.647
 62    42.455 54372.56746209 28.01 301.177994 -27.955248 16.647
 63    63.369 54407.56745264 19.03 301.189133 -27.914436  9.786
 63    42.885 54407.56745328 19.74 301.188273 -27.917726  9.786
 63    43.162 54407.56745393 21.14 301.187403 -27.921006  9.786
 63    42.863 54407.56745457 22.17 301.186543 -27.924286  9.786
 63    42.686 54407.56745522 23.76 301.185683 -27.927566  9.786
 63    42.647 54407.56745586 26.53 301.184823 -27.930856  9.786
 63    42.821 54407.56745651 31.80 301.183958 -27.934133 19.279
 63    42.806 54407.56745715 40.85 301.183098 -27.937423 19.279
 63    42.738 54407.56745780 42.63 301.182228 -27.940703 19.279
 63    42.777 54407.56745844 43.16 301.181368 -27.943983 19.279
 63    42.667 54407.56745909 41.34 301.180508 -27.947263 19.279
 63    42.663 54407.56745973 38.85 301.179638 -27.950553 19.279
 63    42.430 54407.56746038 37.82 301.178778 -27.953833 19.279
 63    42.301 54407.56746102 29.44 301.177918 -27.957113 19.279
 64    42.988 54442.56741346 49.34 301.187457 -27.911498 26.190
 64    42.927 54442.56741410 53.21 301.186587 -27.914788 26.190
 64    42.823 54442.56741475 49.12 301.185727 -27.918068 26.190
 64    42.826 54442.56741539 49.91 301.184867 -27.921348 26.190
 64    42.960 54442.56741604 46.91 301.183997 -27.924628 26.190
 64    42.758 54442.56741668 47.13 301.183137 -27.927918 26.190
 64    42.718 54442.56741991 47.79 301.178821 -27.944323 39.737
 64    42.736 54442.56742055 48.78 301.177961 -27.947613 39.737
 64    42.694 54442.56742119 48.17 301.177091 -27.950893 39.737
 64    42.674 54442.56742184 47.16 301.176231 -27.954173 39.737
 65    60.922 54477.56744161 14.10 301.190212 -27.915125 10.289
 65    43.243 54477.56744226 15.57 301.189352 -27.918405 10.289
 65    43.151 54477.56744290 16.60 301.188482 -27.921695 10.289
 65    43.152 54477.56744355 18.32 301.187622 -27.924975 10.289
 65    43.071 54477.56744419 20.40 301.186762 -27.928255 10.289
 65    42.824 54477.56744484 20.78 301.185902 -27.931535 10.289
 65    42.990 54477.56744548 21.16 301.185032 -27.934825 10.289
 65    42.836 54477.56744613 22.10 301.184172 -27.938105 10.289
 65    42.713 54477.56744677 25.93 301.183312 -27.941385 10.289
 65    42.699 54477.56744742 26.10 301.182442 -27.944675 10.289
 65    43.050 54477.56744806 27.45 301.181582 -27.947955 10.289
 65    43.082 54477.56744871 22.15 301.180722 -27.951235 10.289
 65    43.085 54477.56744935 24.87 301.179852 -27.954515 10.289
 66    43.331 54512.56742855 40.97 301.188600 -27.909775 32.108
 66    43.241 54512.56742919 44.23 301.187730 -27.913065 32.108
 66    43.217 54512.56742984 45.96 301.186870 -27.916345 32.108
 66    43.134 54512.56743048 48.46 301.186010 -27.919625 32.108
 66    43.128 54512.56743113 47.76 301.185140 -27.922915 32.108
 66    43.183 54512.56743177 43.89 301.184280 -27.926195 32.108
 66    43.077 54512.56743242 40.02 301.183420 -27.929475 32.108
 66    43.065 54512.56743500 48.36 301.179960 -27.942605 32.108
 66    43.041 54512.56743564 51.46 301.179100 -27.945895 32.108
 66    42.968 54512.56743629 49.86 301.178240 -27.949175 32.108
 66    42.905 54512.56743693 48.16 301.177370 -27.952455 32.108
 66    42.796 54512.56743758 43.71 301.176510 -27.955735 32.108
 67    43.634 54547.56745530 48.69 301.190107 -27.916314 38.666
 67    43.640 54547.56745595 50.15 301.189237 -27.919594 38.666
 67    43.539 54547.56745659 50.94 301.188377 -27.922884 38.666
 67    43.643 54547.56745724 49.44 301.187517 -27.926164 38.666
 67    43.449 54547.56745788 52.07 301.186657 -27.929444 38.666
 67    43.424 54547.56745853 52.13 301.185787 -27.932734 38.666
 67    43.494 54547.56745917 48.89 301.184927 -27.936014 38.666
 67    43.372 54547.56745982 46.19 301.184067 -27.939294 38.666
 67    43.302 54547.56746046 47.99 301.183207 -27.942584 38.666
 67    43.289 54547.56746111 51.27 301.182337 -27.945864 38.666
 67    43.276 54547.56746175 51.27 301.181477 -27.949144 38.666
 67    43.304 54547.56746240 52.91 301.180617 -27.952424 38.666
 67    43.329 54547.56746304 48.51 301.179747 -27.955714 38.666
 68    59.673 54582.56742432 17.25 301.190583 -27.913399 11.499
 68    43.598 54582.56742497 17.52 301.189713 -27.916679 11.499
 68    43.843 54582.56742561 17.73 301.188853 -27.919969 11.499
 68    44.030 54582.56742626 17.26 301.187993 -27.923249 11.499
 68    44.047 54582.56742690 18.46 301.187133 -27.926529 11.499
 68    43.779 54582.56742755 21.92 301.186263 -27.929819 11.499
 68    43.801 54582.56742819 24.62 301.185403 -27.933099 11.499
 68    43.860 54582.56742884 28.43 301.184543 -27.936379 11.499
 68    43.822 54582.56742948 28.40 301.183673 -27.939659 11.499
 68    43.652 54582.56743012 28.00 301.182813 -27.942949 11.499
 68    43.768 54582.56743077 26.01 301.181953 -27.946229 11.499
 68    43.828 54582.56743141 21.01 301.181093 -27.949509 11.499
 68    43.380 54582.56743206 17.63 301.180223 -27.952789 11.499
 68    43.396 54582.56743270 15.83 301.179363 -27.956079 11.499
 69    62.558 54617.56744574 14.41 301.190186 -27.913513  8.893
 69    42.826 54617.56744638 15.25 301.189326 -27.916793  8.893
 69    63.860 54617.56744703 16.46 301.188466 -27.920073  8.893
 69    64.805 54617.56744767 17.93 301.187606 -27.923363  8.893
 69    42.288 54617.56744832 21.64 301.186736 -27.926643  8.893
 69    42.697 54617.56744896 21.87 301.185876 -27.929923  8.893
 69    42.942 54617.56744961 23.01 301.185016 -27.933203  8.893
 69    43.429 54617.56745025 22.13 301.184146 -27.936483  8.893
 69    43.416 54617.56745090 23.94 301.183288 -27.939776 11.147
 69    43.375 54617.56745154 24.05 301.182428 -27.943056 11.147
 69    43.272 54617.56745219 25.39 301.181558 -27.946336 11.147
 69    42.820 54617.56745283 25.29 301.180698 -27.949616 11.147
 69    42.710 54617.56745347 28.51 301.179838 -27.952906 11.147
 69    42.511 54617.56745412 24.82 301.178978 -27.956186 11.147
 70    43.237 54652.56745745 21.14 301.188440 -27.911774 12.818
 70    62.370 54652.56745810 15.65 301.187580 -27.915054 12.818
 70    63.518 54652.56745874 15.83 301.186710 -27.918344 12.818
 70    64.453 54652.56745939 15.57 301.185850 -27.921624 12.818
 70    64.984 54652.56746003 16.70 301.184990 -27.924904 12.818
 70    65.398 54652.56746068 16.39 301.184120 -27.928194 12.818
 70    43.340 54652.56746326 29.46 301.180670 -27.941324 12.818
 70    43.338 54652.56746390 31.11 301.179810 -27.944604 12.818
 70    43.163 54652.56746455 24.77 301.178950 -27.947884 12.818
 70    42.974 54652.56746519 27.42 301.178080 -27.951174 12.818
 70    42.926 54652.56746584 26.75 301.177220 -27.954454 12.818
 71    43.162 54687.56744817 16.31 301.190165 -27.915748 18.023
 71    43.032 54687.56744882 17.28 301.189305 -27.919028 18.023
 71    43.258 54687.56744946 18.03 301.188445 -27.922308 18.023
 71    43.074 54687.56745010 20.02 301.187575 -27.925588 18.023
 71    43.075 54687.56745075 23.09 301.186715 -27.928878 18.023
 71    43.034 54687.56745139 24.21 301.185855 -27.932158 18.023
 71    43.039 54687.56745204 25.93 301.184995 -27.935438 18.023
 71    42.945 54687.56745268 25.83 301.184125 -27.938728 18.023
 71    42.708 54687.56745333 25.99 301.183265 -27.942008 18.023
 71    42.834 54687.56745397 26.19 301.182405 -27.945288 18.023
 71    42.926 54687.56745462 30.22 301.181545 -27.948568 18.023
 71    42.768 54687.56745526 32.70 301.180675 -27.951858 18.023
 71    42.946 54687.56745591 34.37 301.179815 -27.955138 18.023
 72    43.147 54722.56740432 15.14 301.188137 -27.911541 14.318
 72    42.989 54722.56740497 20.76 301.187267 -27.914821 14.318
 72    42.882 54722.56740561 17.24 301.186407 -27.918101 14.318
 72    42.719 54722.56740626 18.24 301.185547 -27.921381 14.318
 72    42.598 54722.56740690 19.09 301.184677 -27.924671 14.318
 72    42.603 54722.56740755 20.10 301.183817 -27.927951 14.318
 72    43.219 54722.56741012 34.60 301.180367 -27.941081 14.318
 72    43.311 54722.56741077 32.79 301.179507 -27.944361 14.318
 72    43.222 54722.56741141 25.50 301.178637 -27.947641 14.318
 72    42.619 54722.56741206 22.72 301.177777 -27.950931 14.318
 72    42.732 54722.56741270 23.76 301.176907 -27.954211 14.318
 73    64.282 54757.56742420 17.61 301.188913 -27.914536  8.547
 73    64.308 54757.56742484 17.74 301.188053 -27.917816  8.547
 73    64.735 54757.56742549 18.27 301.187183 -27.921106  8.547
 73    65.832 54757.56742613 16.63 301.186323 -27.924386  8.547
 73    66.489 54757.56742678 16.72 301.185463 -27.927666  8.547
 73    67.008 54757.56742742 17.05 301.184603 -27.930956  8.547
 73    43.505 54757.56742807 24.93 301.183733 -27.934236  8.547
 73    67.017 54757.56742871 22.83 301.182873 -27.937516  8.547
 73    66.788 54757.56742936 22.85 301.182013 -27.940806  8.547
 73    42.953 54757.56743000 27.31 301.181143 -27.944086  8.547
 73    43.136 54757.56743065 27.56 301.180283 -27.947366  8.547
 73    43.147 54757.56743129 25.26 301.179423 -27.950646  8.547
 73    64.123 54757.56743194 15.54 301.178553 -27.953926  8.547
 73    63.257 54757.56743258 12.74 301.177693 -27.957216  8.547
 74    43.717 54792.56739734 24.96 301.186258 -27.909565 18.442
 74    43.755 54792.56739799 18.98 301.185388 -27.912855 18.442
 74    43.555 54792.56739863 20.07 301.184528 -27.916135 18.442
 74    43.611 54792.56739928 21.54 301.183668 -27.919415 18.442
 74    43.983 54792.56739992 24.08 301.182798 -27.922705 18.442
 74    43.963 54792.56740057 23.39 301.181938 -27.925985 18.442
 74    43.450 54792.56740508 28.91 301.175898 -27.948965 18.442
 74    43.305 54792.56740572 23.46 301.175028 -27.952245 18.442
 74    43.036 54792.56740637 21.18 301.174168 -27.955525 18.442
 75    42.394 54827.56742098 45.04 301.189498 -27.912414 39.783
 75    42.641 54827.56742163 49.89 301.188638 -27.915694 39.783
 75    42.141 54827.56742227 52.01 301.187778 -27.918974 39.783
 75    42.276 54827.56742292 50.19 301.186918 -27.922264 39.783
 75    42.216 54827.56742356 50.80 301.186048 -27.925544 39.783
 75    42.125 54827.56742421 49.60 301.185188 -27.928824 39.783
 75    41.989 54827.56742485 54.35 301.184328 -27.932104 39.783
 75    42.254 54827.56742550 50.09 301.183458 -27.935394 39.783
 75    42.004 54827.56742614 51.36 301.182598 -27.938674 39.783
 75    42.069 54827.56742679 46.17 301.181738 -27.941954 39.783
 75    41.889 54827.56742743 44.25 301.180878 -27.945234 39.783
 75    41.956 54827.56742808 41.55 301.180008 -27.948524 39.783
 75    41.973 54827.56742872 45.19 301.179148 -27.951804 39.783
 75    41.854 54827.56742936 53.24 301.178288 -27.955084 39.783
 76    42.417 54862.56739229 26.46 301.188038 -27.912555 24.395
 76    42.522 54862.56739293 34.26 301.187178 -27.915835 24.395
 76    42.538 54862.56739358 36.15 301.186318 -27.919115 24.395
 76    42.257 54862.56739422 35.37 301.185448 -27.922405 24.395
 76    42.300 54862.56739487 27.93 301.184588 -27.925685 24.395
 76    42.299 54862.56739551 30.60 301.183728 -27.928965 24.395
 76    42.706 54862.56739809 30.64 301.180278 -27.942095 24.395
 76    42.408 54862.56739874 33.80 301.179408 -27.945375 24.395
 76    42.078 54862.56739938 36.77 301.178548 -27.948665 24.395
 76    42.121 54862.56740003 31.39 301.177688 -27.951945 24.395
 76    42.123 54862.56740067 34.08 301.176818 -27.955225 24.395
 77    43.529 54897.56742125 35.52 301.189532 -27.911238 31.629
 77    44.230 54897.56742189 36.96 301.188672 -27.914518 31.629
 77    43.400 54897.56742254 35.79 301.187802 -27.917798 31.629
 77    43.267 54897.56742318 34.66 301.186942 -27.921088 31.629
 77    43.273 54897.56742383 34.91 301.186082 -27.924368 31.629
 77    43.254 54897.56742447 34.51 301.185222 -27.927648 31.629
 77    43.226 54897.56742512 36.66 301.184352 -27.930938 31.629
 77    43.254 54897.56742576 38.43 301.183492 -27.934218 31.629
 77    43.232 54897.56742705 45.27 301.181772 -27.940788 31.629
 77    43.229 54897.56742770 43.14 301.180902 -27.944068 31.629
 77    43.219 54897.56742834 44.18 301.180042 -27.947348 31.629
 77    43.140 54897.56742899 39.24 301.179182 -27.950628 31.629
 77    43.062 54897.56742963 36.04 301.178312 -27.953918 31.629
 77    43.081 54897.56743028 40.87 301.177452 -27.957198 31.629
 78    43.548 54932.56738624 36.75 301.188178 -27.909623 18.117
 78    43.947 54932.56738689 36.41 301.187318 -27.912903 18.117
 78    43.116 54932.56738753 24.59 301.186448 -27.916193 18.117
 78    42.885 54932.56738818 23.44 301.185588 -27.919473 18.117
 78    42.823 54932.56738882 24.98 301.184728 -27.922753 18.117
 78    42.732 54932.56738947 23.85 301.183858 -27.926033 18.117
 78    42.860 54932.56739011 27.99 301.182998 -27.929323 18.117
 78    42.575 54932.56739269 32.36 301.179548 -27.942453 18.117
 78    42.805 54932.56739333 33.82 301.178688 -27.945733 18.117
 78    42.799 54932.56739398 35.75 301.177818 -27.949023 18.117
 78    42.822 54932.56739462 28.43 301.176958 -27.952303 18.117
 78    42.572 54932.56739527 20.11 301.176098 -27.955583 18.117
 79    42.254 54967.56742241 16.94 301.189214 -27.914540 17.504
 79    42.216 54967.56742305 19.39 301.188354 -27.917820 17.504
 79    41.979 54967.56742370 20.37 301.187494 -27.921100 17.504
 79    41.945 54967.56742434 23.46 301.186624 -27.924390 17.504
 79    42.030 54967.56742499 24.13 301.185764 -27.927670 17.504
 79    41.769 54967.56742563 23.21 301.184904 -27.930950 17.504
 79    41.871 54967.56742628 29.32 301.184034 -27.934240 17.504
 79    41.891 54967.56742692 29.92 301.183174 -27.937520 17.504
 79    41.790 54967.56742757 23.51 301.182314 -27.940800 17.504
 79    42.067 54967.56742821 20.74 301.181454 -27.944080 17.504
 79    41.794 54967.56742886 20.04 301.180584 -27.947370 17.504
 79    41.815 54967.56742950 19.38 301.179724 -27.950650 17.504
 79    41.712 54967.56743015 19.97 301.178864 -27.953930 17.504
 79    41.290 54967.56743079 24.59 301.177994 -27.957220 17.504
 80    61.645 55002.56744200 13.51 301.187234 -27.910326 10.869
 80    61.958 55002.56744264 15.13 301.186364 -27.913616 10.869
 80    63.275 55002.56744329 15.11 301.185504 -27.916896 10.869
 80    63.732 55002.56744393 16.66 301.184644 -27.920176 10.869
 80    42.525 55002.56744458 19.51 301.183774 -27.923466 10.869
 80    64.679 55002.56744522 19.33 301.182914 -27.926746 10.869
 80    42.288 55002.56744909 28.39 301.177734 -27.946446 10.869
 80    42.444 55002.56744973 27.23 301.176874 -27.949726 10.869
 80    42.085 55002.56745038 16.95 301.176014 -27.953006 10.869
 80    59.142 55002.56745102 14.65 301.175144 -27.956286 10.869
 81    43.673 55037.56742869 21.82 301.190542 -27.915029 18.722
 81    43.632 55037.56742934 23.69 301.189672 -27.918309 18.722
 81    43.930 55037.56742998 28.46 301.188812 -27.921599 18.722
 81    43.465 55037.56743063 27.91 301.187952 -27.924879 18.722
 81    43.582 55037.56743127 27.48 301.187092 -27.928159 18.722
 81    43.426 55037.56743192 30.62 301.186222 -27.931449 18.722
 81    43.313 55037.56743256 33.68 301.185362 -27.934729 18.722
 81    43.374 55037.56743321 31.81 301.184502 -27.938009 18.722
 81    43.336 55037.56743385 31.17 301.183642 -27.941289 18.722
 81    43.276 55037.56743449 35.54 301.182772 -27.944579 18.722
 81    43.287 55037.56743514 38.30 301.181912 -27.947859 18.722
 81    43.264 55037.56743578 37.49 301.181052 -27.951139 18.722
 81    42.982 55037.56743643 29.16 301.180182 -27.954429 18.722
 81    42.715 55037.56743707 25.34 301.179322 -27.957709 18.722
 82    61.218 55072.56741524 12.99 301.190789 -27.914549  9.775
 82    61.110 55072.56741588 13.66 301.189929 -27.917839  9.775
 82    60.727 55072.56741653 14.01 301.189069 -27.921119  9.775
 82    43.224 55072.56741717 14.53 301.188209 -27.924399  9.775
 82    43.408 55072.56741782 14.78 301.187349 -27.927679  9.775
 82    43.173 55072.56741846 16.55 301.186479 -27.930969  9.775
 82    43.209 55072.56741911 18.93 301.185619 -27.934249  9.775
 82    43.146 55072.56741975 22.45 301.184759 -27.937529  9.775
 82    43.176 55072.56742040 22.98 301.183889 -27.940819  9.775
 82    43.108 55072.56742104 24.17 301.183029 -27.944099  9.775
 82    42.952 55072.56742169 25.65 301.182169 -27.947379  9.775
 82    42.858 55072.56742233 24.02 301.181309 -27.950659  9.775
 82    42.953 55072.56742298 12.82 301.180439 -27.953949  9.775
 82    60.806 55072.56742362 11.95 301.179579 -27.957229  9.775
 83    44.860 55107.56736104 28.76 301.187023 -27.911215 18.516
 83    44.356 55107.56736169 26.75 301.186163 -27.914505 18.516
 83    44.335 55107.56736233 27.00 301.185293 -27.917785 18.516
 83    44.357 55107.56736298 27.82 301.184433 -27.921065 18.516
 83    44.347 55107.56736362 29.34 301.183573 -27.924345 18.516
 83    44.395 55107.56736426 31.20 301.182713 -27.927635 18.516
 83    44.472 55107.56736749 44.65 301.178393 -27.944045 18.516
 83    44.449 55107.56736813 45.65 301.177533 -27.947325 18.516
 83    44.450 55107.56736878 44.20 301.176663 -27.950615 18.516
 83    44.109 55107.56736942 28.16 301.175803 -27.953895 18.516
 84    64.471 55142.56736587 21.60 301.189537 -27.911625 21.296
 84    63.705 55142.56736652 23.54 301.188677 -27.914905 21.296
 84    64.150 55142.56736716 24.70 301.187817 -27.918185 21.296
 84    64.721 55142.56736781 24.80 301.186947 -27.921475 21.296
 84    44.930 55142.56736845 32.89 301.186087 -27.924755 21.296
 84    44.968 55142.56736910 38.55 301.185227 -27.928035 21.296
 84    45.017 55142.56736974 39.45 301.184357 -27.931325 21.296
 84    44.974 55142.56737039 41.31 301.183497 -27.934605 21.296
 84    45.102 55142.56737103 42.90 301.182637 -27.937885 21.296
 84    45.107 55142.56737168 41.54 301.181777 -27.941175 21.296
 84    45.260 55142.56737232 41.97 301.180907 -27.944455 21.296
 84    45.064 55142.56737297 42.66 301.180047 -27.947735 21.296
 84    45.095 55142.56737361 48.24 301.179187 -27.951015 21.296
 84    44.928 55142.56737426 41.72 301.178317 -27.954305 21.296
 85    66.367 55177.56733168 21.59 301.187932 -27.910981 14.697
 85    64.174 55177.56733232 22.83 301.187072 -27.914261 14.697
 85    63.865 55177.56733296 23.07 301.186212 -27.917541 14.697
 85    64.066 55177.56733361 23.85 301.185342 -27.920821 14.697
 85    63.779 55177.56733425 25.28 301.184482 -27.924111 14.697
 85    45.039 55177.56733490 30.75 301.183622 -27.927391 14.697
 85    45.044 55177.56733812 34.43 301.179302 -27.943801 14.697
 85    45.021 55177.56733877 28.92 301.178442 -27.947091 14.697
 85    44.782 55177.56733941 25.02 301.177572 -27.950371 14.697
 85    44.399 55177.56734006 20.80 301.176712 -27.953651 14.697
 86    45.055 55212.56736136 22.52 301.188911 -27.914779 11.411
 86    45.273 55212.56736200 22.25 301.188051 -27.918059 11.411
 86    45.483 55212.56736265 23.11 301.187181 -27.921349 11.411
 86    45.555 55212.56736329 25.40 301.186321 -27.924629 11.411
 86    45.573 55212.56736394 27.31 301.185461 -27.927909 11.411
 86    45.588 55212.56736458 28.52 301.184591 -27.931199 11.411
 86    45.664 55212.56736523 33.58 301.183731 -27.934479 11.411
 86    45.609 55212.56736587 35.02 301.182871 -27.937759 11.411
 86    45.573 55212.56736652 32.10 301.182011 -27.941039 11.411
 86    45.557 55212.56736716 29.77 301.181141 -27.944329 11.411
 86    45.445 55212.56736780 26.06 301.180281 -27.947609 11.411
 86    45.484 55212.56736845 22.01 301.179421 -27.950889 11.411
 86    45.086 55212.56736909 23.12 301.178551 -27.954179 11.411
 87    44.599 55247.56733391 21.95 301.188910 -27.910673 15.761
 87    44.675 55247.56733455 22.48 301.188050 -27.913953 15.761
 87    44.760 55247.56733520 22.63 301.187190 -27.917233 15.761
 87    45.180 55247.56733584 23.27 301.186330 -27.920513 15.761
 87    45.230 55247.56733649 24.70 301.185460 -27.923803 15.761
 87    45.201 55247.56733713 27.81 301.184600 -27.927083 15.761
 87    45.280 55247.56733778 31.36 301.183740 -27.930363 15.761
 87    45.359 55247.56733971 39.95 301.181150 -27.940213 15.761
 87    45.218 55247.56734036 33.51 301.180280 -27.943493 15.761
 87    45.134 55247.56734100 28.03 301.179420 -27.946783 15.761
 87    45.127 55247.56734164 22.81 301.178554 -27.950058 12.997
 87    44.871 55247.56734229 21.07 301.177694 -27.953348 12.997
 87    43.944 55247.56734293 22.22 301.176834 -27.956628 12.997
 88    44.697 55282.56735435 20.63 301.189287 -27.915346  9.887
 88    63.727 55282.56735499 21.43 301.188427 -27.918626  9.887
 88    44.515 55282.56735564 22.52 301.187567 -27.921906  9.887
 88    44.551 55282.56735628 23.64 301.186697 -27.925196  9.887
 88    44.593 55282.56735692 26.32 301.185837 -27.928476  9.887
 88    44.651 55282.56735757 30.23 301.184977 -27.931756  9.887
 88    44.638 55282.56735821 31.15 301.184107 -27.935046  9.887
 88    44.653 55282.56735886 32.91 301.183247 -27.938326  9.887
 88    44.600 55282.56735950 29.93 301.182387 -27.941606  9.887
 88    44.613 55282.56736015 29.29 301.181527 -27.944886  9.887
 88    44.594 55282.56736079 26.75 301.180657 -27.948176  9.887
 88    44.728 55282.56736144 24.69 301.179797 -27.951456  9.887
 88    44.642 55282.56736208 21.33 301.178937 -27.954736  9.887
 89    45.198 55317.56732324 42.24 301.188439 -27.913706 21.828
 89    45.175 55317.56732389 38.91 301.187579 -27.916986 21.828
 89    45.142 55317.56732453 38.08 301.186709 -27.920276 21.828
 89    45.090 55317.56732518 37.53 301.185849 -27.923556 21.828
 89    45.148 55317.56732582 34.67 301.184989 -27.926836 21.828
 89    45.223 55317.56732647 38.34 301.184119 -27.930126 21.828
 89    45.306 55317.56732711 45.15 301.183259 -27.933406 21.828
 89    45.334 55317.56732840 39.13 301.181539 -27.939966 21.828
 89    45.055 55317.56732905 37.53 301.180669 -27.943256 21.828
 89    45.097 55317.56732969 40.44 301.179809 -27.946536 21.828
 89    45.136 55317.56733034 45.58 301.178949 -27.949816 21.828
 89    45.169 55317.56733098 38.72 301.178079 -27.953096 21.828
 89    45.062 55317.56733163 33.48 301.177219 -27.956386 21.828
 90    44.018 55352.56732721 23.15 301.190052 -27.913904  9.189
 90    63.297 55352.56732785 23.91 301.189182 -27.917194  9.189
 90    63.834 55352.56732850 24.03 301.188322 -27.920474  9.189
 90    43.729 55352.56732914 24.35 301.187462 -27.923754  9.189
 90    43.710 55352.56732979 23.74 301.186602 -27.927034  9.189
 90    43.824 55352.56733043 24.85 301.185732 -27.930324  9.189
 90    43.958 55352.56733107 34.71 301.184872 -27.933604  9.189
 90    43.892 55352.56733172 37.05 301.184012 -27.936884  9.189
 90    43.835 55352.56733236 30.38 301.183142 -27.940164  9.189
 90    43.826 55352.56733301 28.45 301.182282 -27.943454  9.189
 90    44.020 55352.56733365 24.77 301.181422 -27.946734  9.189
 90    43.944 55352.56733430 28.21 301.180562 -27.950014  9.189
 90    43.870 55352.56733494 27.95 301.179692 -27.953294  9.189
 90    43.642 55352.56733559 23.51 301.178832 -27.956584  9.189
 91    43.455 55387.56732241 50.11 301.187053 -27.908945 31.699
 91    43.332 55387.56732305 47.70 301.186193 -27.912225 31.699
 91    43.084 55387.56732370 32.20 301.185323 -27.915515 31.699
 91    43.015 55387.56732434 29.27 301.184463 -27.918795 31.699
 91    42.953 55387.56732499 32.34 301.183603 -27.922075 31.699
 91    42.953 55387.56732563 33.95 301.182733 -27.925365 31.699
 91    43.564 55387.56732950 39.77 301.177553 -27.945055 31.699
 91    42.815 55387.56733014 41.42 301.176693 -27.948345 31.699
 91    42.808 55387.56733079 49.03 301.175833 -27.951625 31.699
 91    42.795 55387.56733143 44.56 301.174963 -27.954905 31.699
 92    65.037 55422.56734480 14.25 301.190167 -27.915741  9.733
 92    64.144 55422.56734544 15.25 301.189307 -27.919021  9.733
 92    64.826 55422.56734609 16.20 301.188447 -27.922301  9.733
 92    42.525 55422.56734673 18.74 301.187577 -27.925591  9.733
 92    42.429 55422.56734738 21.69 301.186717 -27.928871  9.733
 92    42.985 55422.56734802 20.65 301.185857 -27.932151  9.733
 92    43.279 55422.56734867 22.25 301.184987 -27.935441  9.733
 92    43.495 55422.56734931 22.39 301.184127 -27.938721  9.733
 92    43.157 55422.56734996 24.24 301.183267 -27.942001  9.733
 92    43.251 55422.56735060 22.15 301.182397 -27.945281  9.733
 92    43.145 55422.56735125 19.07 301.181537 -27.948571  9.733
 92    53.937 55422.56735189 18.33 301.180677 -27.951851  9.733
 92    42.843 55422.56735254 19.72 301.179817 -27.955131  9.733
 93    64.381 55457.56731866 16.27 301.191029 -27.916937 13.755
 93    64.735 55457.56731930 18.06 301.190169 -27.920217 13.755
 93    65.837 55457.56731995 18.97 301.189309 -27.923497 13.755
 93    66.056 55457.56732059 20.54 301.188439 -27.926777 13.755
 93    66.013 55457.56732124 22.37 301.187579 -27.930067 13.755
 93    42.738 55457.56732188 24.34 301.186719 -27.933347 13.755
 93    42.691 55457.56732253 26.43 301.185859 -27.936627 13.755
 93    42.568 55457.56732317 34.24 301.184989 -27.939917 13.755
 93    42.645 55457.56732381 32.14 301.184129 -27.943197 13.755
 93    42.470 55457.56732446 29.11 301.183269 -27.946477 13.755
 93    42.293 55457.56732510 24.97 301.182399 -27.949757 13.755
 93    42.478 55457.56732575 24.26 301.181539 -27.953047 13.755
 93    42.497 55457.56732639 20.59 301.180679 -27.956327 13.755
