# NaN NaN NaN ;Mean Elev.(m), Avg Gradient(m/km), RMS Gradient(m/km) - SRTM1     
#   18.991  -0.248   1.421 ;Mean Elev.(m), Avg Gradient(m/km), RMS Gradient(m/km) - ASTER GDEM
#   28.210   0.040   0.886 ;Mean Elev.(m), Avg Gradient(m/km), RMS Gradient(m/km) - GMTED2010 
  7 300.331230 -29.844908    27.260    27.192  6 52460.09614790 47.873
  9 300.330868 -29.844372    25.854    25.842  5 52530.09612482 22.030
 10 300.337453 -29.841430    26.948    26.975 13 52565.09614313 28.147
 11 300.324278 -29.859334    26.833    26.833  2 52600.09616666 29.105
 12 300.329637 -29.851177    27.747    27.759  3 52635.09612493 32.461
 13 300.328071 -29.853508    27.009    26.991  3 52670.09613425 26.918
 14 300.332351 -29.842073    28.009    28.011  7 52705.09612613 34.845
 15 300.327672 -29.855326    27.245    27.234  4 52740.09615857 29.719
 16 300.330293 -29.851146    26.613    26.609  4 52775.09610690 50.761
 17 300.329767 -29.852200    26.326    26.330  4 52810.09618108 25.674
 18 300.330601 -29.847966    26.101    26.084  4 52845.09623802 18.922
 19 300.328657 -29.854609    26.048    26.117  3 52880.09627430 20.721
 20 300.330233 -29.848380    26.312    26.311  4 52915.09623303 50.896
 21 300.335657 -29.840447    26.537    26.554 11 52950.09619384 52.066
 22 300.333683 -29.841874    26.465    26.481  9 52985.09621804 23.712
 23 300.329983 -29.851401    27.384    27.317  4 53020.09620715 31.608
 24 300.333779 -29.840472    26.116    26.152 10 53055.09619612 32.362
 26 300.331381 -29.843833    26.484    26.484  6 53125.09620298 31.377
 27 300.325693 -29.858345    27.320    27.313  3 53160.09626130 51.979
 28 300.330995 -29.846657    26.409    26.461  5 53195.09625968 35.823
 29 300.331671 -29.842696    26.862    26.833  7 53230.09624840 36.832
 30 300.325576 -29.858360    25.843    25.849  3 53265.09621653 49.293
 31 300.323867 -29.859290    25.824    25.824  2 53300.09626398 28.753
 32 300.329418 -29.852991    27.935    27.941  4 53335.09623498 46.051
 33 300.328606 -29.853315    27.289    27.294  3 53370.09617420 52.793
 35 300.327935 -29.854453    26.570    26.573  4 53440.09619440 43.337
 36 300.327765 -29.855974    26.790    26.791  3 53475.09625700 30.014
 37 300.329563 -29.851612    26.493    26.530  3 53510.09627454 24.430
 38 300.325704 -29.857191    27.308    27.309  3 53545.09629033 50.607
 40 300.324951 -29.857862    26.447    26.446  3 53615.09622107 27.104
 41 300.331235 -29.844817    26.463    26.559  5 53650.09623333 26.953
 42 300.325459 -29.856352    27.801    27.788  3 53685.09624193 32.711
 43 300.329960 -29.852465    26.669    26.671  4 53720.09616894 48.849
 44 300.337441 -29.841293    26.426    26.406 13 53755.09609504 26.840
 45 300.331110 -29.843965    26.555    26.525  5 53790.09612446 25.231
 46 300.336541 -29.841325    27.192    27.224 11 53825.09608102 31.527
 47 300.328258 -29.854218    26.794    26.794  4 53860.09617255 51.787
 48 300.331074 -29.844346    26.884    26.901  6 53895.09619220 36.380
 50 300.323921 -29.860570    26.357    26.357  2 53965.09622176 18.646
 51 300.334083 -29.839341    26.226    26.201 10 54000.09618147 26.272
 52 300.331149 -29.842533    26.608    26.694  6 54035.09622501 35.319
 53 300.330257 -29.848762    26.965    26.973  4 54070.09621750 34.746
 54 300.326260 -29.854747    27.425    27.294  3 54105.09617083 30.882
 55 300.330202 -29.848804    28.382    28.364  4 54140.09614971 33.587
 56 300.327800 -29.854415    28.440    28.413  4 54175.09615099 30.437
 57 300.330044 -29.851914    27.543    27.540  4 54210.09615505 37.578
 58 300.329895 -29.851587    27.887    27.880  4 54245.09618630 36.966
 59 300.329873 -29.851662    26.951    26.876  4 54280.09619801 27.231
 60 300.329905 -29.848690    26.640    26.640  4 54315.09619744 24.993
 61 300.328251 -29.854010    26.150    26.151  3 54350.09616515 46.778
 62 300.330534 -29.846235    26.645    26.641  5 54385.09613641 32.404
 63 300.328460 -29.855757    26.285    26.231  3 54420.09611434 23.841
 64 300.331211 -29.842489    26.749    26.750  6 54455.09610874 51.920
 65 300.329893 -29.852061    26.449    26.490  4 54490.09611529 24.321
 66 300.330968 -29.844255    26.777    26.747  6 54525.09612120 37.948
 67 300.328566 -29.855493    27.023    27.018  3 54560.09612354 34.146
 68 300.329579 -29.852580    27.450    27.415  4 54595.09611622 28.439
 69 300.329264 -29.853772    26.763    26.761  3 54630.09613003 51.838
 70 300.328843 -29.854862    26.445    26.432  3 54665.09613617 21.354
 71 300.329039 -29.853111    27.161    27.194  4 54700.09610720 28.490
 72 300.330748 -29.847783    26.319    26.475  5 54735.09609672 24.977
 73 300.329956 -29.851780    27.152    27.151  3 54770.09608728 48.380
 74 300.330324 -29.850160    26.494    26.419  4 54805.09608925 30.295
 75 300.329814 -29.850549    25.460    25.465  4 54840.09608269 35.410
 76 300.329790 -29.850954    25.992    26.150  4 54875.09609020 26.944
 77 300.326399 -29.854382    26.394    26.509  3 54910.09608730 24.890
 78 300.329977 -29.852354    25.872    25.923  4 54945.09608254 33.117
 79 300.328714 -29.853806    25.672    25.670  4 54980.09610938 15.011
 80 300.329693 -29.853194    26.106    26.126  3 55015.09611202 24.974
 81 300.329683 -29.848963    27.120    27.121  4 55050.09610678 41.248
 82 300.327350 -29.856148    26.551    26.482  3 55085.09607281 29.776
 83 300.331194 -29.844473    27.288    27.286  6 55120.09604033 34.725
 84 300.328098 -29.854216    27.968    27.905  3 55155.09603197 29.147
 85 300.330218 -29.848382    28.412    28.447  4 55190.09602905 29.171
 86 300.328665 -29.853860    28.748    28.730  4 55225.09603248 36.569
 87 300.330185 -29.848446    28.541    28.518  5 55260.09602427 39.717
 88 300.327825 -29.853517    28.017    27.961  3 55295.09601826 27.569
 89 300.327903 -29.853275    28.268    28.264  3 55330.09600607 35.721
 90 300.329309 -29.854063    27.272    27.260  3 55365.09599932 23.847
 91 300.330699 -29.848257    26.695    26.729  5 55400.09601153 29.116
 92 300.330133 -29.848990    26.506    26.436  4 55435.09601707 32.060
 93 300.327644 -29.854436    26.424    26.443  3 55470.09596987 25.607
