-145615.915     8.557     0.00    1.67
-145240.127     8.912     0.95    1.69
-144864.325     9.278     0.97    1.58
-144488.508     9.743     1.24    1.47
-144112.675     9.931     0.50    1.42
-143736.828     9.931     0.00    1.59
-143360.966     9.908    -0.06    1.49
-142985.090     9.981     0.20    1.53
-142609.198    10.338     0.95    1.60
-142233.292    10.522     0.49    1.71
-141857.371    10.652     0.35    1.79
-141481.435    10.481    -0.45    1.92
-141105.484    10.386    -0.25    1.99
-140729.518    10.766     1.01    1.73
-140353.538    10.741    -0.06    1.94
-139977.543    11.070     0.87    1.72
-139601.532    11.434     0.97    1.68
-139225.507    11.886     1.20    1.98
-138849.467    12.005     0.32    2.02
-138473.412    12.473     1.24    2.03
-138097.343    12.640     0.44    1.48
-137721.258    12.529    -0.29    1.58
-137345.159    12.473    -0.15    1.70
-136969.044    12.767     0.78    1.83
-136592.915    12.600    -0.44    1.70
-136216.771    12.595    -0.01    1.65
-135840.612    12.386    -0.56    1.52
-135464.438    11.866    -1.38    1.47
-135088.249    11.648    -0.58    1.34
-134712.046    11.077    -1.52    1.38
-134335.827    10.722    -0.94    1.44
-133959.594    10.243    -1.27    1.43
-133583.345     9.841    -1.07    1.33
-133207.082     9.474    -0.98    1.29
-132830.803     8.888    -1.56    1.33
-132454.510     8.743    -0.38    1.49
-132078.202     8.410    -0.89    1.47
-131701.879     7.892    -1.38    1.49
-131325.541     7.860    -0.08    1.46
-130949.188     7.866     0.02    1.38
-130572.820     7.767    -0.26    1.31
-130196.437     7.582    -0.49    1.27
-129820.039     7.505    -0.20    1.35
-129443.627     8.019     1.37    1.61
-129067.199     8.020     0.00    1.75
-128690.756     8.519     1.33    1.59
-128314.299     8.815     0.78    1.50
-127937.826     9.001     0.49    1.40
-127561.339     9.070     0.19    1.72
-127184.836     9.051    -0.05    1.70
-126808.318     9.292     0.64    1.70
-126431.786     9.490     0.53    1.58
-126055.238     9.951     1.23    1.50
-125678.676    10.481     1.41    1.46
-125302.098    10.943     1.23    1.13
-124925.506    10.860    -0.22    1.38
-124548.898    11.045     0.49    1.27
-124172.276    11.172     0.34    1.27
-123795.638    10.996    -0.47    1.26
-123418.986    10.665    -0.88    1.27
-123042.318    10.496    -0.45    1.33
-122665.636    10.446    -0.13    1.38
-122288.938    10.466     0.05    1.38
-121912.225    10.536     0.19    1.12
-121535.498    10.648     0.30    1.36
-121158.755    10.519    -0.34    1.50
-120781.997    10.609     0.24    1.52
-120405.225    10.724     0.30    1.36
-120028.437    10.303    -1.12    1.12
-119651.634    10.001    -0.80    0.98
-119277.261     9.908    -0.25    1.06
-118903.421     9.686    -0.59    1.15
-118529.566     9.451    -0.63    1.10
-118155.697     9.465     0.04    1.17
-117781.812     9.600     0.36    1.16
-117407.913     9.505    -0.25    1.12
-117033.999     9.400    -0.28    1.16
-116660.070     9.117    -0.76    1.15
-116286.127     8.715    -1.08    1.06
-115912.168     8.767     0.14    1.40
-115538.195     8.449    -0.85    1.70
-115164.207     8.233    -0.58    1.68
-114790.204     8.434     0.54    1.72
-114416.186     8.529     0.25    1.77
-114042.154     9.094     1.51    1.71
-113668.106     9.410     0.85    1.89
-113294.044     8.815    -1.59    1.74
-112919.967     8.546    -0.72    1.55
-112545.875     8.100    -1.19    1.52
-112171.768     7.791    -0.83    1.35
-111797.646     7.931     0.37    1.37
-111423.509     7.862    -0.18    1.34
-111049.357     7.839    -0.06    1.21
-110675.191     7.719    -0.32    1.05
-110301.010     7.791     0.19    1.07
-109926.813     7.862     0.19    1.17
-109552.602     7.910     0.13    1.25
-109178.376     8.219     0.83    1.40
-108804.135     8.187    -0.09    1.53
-108429.879     7.717    -1.25    1.64
-108055.609     7.481    -0.63    1.52
-107681.323     7.290    -0.51    1.55
-107307.022     7.233    -0.15    1.93
-106932.707     7.595     0.97    1.86
-106558.376     7.886     0.78    1.94
-106184.031     8.053     0.45    1.75
-105809.671     8.715     1.77    1.61
-105435.295     8.156    -1.49    1.68
-105060.905     8.148    -0.02    1.75
-104686.500     7.743    -1.08    1.61
-104312.080     7.884     0.38    1.52
-103937.645     7.815    -0.19    1.48
-103563.195     7.815     0.00    1.35
-103188.730     7.683    -0.35    1.36
-102814.250     7.610    -0.19    1.15
-102439.755     7.615     0.01    0.97
-102065.246     7.542    -0.19    0.95
-101690.721     7.696     0.41    0.86
-101316.181     7.507    -0.50    0.89
-100941.626     7.724     0.58    0.98
-100567.057     7.763     0.11    1.02
-100192.472     7.600    -0.44    1.18
 -99817.872     7.280    -0.86    1.44
 -99443.257     7.600     0.86    2.17
 -99068.628     7.701     0.27    2.51
 -98693.983     8.097     1.06    2.64
 -98319.323     8.110     0.04    2.32
 -97944.649     8.029    -0.22    2.46
 -97569.959     7.861    -0.45    1.83
 -97195.254     8.196     0.89    1.83
 -96820.534     8.540     0.92    1.80
 -96445.800     8.837     0.79    1.44
 -96071.050     8.840     0.01    1.33
 -95696.285     8.672    -0.45    1.26
 -95321.505     8.767     0.25    1.21
 -94946.710     8.741    -0.07    1.35
 -94571.900     8.884     0.38    1.10
 -94197.075     9.240     0.95    1.01
 -93822.235     9.196    -0.12    0.88
 -93447.380     9.229     0.09    0.87
 -93072.510     9.350     0.32    1.03
 -92697.625     9.291    -0.16    0.94
 -92322.725     9.350     0.16    0.88
 -91947.809     9.457     0.29    0.76
 -91572.879     9.386    -0.19    0.86
 -91197.934     9.362    -0.06    0.83
 -90822.973     9.496     0.36    0.93
 -90447.997     9.767     0.72    1.03
 -90073.007     9.746    -0.05    1.32
 -89698.001     9.536    -0.56    1.28
 -89322.980     9.546     0.03    1.30
 -88947.944     9.595     0.13    1.29
 -88572.893     9.672     0.20    1.07
 -88197.827     9.559    -0.30    0.93
 -87822.745     9.860     0.80    1.03
 -87447.649     9.981     0.32    1.12
 -87072.537    10.219     0.63    1.21
 -86697.411    10.338     0.32    1.33
 -86322.269    10.376     0.10    1.42
 -85947.112    10.434     0.15    1.36
 -85571.940    10.219    -0.57    1.34
 -85196.753    10.196    -0.06    1.29
 -84821.551    10.582     1.03    1.38
 -84446.333    10.815     0.62    1.47
 -84071.101    11.196     1.02    2.13
 -83695.853    11.937     1.97    2.63
 -83320.590    11.861    -0.20    2.76
 -82945.312    12.302     1.18    2.86
 -82570.019    11.977    -0.87    2.58
 -82194.711    10.862    -2.97    1.59
 -81819.387    10.790    -0.19    1.44
 -81444.048    10.565    -0.60    1.22
 -81068.695    10.390    -0.47    1.08
 -80693.326    10.410     0.05    1.23
 -80317.941    11.338     2.47    2.73
 -79942.542    12.396     2.82    3.58
 -79567.127    13.698     3.47    4.09
 -79191.698    14.456     2.02    4.04
 -78816.253    13.610    -2.25    3.25
 -78440.793    13.083    -1.40    2.86
 -78065.317    12.210    -2.32    2.13
 -77689.827    11.912    -0.79    1.91
 -77314.321    11.288    -1.66    1.16
 -76938.800    11.133    -0.41    0.96
 -76563.264    11.456     0.86    1.27
 -76187.712    11.719     0.70    1.27
 -75812.146    11.791     0.19    1.24
 -75436.564    11.910     0.32    1.23
 -75060.967    12.269     0.96    1.65
 -74685.354    12.657     1.03    1.81
 -74309.727    12.974     0.84    1.75
 -73934.084    12.981     0.02    1.48
 -73558.426    12.769    -0.56    1.38
 -73182.752    12.373    -1.06    1.16
 -72807.064    12.199    -0.46    1.41
 -72431.360    12.110    -0.24    1.29
 -72055.641    12.199     0.24    1.02
 -71679.906    12.070    -0.34    0.98
 -71304.157    12.005    -0.17    0.99
 -70928.392    11.940    -0.17    1.02
 -70552.612    12.042     0.27    0.91
 -70176.816    11.946    -0.25    1.02
 -69801.005    12.024     0.21    1.01
 -69425.179    11.954    -0.19    1.10
 -69049.338    12.077     0.33    1.29
 -68673.481    12.292     0.57    1.47
 -68297.609    12.251    -0.11    1.59
 -67921.722    12.428     0.47    1.63
 -67545.820    12.124    -0.81    1.51
 -67169.902    12.396     0.72    1.14
 -66793.969    12.481     0.23    1.00
 -66418.020    12.565     0.22    0.90
 -66042.056    12.360    -0.54    1.27
 -65666.077    12.215    -0.39    1.48
 -65290.083    12.077    -0.37    1.58
 -64914.073    11.957    -0.32    1.88
 -64538.048    12.400     1.18    2.05
 -64162.007    12.768     0.98    1.83
 -63785.951    13.140     0.99    1.64
 -63409.880    13.362     0.59    2.10
 -63033.794    13.553     0.51    2.79
 -62657.692    13.529    -0.06    2.81
 -62281.575    13.457    -0.19    2.47
 -61905.442    13.115    -0.91    2.11
 -61529.294    13.536     1.12    2.61
 -61153.131    14.115     1.54    3.43
 -60776.952    14.083    -0.08    3.46
 -60400.758    14.362     0.74    3.49
 -60024.548    13.362    -2.66    2.83
 -59648.324    12.505    -2.28    2.05
 -59272.083    11.910    -1.58    1.16
 -58895.828    11.815    -0.25    1.33
 -58519.557    11.719    -0.25    1.27
 -58143.270    11.981     0.70    1.29
 -57766.968    12.668     1.83    2.43
 -57390.651    13.047     1.01    2.67
 -57014.318    14.696     4.38    3.81
 -56637.970    15.434     1.96    3.91
 -56261.607    14.908    -1.40    3.52
 -55885.228    14.140    -2.04    3.00
 -55508.834    13.094    -2.78    1.55
 -55132.424    12.553    -1.44    1.13
 -54755.999    12.107    -1.18    1.17
 -54379.558    12.053    -0.15    1.21
 -54003.102    12.094     0.11    1.32
 -53626.630    12.100     0.02    1.47
 -53250.143    12.360     0.69    1.39
 -52873.641    12.256    -0.28    1.40
 -52497.123    12.505     0.66    1.32
 -52120.590    12.648     0.38    1.15
 -51744.041    12.791     0.38    1.33
 -51367.476    13.117     0.87    1.37
 -50990.897    13.117     0.00    1.52
 -50614.301    13.481     0.97    1.86
 -50237.691    13.386    -0.25    1.81
 -49861.064    13.291    -0.25    1.78
 -49484.423    13.350     0.16    1.64
 -49107.766    13.256    -0.25    1.26
 -48731.093    13.582     0.86    1.38
 -48354.405    13.629     0.12    1.45
 -47977.701    13.327    -0.80    1.55
 -47600.982    13.117    -0.56    1.42
 -47224.247    13.024    -0.25    1.46
 -46847.497    12.860    -0.43    1.14
 -46470.731    13.070     0.56    1.07
 -46093.950    13.001    -0.19    1.24
 -45717.153    12.957    -0.11    1.24
 -45340.341    13.219     0.70    1.50
 -44963.513    13.047    -0.46    1.34
 -44587.516    13.094     0.12    1.30
 -44213.742    13.172     0.21    1.34
 -43839.953    13.110    -0.17    1.21
 -43466.148    13.338     0.61    1.37
 -43092.328    13.522     0.49    1.15
 -42718.492    13.386    -0.36    1.17
 -42344.642    13.187    -0.53    1.11
 -41970.776    13.362     0.47    0.99
 -41596.895    13.624     0.70    1.06
 -41222.998    13.838     0.57    1.37
 -40849.086    13.981     0.38    1.45
 -40475.159    13.937    -0.12    1.52
 -40101.217    13.496    -1.18    1.75
 -39727.259    13.229    -0.71    1.63
 -39353.286    13.862     1.69    2.41
 -38979.298    14.172     0.83    2.36
 -38605.294    14.376     0.54    2.32
 -38231.275    14.292    -0.22    2.29
 -37857.240    14.404     0.30    2.53
 -37483.191    14.519     0.31    2.81
 -37109.126    13.862    -1.76    2.36
 -36735.045    13.861    -0.00    2.65
 -36360.949    13.767    -0.25    2.75
 -35986.838    13.341    -1.14    2.27
 -35612.712    13.428     0.23    1.54
 -35238.570    14.122     1.86    1.54
 -34864.413    14.672     1.47    1.59
 -34490.240    14.928     0.69    1.86
 -34116.052    14.815    -0.30    2.00
 -33741.849    14.928     0.30    2.37
 -33367.630    15.578     1.74    3.04
 -32993.396    15.019    -1.49    2.90
 -32619.146    14.536    -1.29    2.55
 -32244.882    14.094    -1.18    1.75
 -31870.601    13.931    -0.43    1.38
 -31496.306    13.866    -0.17    1.32
 -31121.995    13.860    -0.02    1.20
 -30747.668    13.788    -0.19    0.82
 -30373.326    13.741    -0.13    0.85
 -29998.969    13.698    -0.12    0.91
 -29624.596    13.696    -0.01    1.06
 -29250.208    13.768     0.19    1.25
 -28875.805    13.866     0.26    1.41
 -28501.386    14.360     1.32    1.73
 -28126.951    14.839     1.28    1.85
 -27752.501    14.791    -0.13    1.81
 -27378.036    14.719    -0.19    1.71
 -27003.555    14.888     0.45    1.92
 -26629.059    15.698     2.16    2.23
 -26254.548    15.386    -0.83    2.45
 -25880.020    14.719    -1.78    2.60
 -25505.478    13.303    -3.78    2.32
 -25130.920    11.605    -4.53    2.29
 -24756.346    10.672    -2.49    2.48
 -24381.757    10.743     0.19    2.40
 -24007.153    11.815     2.86    2.81
 -23632.533    13.595     4.75    2.29
 -23257.898    14.553     2.56    1.65
 -22883.247    14.675     0.33    1.73
 -22508.581    14.001    -1.80    1.92
 -22133.899    12.996    -2.68    1.48
 -21759.201    12.582    -1.11    0.92
 -21384.489    12.577    -0.01    0.79
 -21009.760    12.767     0.51    1.25
 -20635.016    12.957     0.51    1.32
 -20260.257    12.791    -0.44    1.34
 -19885.482    12.701    -0.24    1.02
 -19510.692    12.582    -0.32    1.04
 -19135.886    12.600     0.05    0.95
 -18761.064    12.529    -0.19    0.83
 -18386.227    12.553     0.06    0.73
 -18011.375    12.743     0.51    0.68
 -17636.507    12.815     0.19    0.69
 -17261.623    12.571    -0.65    0.86
 -16886.724    12.536    -0.09    0.91
 -16511.809    12.443    -0.25    0.79
 -16136.879    12.769     0.87    0.94
 -15761.933    12.791     0.06    1.00
 -15386.972    13.624     2.22    2.22
 -15011.995    14.600     2.60    2.58
 -14637.003    15.148     1.46    2.63
 -14261.995    15.862     1.90    2.25
 -13886.971    15.961     0.26    1.68
 -13511.932    15.582    -1.01    1.44
 -13136.877    15.015    -1.51    1.70
 -12761.807    14.624    -1.04    1.60
 -12386.721    14.124    -1.33    1.46
 -12011.619    13.861    -0.70    1.27
 -11636.502    13.791    -0.19    1.32
 -11261.369    13.590    -0.54    1.58
 -10886.221    13.133    -1.22    1.74
 -10511.057    12.107    -2.73    1.58
 -10135.877    11.577    -1.41    1.34
  -9760.682    10.815    -2.03    1.23
  -9385.471    10.338    -1.27    1.13
  -9010.245    10.201    -0.37    1.37
  -8635.003    10.199    -0.00    1.55
  -8259.745    10.042    -0.42    1.71
  -7884.472     9.124    -2.45    1.77
  -7509.183     8.419    -1.88    1.79
  -7133.878     7.745    -1.80    1.78
  -6758.558     6.946    -2.13    1.56
  -6383.222     6.474    -1.26    1.40
  -6007.870     6.225    -0.66    1.63
  -5632.503     5.767    -1.22    1.68
  -5257.120     5.746    -0.05    1.59
  -4881.721     5.715    -0.08    1.74
  -4506.307     5.019    -1.85    1.32
  -4130.877     4.657    -0.97    1.35
  -3755.432     4.292    -0.97    1.42
  -3379.970     4.053    -0.64    1.32
  -3004.493     4.070     0.05    1.77
  -2629.001     4.269     0.53    3.15
  -2253.492     3.327    -2.51    3.92
  -1877.968     2.269    -2.82    4.29
  -1502.428     0.481    -4.76    3.26
  -1126.873    -0.185    -1.78    2.35
   -751.302     0.474     1.75    3.08
   -375.715     0.365    -0.29    2.98
     -0.112     0.087    -0.74    2.79
    375.506    -0.370    -1.22    2.45
    751.140    -0.776    -1.08    1.42
   1126.790    -0.976    -0.53    0.97
   1502.455    -0.976     0.00    0.97
   1878.137    -0.837     0.37    1.34
   2253.834     0.302     3.03    2.88
   2629.546     1.906     4.27    3.37
   3005.275     3.961     5.47    3.02
   3381.019     6.768     7.47    4.31
   3756.779     9.473     7.20    5.23
   4132.555    12.229     7.33    4.56
   4508.346    14.746     6.70    2.18
   4884.154    14.973     0.60    0.97
   5259.977    15.047     0.20    1.00
   5635.815    15.094     0.12    0.96
   6011.670    15.434     0.90    1.36
   6387.540    16.201     2.04    1.70
   6763.427    16.866     1.77    1.65
   7139.328    16.837    -0.08    1.65
   7515.246    16.386    -1.20    1.50
   7891.180    15.977    -1.09    1.56
   8267.129    15.481    -1.32    1.36
   8643.094    15.376    -0.28    1.25
   9019.075    15.201    -0.46    1.15
   9395.072    14.740    -1.23    1.02
   9771.085    14.815     0.20    0.95
  10147.113    14.652    -0.43    0.87
  10523.157    14.886     0.62    0.87
  10899.217    14.791    -0.25    0.86
  11275.293    15.015     0.59    0.88
  11651.385    15.024     0.02    0.80
  12027.493    15.243     0.58    1.04
  12403.616    15.957     1.90    1.66
  12779.755    16.434     1.27    1.89
  13155.910    16.278    -0.41    2.04
  13532.081    15.769    -1.35    1.66
  13908.268    15.290    -1.27    0.99
  14284.471    15.648     0.95    1.03
  14660.690    16.117     1.25    0.91
  15036.924    16.424     0.82    0.80
  15413.174    15.954    -1.25    1.25
  15789.440    15.505    -1.19    1.44
  16165.723    14.886    -1.65    1.40
  16542.021    14.505    -1.01    1.22
  16918.334    14.698     0.51    1.31
  17294.664    15.148     1.19    1.44
  17671.010    15.481     0.89    1.34
  18047.371    15.934     1.20    1.13
  18423.749    15.888    -0.12    1.08
  18800.142    15.767    -0.32    1.06
  19176.552    15.698    -0.18    1.28
  19552.977    15.529    -0.45    1.11
  19929.418    15.698     0.45    1.56
  20305.875    15.672    -0.07    1.62
  20682.348    15.678     0.02    1.55
  21058.837    15.419    -0.69    1.56
  21435.342    15.256    -0.43    1.05
  21811.862    15.267     0.03    1.04
  22188.399    15.047    -0.58    0.97
  22564.952    14.957    -0.24    0.95
  22941.521    14.957     0.00    0.93
  23318.105    14.908    -0.13    0.89
  23694.706    15.001     0.25    0.96
  24071.322    15.140     0.37    0.89
  24447.955    15.256     0.31    0.96
  24824.603    15.315     0.15    0.97
  25201.268    15.428     0.30    0.99
  25577.948    15.406    -0.06    1.04
  25954.644    15.553     0.39    1.08
  26331.357    15.696     0.38    1.13
  26708.085    16.024     0.87    1.26
  27084.830    16.481     1.21    1.60
  27461.590    16.862     1.01    1.74
  27838.366    16.512    -0.93    1.87
  28215.159    16.047    -1.23    1.77
  28591.967    15.466    -1.54    1.45
  28968.792    15.070    -1.05    0.90
  29345.632    15.156     0.23    0.82
  29722.489    15.243     0.23    0.89
  30099.361    15.587     0.91    1.27
  30473.920    15.977     1.04    1.45
  30847.645    16.428     1.21    1.98
  31221.387    17.187     2.03    2.01
  31595.144    17.338     0.41    1.78
  31968.917    17.100    -0.64    1.84
  32342.706    16.512    -1.57    1.63
  32716.511    16.140    -1.00    1.11
  33090.331    16.246     0.28    1.02
  33464.167    16.303     0.15    0.86
  33838.019    16.908     1.62    1.46
  34211.887    17.536     1.68    1.64
  34585.770    17.886     0.94    1.60
  34959.670    17.910     0.06    1.65
  35333.585    17.303    -1.62    1.50
  35707.515    16.860    -1.18    1.16
  36081.462    16.815    -0.12    1.21
  36455.425    17.065     0.67    1.42
  36829.403    17.196     0.35    1.40
  37203.397    16.985    -0.56    1.20
  37577.407    16.981    -0.01    1.27
  37951.433    16.815    -0.45    1.25
  38325.474    16.767    -0.13    1.27
  38699.532    16.466    -0.81    1.33
  39073.605    16.280    -0.50    1.18
  39447.694    16.396     0.31    1.35
  39821.799    16.615     0.58    1.47
  40195.920    16.315    -0.80    1.44
  40570.056    16.205    -0.29    1.43
  40944.209    16.100    -0.28    1.40
  41318.377    16.187     0.23    1.35
  41692.561    16.148    -0.10    1.34
  42066.761    15.996    -0.40    1.30
  42440.977    15.840    -0.42    1.25
  42815.209    15.724    -0.31    1.16
  43189.457    15.888     0.44    1.17
  43563.720    16.001     0.30    1.20
  43938.000    15.791    -0.56    1.22
  44312.295    15.693    -0.26    1.05
  44686.606    15.610    -0.22    1.05
  45060.934    15.533    -0.21    1.05
  45435.277    15.675     0.38    1.15
  45809.635    15.629    -0.12    1.31
  46184.010    15.582    -0.12    1.36
  46558.401    15.383    -0.53    1.26
  46932.808    15.420     0.10    1.22
  47307.230    15.542     0.33    1.25
  47681.669    15.609     0.18    1.22
  48056.123    15.419    -0.51    1.29
  48430.594    15.542     0.33    1.37
  48805.080    15.815     0.73    1.55
  49179.582    16.133     0.85    1.79
  49554.100    16.130    -0.01    1.44
  49928.634    16.678     1.46    2.25
  50303.184    17.698     2.72    3.05
  50677.751    18.656     2.56    3.33
  51052.333    19.443     2.10    3.31
  51426.930    19.353    -0.24    3.64
  51801.544    17.724    -4.35    2.43
  52176.174    17.302    -1.13    2.10
  52550.820    17.077    -0.60    1.55
  52925.482    17.954     2.34    1.96
  53300.160    18.315     0.96    1.85
  53674.854    18.133    -0.49    1.81
  54049.563    18.199     0.18    1.94
  54424.289    18.178    -0.06    1.70
  54799.031    18.172    -0.02    1.54
  55173.789    17.954    -0.58    1.39
  55548.563    17.362    -1.58    1.23
  55923.352    16.863    -1.33    1.16
  56298.158    16.633    -0.62    0.99
  56672.980    16.473    -0.43    1.02
  57047.818    16.386    -0.23    1.04
  57422.672    16.280    -0.28    1.05
  57797.542    16.267    -0.03    0.92
  58172.428    16.481     0.57    0.90
  58547.329    16.440    -0.11    0.84
  58922.247    16.542     0.27    1.02
  59297.182    16.565     0.06    1.15
  59672.132    16.553    -0.03    1.19
  60047.098    16.605     0.14    1.32
  60422.080    16.457    -0.39    1.14
  60797.078    16.443    -0.04    0.87
  61172.093    16.443     0.00    0.95
  61547.123    16.443     0.00    0.90
  61922.170    16.219    -0.60    0.99
  62297.232    16.489     0.72    1.13
  62672.311    16.434    -0.15    1.08
  63047.405    16.350    -0.22    1.01
  63422.516    16.489     0.37    1.04
  63797.643    16.767     0.74    1.40
  64172.786    17.292     1.40    1.58
  64547.945    17.701     1.09    1.67
  64923.120    17.600    -0.27    1.54
  65298.312    17.629     0.08    1.62
  65673.519    17.559    -0.19    1.62
  66048.743    17.529    -0.08    1.60
  66423.982    17.315    -0.57    1.66
  66799.238    17.070    -0.65    1.40
  67174.510    16.860    -0.56    1.24
  67549.798    16.954     0.25    1.28
  67925.102    17.269     0.84    1.61
  68300.422    17.908     1.70    1.89
  68675.759    18.410     1.34    1.86
  69051.111    18.656     0.65    1.96
  69426.480    18.815     0.42    2.19
  69801.865    18.908     0.25    2.23
  70177.266    18.768    -0.37    2.22
  70552.683    19.373     1.61    2.75
  70928.117    19.861     1.30    2.86
  71303.566    21.790     5.14    3.65
  71679.032    23.001     3.22    3.69
  72054.514    24.698     4.52    3.95
  72430.012    25.565     2.31    3.59
  72805.526    25.326    -0.63    3.80
  73181.057    23.605    -4.58    5.00
  73556.603    21.210    -6.38    4.14
  73932.166    19.931    -3.41    3.75
  74307.745    19.559    -0.99    3.36
  74683.341    20.519     2.56    3.96
  75058.952    20.373    -0.39    4.33
  75434.580    20.059    -0.84    4.40
  75810.224    18.981    -2.87    3.39
  76185.884    18.410    -1.52    2.08
  76561.560    19.053     1.71    2.02
  76937.253    19.656     1.60    1.82
  77312.961    20.094     1.17    2.16
  77688.687    19.745    -0.93    1.79
  78064.428    19.267    -1.27    1.67
  78440.185    19.629     0.96    2.01
  78815.959    20.303     1.79    2.06
  79191.749    20.315     0.03    2.29
  79567.556    20.094    -0.59    2.47
  79943.378    19.087    -2.68    2.38
  80319.217    18.553    -1.42    1.96
  80695.072    18.481    -0.19    1.79
  81070.943    20.001     4.04    3.10
  81446.831    20.210     0.56    3.07
  81822.735    19.837    -0.99    3.05
  82198.655    19.350    -1.30    2.77
  82574.592    17.934    -3.77    1.17
  82950.545    17.633    -0.80    0.76
  83326.514    17.466    -0.44    0.90
  83702.499    17.326    -0.37    0.88
  84078.501    17.117    -0.56    0.89
  84454.519    17.178     0.16    1.06
  84830.553    17.172    -0.02    1.14
  85206.604    17.196     0.06    1.29
  85582.671    18.024     2.20    2.60
  85958.754    18.908     2.35    2.79
  86334.854    19.196     0.77    2.73
  86710.970    19.536     0.90    2.06
  87087.102    19.047    -1.30    1.80
  87463.251    18.587    -1.22    1.46
  87839.416    18.529    -0.16    1.50
  88215.597    18.303    -0.60    1.49
  88591.795    17.957    -0.92    1.34
  88968.009    17.996     0.10    1.35
  89344.239    18.047     0.13    1.65
  89720.486    18.172     0.33    1.88
  90096.749    18.861     1.83    2.15
  90473.028    19.070     0.56    2.05
  90849.324    18.577    -1.31    2.56
  91225.637    17.024    -4.13    2.93
  91601.965    16.210    -2.16    2.85
  91978.310    16.678     1.24    3.68
  92354.672    17.172     1.31    4.11
  92731.050    17.187     0.04    4.00
  93107.444    16.100    -2.89    3.27
  93483.855    15.110    -2.63    2.65
  93860.282    14.140    -2.58    1.94
  94236.725    13.424    -1.90    1.34
  94613.185    13.047    -1.00    0.84
  94989.661    13.315     0.71    1.11
  95366.154    13.481     0.44    1.12
  95742.663    13.629     0.39    1.22
  96119.189    12.934    -1.85    1.48
  96495.731    12.303    -1.68    1.58
  96872.289    11.559    -1.98    1.36
  97248.864    11.047    -1.36    0.72
  97625.456    10.910    -0.36    0.62
  98002.064    11.269     0.95    1.17
  98378.688    12.094     2.19    2.25
  98755.329    13.254     3.08    2.63
  99131.986    14.675     3.77    2.94
  99508.660    15.954     3.40    3.25
  99885.350    16.886     2.47    3.61
 100262.056    17.698     2.16    3.79
 100638.780    18.934     3.28    3.90
 101015.519    20.419     3.94    4.18
 101392.275    22.373     5.19    5.21
 101769.048    23.337     2.56    5.27
 102145.837    22.553    -2.08    5.26
 102522.643    21.201    -3.59    5.01
 102899.465    18.542    -7.06    2.46
 103276.303    18.196    -0.92    1.19
 103653.159    18.698     1.33    1.82
 104030.030    20.070     3.64    3.36
 104406.919    22.861     7.41    5.49
 104783.823    24.652     4.75    5.19
 105160.107    26.505     4.93    4.05
 105533.763    26.047    -1.23    3.68
 105907.436    24.117    -5.17    2.64
 106281.125    22.791    -3.55    2.35
 106654.831    21.267    -4.08    1.89
 107028.552    20.931    -0.90    1.83
 107402.290    21.373     1.18    1.91
 107776.044    21.696     0.86    2.07
 108149.815    21.656    -0.11    1.79
 108523.601    21.886     0.62    1.61
 108897.404    21.605    -0.75    1.49
 109271.224    20.886    -1.92    1.54
 109645.059    20.489    -1.06    1.44
 110018.911    20.648     0.43    1.43
 110392.779    20.615    -0.09    1.11
 110766.663    20.996     1.02    1.76
 111140.564    20.565    -1.16    1.92
 111514.481    20.362    -0.54    1.95
 111888.414    19.908    -1.22    1.92
 112262.363    19.791    -0.31    1.55
 112636.329    20.906     2.98    2.74
 113010.311    22.115     3.23    3.01
 113384.310    24.269     5.76    3.39
 113758.324    26.515     6.00    2.74
 114132.355    26.512    -0.01    2.95
 114506.403    26.065    -1.20    3.75
 114880.467    25.350    -1.91    3.69
 115254.547    24.428    -2.46    3.72
 115628.643    24.051    -1.01    3.16
 116002.756    23.360    -1.85    3.78
 116376.885    22.219    -3.05    4.73
 116751.030    20.815    -3.75    4.99
 117125.192    17.954    -7.65    4.91
 117499.370    15.327    -7.02    3.79
 117873.565    14.087    -3.31    2.56
 118247.776    13.353    -1.96    2.15
 118622.003    13.496     0.38    2.67
 118996.247    13.233    -0.70    2.36
 119370.507    12.519    -1.91    1.02
 119744.783    12.256    -0.70    0.96
 120119.076    12.045    -0.56    0.90
 120493.385    11.837    -0.56    0.95
 120867.711    11.665    -0.46    0.92
 121242.052    11.860     0.52    1.38
 121616.411    12.559     1.87    2.16
 121990.786    13.070     1.37    2.57
 122365.177    13.428     0.96    2.71
 122739.584    12.892    -1.43    2.52
 123114.008    11.837    -2.82    1.55
 123488.449    11.362    -1.27    0.86
 123862.906    11.201    -0.43    0.81
 124237.379    11.065    -0.36    0.78
 124611.869    11.034    -0.08    0.82
 124986.375    11.133     0.26    0.96
 125360.898    11.078    -0.15    1.20
 125735.437    11.337     0.69    1.28
 126109.992    11.419     0.22    1.40
 126484.564    11.396    -0.06    1.33
 126859.153    11.910     1.37    1.39
 127233.757    11.965     0.15    1.46
 127608.379    11.996     0.08    1.39
 127983.017    12.190     0.52    1.37
 128357.671    12.224     0.09    1.40
 128732.342    12.419     0.52    1.28
 129107.029    12.053    -0.98    1.32
 129481.733    11.767    -0.76    1.29
 129856.453    11.404    -0.97    1.14
 130231.190    11.065    -0.91    1.14
 130605.943    11.424     0.96    1.53
 130980.713    11.410    -0.04    1.53
 131355.499    11.542     0.35    1.42
 131730.302    11.839     0.79    1.47
 132105.121    11.861     0.06    1.27
 132479.957    12.156     0.79    1.35
 132854.809    12.315     0.42    1.34
 133229.678    12.553     0.64    1.21
 133604.563    12.954     1.07    1.39
 133979.465    13.267     0.83    1.58
 134354.384    13.815     1.46    2.16
 134729.319    14.292     1.27    2.47
 135104.270    14.107    -0.49    2.75
 135479.238    13.610    -1.33    2.89
 135854.223    12.383    -3.27    2.32
 136229.224    11.954    -1.14    1.68
 136604.242    11.743    -0.56    1.42
 136979.276    11.629    -0.31    1.45
 137354.327    11.281    -0.93    1.42
 137729.395    11.219    -0.17    1.29
 138104.479    11.187    -0.09    1.13
 138479.580    11.133    -0.14    1.25
 138854.697    11.410     0.74    1.25
 139229.831    11.443     0.09    1.33
 139604.981    11.536     0.25    1.16
 139980.148    11.629     0.25    1.35
 140355.332    11.743     0.31    1.35
 140730.532    12.070     0.87    1.38
 141105.749    11.722    -0.93    2.01
 141480.983    11.326    -1.05    2.11
 141856.233    10.815    -1.36    2.00
 142231.499    10.124    -1.84    1.35
 142606.783     9.815    -0.82    0.86
 142982.083     9.348    -1.24    1.01
 143357.399     9.187    -0.43    1.00
 143732.733     8.951    -0.63    1.03
 144108.083     8.791    -0.43    1.03
 144483.449     8.675    -0.31    0.99
 144858.832     8.767     0.24    1.31
 145234.232     8.931     0.44    1.33
 145609.649     9.117     0.50    1.34
 145985.082     9.187     0.19    1.25
 146360.532     9.443     0.68    1.02
 146735.999     9.256    -0.50    0.88
 147111.482     9.065    -0.51    0.97
 147486.982     8.908    -0.42    1.17
 147862.498     8.954     0.12    1.23
 148238.032     8.906    -0.13    1.36
 148613.582     9.178     0.73    1.33
 148989.148     9.140    -0.10    1.36
 149364.732     9.376     0.63    1.43
 149740.332     9.070    -0.81    1.54
 150115.949     8.837    -0.62    1.45
 150491.582     8.977     0.37    1.34
 150867.232     8.592    -1.03    1.22
 151242.899     8.559    -0.09    1.29
 151618.583     8.648     0.24    1.27
 151994.284     8.624    -0.06    1.23
 152370.001     8.582    -0.11    1.02
 152745.735     8.292    -0.77    0.82
 153121.485     8.360     0.18    0.85
 153497.253     8.542     0.48    1.13
 153873.037     8.886     0.92    1.70
 154248.838     9.996     2.96    2.75
 154624.655    11.178     3.15    3.55
 155000.490    12.133     2.54    4.11
 155376.341    12.974     2.24    4.33
 155752.209    13.629     1.74    4.42
 156128.094    14.243     1.64    4.46
 156503.995    15.243     2.66    3.97
 156879.914    16.582     3.56    3.06
 157255.849    17.156     1.53    2.50
 157631.801    17.396     0.64    1.71
 158007.769    17.406     0.03    1.92
 158383.755    17.303    -0.27    1.86
 158759.757    17.656     0.94    1.90
 159135.776    17.698     0.11    1.98
 159511.812    17.280    -1.11    2.26
 159887.865    16.883    -1.06    2.14
 160263.935    16.187    -1.85    1.85
 160640.021    15.977    -0.56    1.96
 161016.124    15.838    -0.37    1.57
 161392.244    15.505    -0.89    1.62
 161768.381    15.037    -1.25    1.72
 162144.535    14.489    -1.46    1.57
 162520.706    14.281    -0.55    1.41
 162896.893    14.489     0.55    1.29
 163273.098    14.428    -0.16    1.32
 163649.319    14.362    -0.18    1.40
 164025.557    14.140    -0.59    1.15
 164401.812    13.951    -0.50    1.09
 164778.083    13.837    -0.30    1.17
 165154.372    13.280    -1.48    1.76
 165530.678    12.888    -1.04    2.31
 165907.000    12.210    -1.80    3.21
 166283.339    10.951    -3.35    4.35
 166659.696    10.024    -2.46    5.08
 167036.069     8.496    -4.06    5.54
 167412.459     7.094    -3.73    5.43
 167788.866     5.489    -4.26    4.56
 168165.289     4.362    -2.99    4.07
 168541.730     3.443    -2.44    3.92
 168918.188     2.675    -2.04    4.06
 169294.662     1.722    -2.53    3.09
 169671.154     1.042    -1.81    2.10
 170047.662     0.668    -0.99    1.68
 170424.188     0.303    -0.97    1.50
 170800.730     0.126    -0.47    1.73
 171177.289    -0.138    -0.70    1.50
 171553.866    -0.534    -1.05    1.21
 171930.459    -0.767    -0.62    1.07
 172307.069    -0.594     0.46    1.09
 172683.696    -0.685    -0.24    1.02
 173060.340    -0.958    -0.72    1.24
 173437.001    -0.923     0.09    1.25
 173813.679    -0.906     0.05    1.32
 174190.374    -0.958    -0.14    1.43
 174567.086    -0.868     0.24    1.37
 174943.815    -1.023    -0.41    1.25
 175320.561    -1.163    -0.37    1.21
 175697.324    -1.348    -0.49    1.07
 176074.104    -1.371    -0.06    0.91
 176450.900    -1.662    -0.77    0.99
 176827.714    -1.594     0.18    1.13
 177204.545    -1.733    -0.37    1.35
 177581.393    -1.953    -0.58    1.51
 177958.258    -2.066    -0.30    1.45
 178335.140    -2.137    -0.19    1.52
 178712.039    -2.072     0.17    1.33
 179088.955    -2.060     0.03    1.22
 179465.888    -1.813     0.66    1.29
 179842.838    -2.004    -0.50    1.23
 180217.592    -2.162    -0.42    1.24
 180591.201    -2.302    -0.38    1.14
 180964.827    -2.502    -0.54    1.01
 181338.470    -2.458     0.12    1.02
 181712.129    -2.259     0.53    0.98
 182085.805    -2.441    -0.49    1.05
 182459.497    -2.504    -0.17    1.05
 182833.207    -2.590    -0.23    1.13
 183206.933    -2.790    -0.53    1.12
 183580.676    -2.971    -0.48    1.16
 183954.436    -2.830     0.38    1.28
 184328.212    -2.804     0.07    1.36
 184702.005    -2.640     0.44    1.27
 185075.815    -2.371     0.72    1.12
 185449.642    -2.371     0.00    1.22
 185823.486    -2.413    -0.11    1.34
 186197.346    -2.352     0.16    1.41
 186571.223    -2.344     0.02    1.31
 186945.117    -2.447    -0.28    1.33
 187319.028    -2.371     0.20    1.10
 187692.955    -2.094     0.74    1.22
 188066.900    -1.906     0.50    1.18
 188440.861    -0.435     3.93    2.86
 188814.839     1.675     5.64    4.28
 189188.834     5.678    10.71    5.76
 189562.845    10.396    12.62    5.11
 189936.874    12.884     6.65    4.30
 190310.919    13.951     2.85    4.00
 190684.981    14.474     1.40    4.26
 191059.060    15.042     1.52    4.47
 191433.156    15.362     0.86    4.15
 191807.269    14.117    -3.33    4.46
 192181.398    11.724    -6.40    4.47
 192555.544     9.428    -6.14    3.93
 192929.708     8.698    -1.95    3.91
 193303.888     9.610     2.44    4.62
 193678.085    10.860     3.34    4.23
 194052.299    12.884     5.41    3.30
 194426.529    14.278     3.72    3.67
 194800.777    15.496     3.26    3.78
 195175.041    17.373     5.01    3.67
 195549.323    18.977     4.29    3.50
 195923.621    19.582     1.62    3.33
 196297.936    19.652     0.19    3.36
 196672.268    18.163    -3.98    3.67
 197046.617    16.148    -5.38    4.60
 197420.983    13.292    -7.63    4.48
 197795.366    11.133    -5.77    4.77
 198169.766     8.246    -7.71    4.66
 198544.182     6.065    -5.83    3.77
 198918.616     4.383    -4.49    3.13
 199293.066     3.883    -1.34    1.77
 199667.534     3.931     0.13    1.76
 200042.018     4.815     2.36    2.84
 200416.520     6.110     3.46    3.41
 200791.038     7.928     4.86    4.39
 201165.573     9.837     5.10    4.34
 201540.125    11.303     3.91    3.84
 201914.694    12.024     1.93    4.33
 202289.281    12.303     0.75    4.03
 202663.884    11.582    -1.92    3.78
 203038.504    11.224    -0.96    4.01
 203413.141    10.675    -1.46    3.65
 203787.795    11.837     3.10    4.03
 204162.466    12.373     1.43    4.07
 204537.154    14.053     4.48    3.70
 204911.859    15.861     4.83    3.50
 205286.581    18.326     6.58    3.53
 205661.320    19.837     4.03    3.26
 206036.076    21.629     4.78    2.58
 206410.849    22.010     1.02    2.30
 206785.639    21.094    -2.45    3.13
 207160.446    18.957    -5.70    3.20
 207535.270    16.024    -7.83    3.70
 207910.111    13.512    -6.70    3.76
 208284.969    11.474    -5.44    3.60
 208659.844     9.605    -4.98    3.01
 209034.737     8.565    -2.78    1.66
 209409.646     8.928     0.97    2.41
 209784.572    10.291     3.63    3.31
 210159.515    11.906     4.31    3.75
 210534.476    14.292     6.37    3.71
 210909.453    15.633     3.58    3.65
 211284.448    16.326     1.85    3.54
 211659.460    17.481     3.08    3.38
 212034.488    18.633     3.07    3.45
 212409.534    20.070     3.83    3.38
 212784.597    20.837     2.05    2.87
 213159.677    20.768    -0.18    3.34
 213534.774    20.587    -0.48    3.73
 213909.888    18.360    -5.94    4.49
 214285.019    15.410    -7.87    4.78
 214660.167    14.256    -3.08    3.98
 215035.333    11.745    -6.70    3.72
 215410.515     9.996    -4.66    4.04
 215785.715     8.303    -4.51    3.45
 216160.932     6.770    -4.09    2.20
 216536.166     6.224    -1.46    1.60
 216911.417     6.553     0.88    1.68
 217286.685     6.087    -1.24    1.82
 217661.970     6.474     1.03    2.01
 218037.273     7.360     2.36    2.75
 218412.592     9.024     4.43    3.39
 218787.929    11.815     7.44    3.51
 219163.283    14.178     6.30    4.17
 219538.654    16.722     6.78    3.93
 219914.042    18.746     5.40    3.65
 220289.448    20.233     3.96    3.26
 220664.870    20.883     1.73    2.98
 221040.310    21.337     1.21    2.72
 221415.767    21.529     0.51    2.60
 221791.241    22.838     3.49    2.59
 222166.732    23.652     2.17    2.49
 222542.241    24.326     1.79    1.95
 222917.767    24.860     1.42    1.84
 223293.309    24.792    -0.18    2.26
 223668.870    25.110     0.85    2.15
 224044.447    24.815    -0.79    2.31
 224420.041    23.326    -3.96    3.14
 224795.653    21.860    -3.90    3.23
 225171.282    21.315    -1.45    3.38
 225546.928    20.489    -2.20    3.39
 225922.592    19.768    -1.92    3.54
 226298.272    19.883     0.31    3.39
 226673.970    20.652     2.05    3.73
 227049.685    21.415     2.03    3.85
 227425.418    21.652     0.63    3.59
 227801.167    21.224    -1.14    3.82
 228176.934    19.698    -4.06    3.35
 228552.718    19.267    -1.15    3.13
 228928.520    20.148     2.34    3.01
 229304.338    21.280     3.01    3.30
 229680.174    23.065     4.75    3.40
 230056.028    24.884     4.84    2.84
 230431.898    26.358     3.92    2.87
 230807.786    28.292     5.15    2.98
 231183.691    29.386     2.91    2.96
 231559.613    29.815     1.14    3.23
 231935.553    30.565     2.00    3.40
 232311.510    31.224     1.75    3.03
 232687.484    31.178    -0.12    2.55
 233063.476    31.224     0.12    1.94
 233439.485    30.024    -3.19    2.38
 233815.511    27.908    -5.63    2.92
 234191.555    27.133    -2.06    2.76
 234567.616    27.315     0.48    2.95
 234943.694    27.681     0.98    3.00
 235319.789    28.291     1.62    2.36
 235695.902    27.884    -1.08    2.40
 236072.033    28.070     0.49    2.30
 236448.180    29.187     2.97    2.13
 236824.345    29.326     0.37    1.91
 237200.528    28.519    -2.15    2.38
 237576.727    27.210    -3.48    2.93
 237952.944    25.187    -5.38    3.61
 238329.179    22.883    -6.12    3.58
 238705.431    20.383    -6.65    3.56
 239081.700    18.201    -5.80    2.86
 239457.986    17.396    -2.14    2.35
 239834.290    16.815    -1.55    2.29
 240210.612    17.042     0.60    2.38
 240586.950    17.587     1.45    2.27
 240963.307    18.610     2.72    2.80
 241339.680    20.280     4.44    2.78
 241716.071    21.536     3.34    3.27
 242092.480    22.862     3.53    2.76
 242468.905    24.233     3.64    2.73
 242845.349    25.637     3.73    3.20
 243221.809    27.163     4.06    3.26
 243598.287    28.037     2.32    2.59
 243974.783    27.559    -1.27    3.19
 244351.296    24.860    -7.17    4.32
 244727.826    21.957    -7.71    4.11
 245104.374    19.163    -7.42    3.56
 245480.939    17.838    -3.52    2.70
 245857.522    17.769    -0.18    2.50
 246234.122    19.304     4.08    2.88
 246610.740    21.180     4.98    2.52
 246987.375    22.792     4.28    2.98
 247364.028    24.659     4.96    2.97
 247740.698    25.815     3.07    3.00
 248117.386    26.954     3.03    2.40
 248494.091    26.624    -0.88    2.75
 248870.813    25.881    -1.97    3.31
 249247.554    24.766    -2.96    3.91
 249624.311    22.610    -5.72    4.21
 250001.086    21.077    -4.07    4.02
 250377.879    19.888    -3.16    3.62
 250754.689    19.451    -1.16    3.15
 251131.517    19.890     1.16    2.81
 251508.362    20.192     0.80    3.06
 251885.225    21.315     2.98    3.62
 252262.105    22.908     4.23    4.22
 252639.003    24.451     4.10    4.03
 253015.918    25.815     3.62    3.72
 253392.851    27.451     4.34    3.50
 253769.801    28.624     3.11    3.47
 254146.769    29.928     3.46    3.31
 254523.755    31.269     3.56    2.33
 254900.338    31.717     1.19    1.76
 255273.877    31.360    -0.96    2.25
 255647.434    30.315    -2.80    2.63
 256021.007    29.474    -2.25    3.09
 256394.598    29.001    -1.27    3.04
 256768.206    28.610    -1.05    3.45
 257141.831    28.396    -0.57    3.32
 257515.473    27.034    -3.65    3.57
 257889.133    25.428    -4.30    3.77
 258262.810    23.865    -4.19    3.24
 258636.504    23.110    -2.02    3.36
 259010.215    22.396    -1.91    3.56
 259383.944    21.768    -1.68    3.64
 259757.690    20.410    -3.63    3.55
 260131.453    19.302    -2.96    2.86
 260505.234    19.565     0.70    3.26
 260879.032    21.015     3.88    3.82
 261252.847    23.592     6.90    4.30
 261626.679    25.466     5.01    3.15
 262000.529    25.326    -0.37    3.32
 262374.396    24.481    -2.26    3.67
 262748.280    22.767    -4.59    3.70
 263122.182    21.178    -4.25    3.50
 263496.101    19.790    -3.71    2.95
 263870.037    19.726    -0.17    3.49
 264243.991    19.722    -0.01    3.41
 264617.962    18.496    -3.28    3.57
 264991.950    16.315    -5.84    4.56
 265365.956    14.559    -4.70    3.92
 265739.979    12.769    -4.79    2.27
 266114.019    12.254    -1.38    2.09
 266488.077    12.237    -0.04    2.22
 266862.152    12.746     1.36    2.48
 267236.244    14.110     3.65    2.77
 267610.354    15.457     3.60    2.84
 267984.481    16.512     2.82    3.26
 268358.625    17.451     2.51    3.38
 268732.787    18.156     1.88    3.25
 269106.966    18.746     1.58    3.25
 269481.163    19.746     2.67    3.28
 269855.377    20.815     2.86    3.81
 270229.608    22.838     5.41    3.82
 270603.857    23.884     2.80    3.86
 270978.123    25.326     3.85    3.65
 271352.407    26.315     2.64    3.06
 271726.708    27.443     3.01    2.41
 272101.027    28.224     2.09    1.19
 272475.362    28.419     0.52    1.14
 272849.716    28.210    -0.56    1.31
 273224.086    27.931    -0.75    1.48
 273598.475    27.459    -1.26    1.75
 273972.880    26.910    -1.47    1.69
 274347.303    26.746    -0.44    1.74
 274721.744    26.042    -1.88    2.18
 275096.202    25.722    -0.86    2.51
 275470.677    25.466    -0.68    2.92
 275845.170    25.124    -0.91    2.94
 276219.680    24.237    -2.37    3.14
 276594.208    23.672    -1.51    3.35
 276968.753    23.542    -0.35    3.12
 277343.316    22.406    -3.03    3.36
 277717.896    21.861    -1.45    3.78
 278092.494    19.652    -5.90    4.06
 278467.109    18.005    -4.40    3.49
 278841.742    16.684    -3.53    3.05
 279216.392    15.838    -2.26    1.72
 279591.059    15.542    -0.79    1.25
 279965.745    15.577     0.09    1.61
 280340.447    15.815     0.64    1.57
 280715.168    16.281     1.25    1.60
 281089.905    16.767     1.30    1.41
 281464.660    17.358     1.58    1.33
 281839.433    18.094     1.96    1.69
 282214.224    19.133     2.77    1.95
 282589.031    20.291     3.09    1.57
 282963.857    21.094     2.14    1.58
 283338.700    21.904     2.16    1.72
 283713.560    22.741     2.24    1.66
 284088.438    23.348     1.62    1.89
 284463.334    23.906     1.49    1.83
 284838.247    24.360     1.21    1.59
 285213.178    24.005    -0.95    1.63
 285588.126    24.070     0.17    1.47
 285963.092    24.178     0.29    1.66
 286338.075    23.791    -1.03    2.01
 286713.076    23.163    -1.67    2.34
 287088.095    22.474    -1.84    2.68
 287463.131    21.815    -1.76    2.70
 287838.185    20.791    -2.73    2.72
 288213.256    19.815    -2.60    2.62
 288588.345    18.769    -2.79    2.83
 288963.452    17.668    -2.94    2.68
 289338.576    16.951    -1.91    2.51
 289713.718    16.542    -1.09    2.73
 290088.878    16.117    -1.13    2.81
 290464.055    15.792    -0.87    2.95
 290839.250    15.693    -0.26    3.29
 291214.462    14.360    -3.55    2.76
 291589.692    13.100    -3.36    2.98
 291964.940    11.582    -4.05    2.36
 292340.205    11.163    -1.12    1.99
 292715.488    11.229     0.18    1.90
 293090.789    11.883     1.74    1.76
 293466.107    12.515     1.68    1.81
 293841.443    13.548     2.75    2.05
 294216.797    14.931     3.69    1.94
 294592.168    15.954     2.73    2.14
 294967.557    17.481     4.07    2.28
 295342.964    18.265     2.09    2.19
 295718.388    18.724     1.22    2.29
 296093.830    19.240     1.37    2.31
 296469.290    20.037     2.12    2.62
 296844.767    21.156     2.98    2.37
 297220.263    21.722     1.51    2.31
 297595.775    22.337     1.64    1.77
 297971.306    22.665     0.87    1.56
 298346.854    22.724     0.16    1.44
 298722.420    22.529    -0.52    1.55
 299098.004    21.996    -1.42    1.50
 299473.606    21.315    -1.82    1.75
 299849.225    20.675    -1.70    1.78
 300224.862    20.042    -1.69    2.00
 300600.517    19.040    -2.67    2.27
 300976.189    17.724    -3.50    2.96
 301351.879    16.070    -4.40    3.06
 301727.587    14.633    -3.83    2.94
 302103.313    14.259    -0.99    2.51
 302479.057    14.644     1.02    2.72
 302854.818    15.951     3.48    3.14
 303230.597    17.565     4.30    2.75
 303606.394    18.337     2.06    2.52
 303982.209    18.117    -0.59    2.71
 304358.041    16.337    -4.74    3.63
 304733.891    14.269    -5.50    3.17
 305109.759    12.915    -3.60    2.04
 305485.645    13.110     0.52    2.06
 305861.549    14.302     3.17    2.31
 306237.470    16.360     5.48    2.80
 306613.410    18.474     5.62    2.68
 306989.367    20.280     4.81    2.04
 307365.342    21.542     3.36    1.63
 307741.335    22.209     1.78    1.13
 308117.345    21.951    -0.69    1.69
 308493.374    21.070    -2.34    2.20
 308869.420    19.326    -4.64    2.68
 309245.484    17.724    -4.26    2.90
 309621.566    16.005    -4.57    2.20
 309997.666    15.668    -0.90    1.99
