-244685.444     7.583     0.00    1.80
-244308.531     7.668     0.23    1.50
-243931.638     7.881     0.56    1.52
-243554.764     7.676    -0.54    1.48
-243177.909     7.746     0.18    1.65
-242801.075     7.965     0.58    1.88
-242424.260     7.063    -2.40    2.02
-242047.464     6.504    -1.48    1.90
-241670.688     6.650     0.39    1.93
-241293.932     6.701     0.13    1.66
-240917.195     6.968     0.71    1.76
-240540.478     6.768    -0.53    1.47
-240163.780     6.838     0.18    1.34
-239787.102     6.901     0.17    1.32
-239410.444     7.063     0.43    1.44
-239033.805     7.073     0.03    1.44
-238657.185     7.368     0.78    1.54
-238280.585     7.699     0.88    1.63
-237904.005     7.920     0.59    1.48
-237527.444     8.063     0.38    1.30
-237150.902     7.857    -0.55    1.25
-236774.380     7.517    -0.90    1.55
-236397.878     6.879    -1.70    1.52
-236021.395     6.790    -0.24    1.55
-235644.931     6.495    -0.78    1.55
-235268.487     6.268    -0.60    1.53
-234892.063     6.472     0.54    1.47
-234515.658     6.654     0.48    1.47
-234139.272     6.746     0.24    1.46
-233762.906     6.933     0.50    1.49
-233386.560     6.660    -0.73    1.73
-233010.233     6.507    -0.40    1.76
-232633.925     6.612     0.28    1.76
-232257.637     6.699     0.23    1.78
-231881.368     6.813     0.30    1.65
-231505.119     7.079     0.71    1.50
-231128.889     7.004    -0.20    1.60
-230752.678     6.854    -0.40    1.54
-230376.487     6.813    -0.11    1.32
-230000.315     7.131     0.85    1.27
-229624.163     7.176     0.12    1.13
-229248.030     7.457     0.75    1.18
-228871.917     7.449    -0.02    1.54
-228495.823     7.576     0.34    1.75
-228119.748     7.679     0.27    1.76
-227743.693     7.612    -0.18    1.70
-227367.657     7.627     0.04    1.40
-226991.640     7.857     0.61    1.47
-226615.643     8.015     0.42    1.42
-226239.665     8.381     0.97    1.48
-225863.707     8.743     0.96    1.31
-225487.768     8.990     0.66    1.32
-225111.848     8.812    -0.47    1.50
-224735.948     8.930     0.31    1.58
-224360.067     8.834    -0.25    1.68
-223984.205     8.340    -1.32    1.52
-223608.363     8.358     0.05    1.42
-223232.540     8.323    -0.09    1.44
-222856.736     8.608     0.76    1.45
-222480.952     8.879     0.72    1.49
-222105.187     8.926     0.13    1.58
-221729.441     9.138     0.56    1.58
-221353.715     9.242     0.28    1.29
-220978.007     9.176    -0.18    1.26
-220602.320     9.279     0.27    1.36
-220226.651     9.551     0.72    1.39
-219851.002     9.679     0.34    1.25
-219475.372     9.813     0.36    1.15
-219099.761     9.681    -0.35    0.97
-218724.170     9.745     0.17    0.94
-218348.597     9.857     0.30    1.07
-217973.045    10.267     1.09    1.13
-217597.511    10.594     0.87    1.39
-217221.996    10.746     0.40    1.43
-216846.501    11.108     0.97    1.39
-216471.025    11.123     0.04    1.57
-216095.569    11.472     0.93    1.58
-215720.131    11.676     0.54    1.60
-215344.713    11.879     0.54    1.56
-214969.314    11.767    -0.30    1.42
-214593.934    11.585    -0.48    1.49
-214218.574    11.268    -0.85    1.24
-213843.232    11.101    -0.45    1.16
-213467.910    11.222     0.32    1.44
-213092.607    11.608     1.03    1.48
-212717.323    12.168     1.49    1.50
-212342.059    12.719     1.47    1.61
-211966.813    13.007     0.77    1.75
-211591.587    13.190     0.49    1.95
-211216.380    13.990     2.13    2.23
-210841.192    14.557     1.51    2.20
-210466.024    15.557     2.67    2.87
-210090.874    17.012     3.88    3.20
-209715.744    17.205     0.51    2.94
-209340.632    17.355     0.40    2.71
-208965.540    17.108    -0.66    2.97
-208590.467    17.222     0.30    3.47
-208215.413    16.790    -1.15    3.35
-207840.379    15.885    -2.41    2.56
-207465.363    15.404    -1.28    1.91
-207090.367    15.340    -0.17    1.57
-206715.389    16.479     3.04    2.38
-206340.431    18.699     5.92    3.67
-205965.492    20.404     4.55    3.82
-205590.572    22.676     6.06    3.50
-205215.671    25.107     6.48    3.05
-204840.789    25.926     2.19    2.86
-204465.926    26.131     0.55    2.82
-204091.083    25.301    -2.22    3.16
-203716.258    23.699    -4.27    3.12
-203341.452    23.523    -0.47    3.20
-202966.666    22.540    -2.62    3.07
-202591.899    23.195     1.75    2.93
-202217.150    24.835     4.38    3.88
-201842.421    27.528     7.19    3.93
-201467.711    29.585     5.49    3.84
-201093.019    31.313     4.61    2.65
-200718.347    31.745     1.15    2.13
-200343.694    31.168    -1.54    2.71
-199969.060    30.028    -3.04    3.08
-199594.445    28.358    -4.46    3.29
-199219.849    26.229    -5.68    3.11
-198845.272    24.835    -3.72    2.40
-198470.714    23.946    -2.38    1.68
-198096.175    24.017     0.19    1.85
-197721.655    25.268     3.34    2.69
-197347.154    26.409     3.05    2.79
-196972.672    26.234    -0.47    2.42
-196598.209    25.409    -2.20    3.08
-196223.765    23.434    -5.27    3.56
-195849.339    21.123    -6.17    2.35
-195474.933    20.834    -0.77    2.30
-195100.546    21.368     1.42    2.96
-194726.178    23.314     5.20    3.62
-194351.829    24.594     3.42    3.04
-193977.498    25.255     1.77    2.13
-193603.187    24.540    -1.91    2.48
-193228.895    22.279    -6.04    3.07
-192854.621    20.594    -4.50    2.83
-192480.367    19.517    -2.88    1.90
-192106.131    19.085    -1.15    1.32
-191731.914    18.855    -0.62    1.42
-191357.717    18.906     0.14    1.64
-190983.538    19.146     0.64    1.84
-190609.378    19.563     1.12    1.93
-190235.237    20.212     1.74    1.89
-189861.115    20.634     1.13    1.64
-189487.011    20.972     0.90    1.57
-189112.927    21.523     1.47    1.84
-188738.862    22.085     1.50    2.11
-188364.815    22.812     1.94    2.07
-187990.787    23.290     1.28    2.11
-187616.778    23.949     1.76    2.02
-187242.789    24.790     2.25    2.16
-186868.817    25.540     2.01    2.68
-186494.865    26.654     2.98    3.18
-186120.932    26.812     0.42    3.68
-185747.017    26.995     0.49    3.97
-185373.122    26.879    -0.31    3.45
-184999.245    27.676     2.13    3.88
-184625.387    29.034     3.63    4.21
-184251.547    30.676     4.39    3.93
-183877.727    32.568     5.06    3.72
-183503.925    33.877     3.50    3.34
-183130.143    35.699     4.88    2.95
-182756.379    37.523     4.88    2.45
-182382.634    38.404     2.36    2.09
-182008.907    38.051    -0.94    2.39
-181635.200    36.290    -4.71    3.53
-181261.511    34.546    -4.67    3.21
-180887.841    34.225    -0.86    3.16
-180514.190    34.990     2.05    3.20
-180140.558    35.479     1.31    3.26
-179766.944    36.348     2.33    3.30
-179393.349    37.154     2.16    3.62
-179019.773    38.209     2.82    3.13
-178646.216    38.313     0.28    2.82
-178272.677    37.551    -2.04    3.19
-177899.157    36.834    -1.92    2.80
-177525.656    37.085     0.67    2.61
-177152.174    37.267     0.49    2.87
-176778.710    36.590    -1.81    3.15
-176405.265    36.116    -1.27    3.17
-176031.839    35.768    -0.93    3.30
-175658.432    36.701     2.50    3.43
-175285.043    36.701     0.00    3.12
-174911.673    36.381    -0.86    3.06
-174538.322    35.949    -1.16    3.63
-174164.989    35.234    -1.91    3.68
-173791.675    34.814    -1.13    3.41
-173417.290    34.029    -2.10    2.81
-173040.240    34.426     1.05    2.85
-172663.210    34.946     1.38    3.05
-172286.199    36.185     3.29    3.52
-171909.207    36.813     1.66    3.32
-171532.234    38.495     4.46    3.99
-171155.280    39.890     3.70    3.80
-170778.345    41.034     3.04    3.21
-170401.429    42.131     2.91    2.75
-170024.532    43.267     3.02    2.66
-169647.654    44.449     3.14    2.45
-169270.796    45.351     2.39    2.39
-168893.956    46.472     2.97    1.41
-168517.135    46.861     1.03    1.05
-168140.334    46.634    -0.60    1.51
-167763.551    46.234    -1.06    1.65
-167386.788    45.674    -1.49    1.73
-167010.043    43.949    -4.58    2.79
-166633.317    42.040    -5.07    2.72
-166256.611    41.835    -0.54    2.63
-165879.923    41.949     0.30    2.69
-165503.255    42.926     2.59    2.55
-165126.605    43.879     2.53    2.40
-164749.975    43.957     0.21    2.25
-164373.363    44.745     2.09    2.09
-163996.771    45.576     2.21    2.37
-163620.197    46.699     2.98    2.37
-163243.642    47.901     3.19    1.53
-162867.107    48.335     1.15    1.19
-162490.590    47.968    -0.98    1.51
-162114.092    47.219    -1.99    1.77
-161737.613    45.857    -3.62    2.22
-161361.153    44.720    -3.02    2.00
-160984.712    44.358    -0.96    1.92
-160608.290    43.790    -1.51    2.09
-160231.887    43.573    -0.58    2.61
-159855.503    43.335    -0.63    2.85
-159479.138    43.381     0.12    2.99
-159102.792    43.434     0.14    2.88
-158726.464    44.085     1.73    2.47
-158350.156    44.131     0.12    2.31
-157973.866    44.063    -0.18    1.88
-157597.595    43.472    -1.57    1.83
-157221.343    42.904    -1.51    1.57
-156845.110    42.540    -0.97    1.62
-156468.896    42.313    -0.60    1.78
-156092.701    41.857    -1.21    2.04
-155716.525    41.426    -1.14    1.98
-155340.367    41.676     0.66    1.98
-154964.229    42.154     1.27    1.62
-154588.109    42.434     0.75    1.60
-154212.008    42.381    -0.14    1.76
-153835.926    42.108    -0.73    2.05
-153459.863    41.746    -0.96    1.66
-153083.819    41.147    -1.59    1.81
-152707.793    40.573    -1.53    2.02
-152331.787    39.590    -2.61    2.25
-151955.799    39.108    -1.28    2.43
-151579.830    38.930    -0.48    2.70
-151203.879    38.953     0.06    2.81
-150827.948    38.926    -0.07    2.64
-150452.035    38.205    -1.92    2.85
-150076.142    38.199    -0.01    2.63
-149700.267    37.835    -0.97    2.08
-149324.410    37.790    -0.12    1.78
-148948.573    37.426    -0.97    2.11
-148572.754    36.546    -2.34    2.35
-148196.954    35.585    -2.56    3.18
-147821.173    34.814    -2.05    3.41
-147445.411    33.923    -2.37    3.57
-147069.667    33.146    -2.07    3.42
-146693.943    32.464    -1.81    3.48
-146318.237    32.040    -1.13    3.52
-145942.549    31.140    -2.40    3.53
-145566.881    29.858    -3.41    3.31
-145191.231    28.488    -3.65    3.27
-144815.600    27.190    -3.46    2.67
-144439.988    25.590    -4.26    2.28
-144064.394    24.767    -2.19    1.77
-143688.819    24.222    -1.45    1.45
-143313.263    23.765    -1.22    1.61
-142937.725    23.631    -0.36    1.58
-142562.207    24.017     1.03    2.14
-142186.707    24.631     1.63    3.42
-141811.225    25.501     2.32    3.99
-141435.762    25.742     0.64    4.10
-141060.318    26.517     2.06    3.50
-140684.893    27.424     2.42    3.55
-140309.487    28.813     3.70    3.88
-139934.099    30.358     4.12    3.98
-139558.729    31.495     3.03    3.76
-139183.379    33.257     4.70    4.03
-138808.047    35.205     5.19    3.63
-138432.733    37.108     5.07    2.90
-138057.439    38.980     4.99    2.00
-137682.163    39.697     1.91    1.62
-137306.905    39.657    -0.11    1.90
-136931.667    39.412    -0.65    1.98
-136556.447    39.190    -0.59    2.13
-136181.245    38.695    -1.32    2.29
-135806.062    37.701    -2.65    2.46
-135430.898    36.534    -3.11    2.73
-135055.752    36.085    -1.20    2.92
-134680.625    35.923    -0.43    3.11
-134305.517    35.833    -0.24    3.06
-133930.427    35.358    -1.27    3.01
-133555.356    34.623    -1.96    2.94
-133180.303    34.381    -0.65    3.03
-132805.269    35.232     2.27    3.14
-132430.254    35.835     1.61    2.51
-132055.257    35.199    -1.70    2.67
-131680.279    33.986    -3.24    2.95
-131305.319    32.790    -3.19    2.92
-130930.378    32.040    -2.00    2.88
-130555.455    30.790    -3.33    3.03
-130180.551    30.335    -1.21    2.86
-129805.666    30.495     0.42    3.19
-129430.799    30.631     0.36    3.42
-129055.950    31.563     2.49    2.88
-128681.120    31.426    -0.36    2.45
-128306.309    31.190    -0.63    2.57
-127931.516    30.472    -1.92    2.64
-127556.742    30.368    -0.28    2.66
-127181.986    30.426     0.16    2.30
-126807.249    30.279    -0.39    2.01
-126432.530    29.040    -3.31    2.79
-126057.829    27.190    -4.94    3.32
-125683.148    25.057    -5.69    3.62
-125308.484    22.881    -5.81    3.79
-124933.839    21.190    -4.51    2.58
-124559.213    20.232    -2.56    1.94
-124184.605    19.631    -1.60    1.76
-123810.016    19.290    -0.91    1.55
-123435.445    19.057    -0.62    1.44
-123060.893    19.168     0.30    1.71
-122686.359    19.472     0.81    2.59
-122311.843    20.057     1.56    3.11
-121937.346    21.697     4.38    4.48
-121562.867    22.703     2.69    4.96
-121188.407    24.278     4.21    4.02
-120813.965    25.085     2.16    3.41
-120439.542    24.486    -1.60    3.07
-120065.137    23.745    -1.98    3.01
-119690.751    22.245    -4.01    3.00
-119316.383    21.464    -2.08    2.69
-118942.033    21.855     1.04    3.45
-118567.702    23.623     4.72    4.52
-118193.389    25.517     5.06    4.05
-117819.094    26.703     3.17    3.08
-117444.818    26.472    -0.62    2.28
-117070.561    24.813    -4.43    2.67
-116696.322    22.885    -5.15    2.93
-116322.101    20.942    -5.19    2.94
-115947.898    19.100    -4.92    2.82
-115573.714    17.657    -3.86    2.77
-115199.548    16.176    -3.96    2.76
-114825.401    14.313    -4.98    2.57
-114451.272    12.879    -3.83    2.07
-114077.161    12.195    -1.83    1.64
-113703.069    11.323    -2.33    1.71
-113328.995    11.028    -0.79    1.79
-112954.939    10.657    -0.99    1.84
-112580.902    10.040    -1.65    1.77
-112206.883     9.768    -0.73    1.69
-111832.882    10.449     1.82    2.68
-111458.900    12.028     4.22    4.94
-111084.936    15.631     9.64    6.00
-110710.990    19.290     9.79    5.00
-110337.063    21.723     6.51    4.11
-109963.154    24.040     6.20    4.14
-109589.263    26.404     6.32    4.55
-109215.391    28.699     6.14    4.80
-108841.536    30.546     4.94    4.56
-108467.700    32.722     5.82    3.95
-108093.883    33.909     3.18    3.32
-107720.083    35.085     3.15    2.28
-107346.302    35.335     0.67    2.16
-106972.540    34.371    -2.58    2.91
-106598.795    32.063    -6.18    3.75
-106225.069    29.888    -5.82    3.45
-105851.361    29.199    -1.84    2.84
-105477.671    30.010     2.17    3.47
-105103.999    30.835     2.21    3.23
-104730.346    32.654     4.87    2.63
-104356.711    33.335     1.82    2.49
-103983.094    32.108    -3.29    2.96
-103609.495    30.839    -3.40    3.25
-103235.915    30.176    -1.77    3.40
-102862.353    30.668     1.32    4.04
-102488.809    31.746     2.88    4.23
-102115.283    32.813     2.86    3.09
-101741.776    32.245    -1.52    2.86
-101368.286    30.699    -4.14    3.59
-100994.815    29.115    -4.24    3.36
-100621.362    26.904    -5.92    3.09
-100247.927    24.965    -5.19    2.93
 -99874.511    22.923    -5.47    3.04
 -99501.112    20.722    -5.90    2.61
 -99127.732    19.176    -4.14    2.01
 -98754.370    18.883    -0.79    1.72
 -98378.303    19.636     2.00    2.75
 -98001.303    21.745     5.59    3.69
 -97624.323    23.668     5.10    3.75
 -97247.360    25.017     3.58    4.05
 -96870.417    26.540     4.04    3.91
 -96493.492    27.335     2.11    3.93
 -96116.585    29.267     5.13    3.50
 -95739.697    31.422     5.72    3.03
 -95362.827    32.472     2.79    2.72
 -94985.976    33.441     2.57    3.09
 -94609.144    34.279     2.22    2.51
 -94232.330    34.657     1.00    2.61
 -93855.534    35.790     3.01    1.71
 -93478.757    35.767    -0.06    1.65
 -93101.998    35.590    -0.47    1.65
 -92725.258    35.199    -1.04    2.22
 -92348.537    34.495    -1.87    2.90
 -91971.833    33.631    -2.29    3.41
 -91595.149    33.679     0.13    3.36
 -91218.482    33.540    -0.37    2.92
 -90841.835    32.381    -3.08    3.51
 -90465.205    29.464    -7.74    4.18
 -90088.594    27.076    -6.34    3.92
 -89712.002    25.995    -2.87    3.49
 -89335.428    26.479     1.29    4.65
 -88958.872    29.268     7.41    5.42
 -88582.335    31.647     6.32    3.87
 -88205.816    32.040     1.04    3.41
 -87829.316    30.837    -3.20    4.04
 -87452.834    28.899    -5.15    4.32
 -87076.370    26.881    -5.36    3.77
 -86699.925    25.671    -3.21    3.66
 -86323.498    25.573    -0.26    3.89
 -85947.090    24.209    -3.62    4.38
 -85570.700    22.723    -3.95    4.62
 -85194.328    20.676    -5.44    4.47
 -84817.975    18.855    -4.84    4.01
 -84441.640    16.232    -6.97    4.01
 -84065.324    13.858    -6.31    4.44
 -83689.026    11.335    -6.70    4.21
 -83312.746     8.972    -6.28    2.99
 -82936.484     7.540    -3.81    1.93
 -82560.241     6.654    -2.36    1.53
 -82184.017     6.154    -1.33    1.46
 -81807.810     5.449    -1.87    1.41
 -81431.622     4.926    -1.39    1.56
 -81055.453     4.676    -0.66    1.65
 -80679.301     4.301    -1.00    1.66
 -80303.168     4.116    -0.49    1.57
 -79927.054     4.017    -0.26    1.54
 -79550.957     3.972    -0.12    1.65
 -79174.879     3.926    -0.12    1.44
 -78798.819     4.063     0.36    1.39
 -78422.778     3.676    -1.03    1.48
 -78046.755     4.017     0.91    1.79
 -77670.750     4.131     0.30    1.81
 -77294.763     3.926    -0.55    1.76
 -76918.795     4.212     0.76    1.63
 -76542.845     4.123    -0.24    1.38
 -76166.913     3.745    -1.01    1.58
 -75791.000     3.371    -0.99    1.53
 -75415.104     3.101    -0.72    1.44
 -75039.228     2.766    -0.89    1.33
 -74663.369     3.457     1.84    1.57
 -74287.528     4.085     1.67    1.97
 -73911.706     4.926     2.24    2.15
 -73535.902     4.972     0.12    2.03
 -73160.116     4.497    -1.26    2.46
 -72784.349     3.267    -3.27    2.34
 -72408.600     2.361    -2.41    1.19
 -72032.869     1.995    -0.98    1.32
 -71657.156     1.517    -1.27    1.58
 -71281.461     1.046    -1.25    1.81
 -70905.785     0.290    -2.01    1.98
 -70530.127    -0.210    -1.33    2.15
 -70154.487    -0.187     0.06    2.53
 -69778.865     0.185     0.99    2.70
 -69403.261     0.040    -0.39    2.85
 -69027.676    -0.096    -0.36    2.84
 -68652.109    -0.335    -0.64    3.31
 -68276.559    -0.005     0.88    3.90
 -67901.029     0.290     0.79    4.19
 -67525.516     0.612     0.86    4.41
 -67150.021     0.767     0.41    4.06
 -66774.545     0.335    -1.15    3.01
 -66399.087     0.612     0.74    2.89
 -66023.647     0.865     0.67    2.89
 -65648.225     1.313     1.19    2.72
 -65272.821     1.717     1.08    2.47
 -64897.435     1.676    -0.11    2.36
 -64522.068     2.404     1.94    3.50
 -64146.718     3.953     4.13    5.81
 -63771.387     5.790     4.90    6.90
 -63396.074     6.165     1.00    7.38
 -63020.779     6.108    -0.15    6.91
 -62645.502     4.473    -4.36    4.40
 -62270.243     3.857    -1.64    2.43
 -61895.002     4.017     0.43    2.20
 -61519.780     4.813     2.12    3.78
 -61144.575     5.199     1.03    4.32
 -60769.389     5.715     1.38    4.36
 -60394.220     5.767     0.14    4.13
 -60019.070     4.627    -3.04    1.13
 -59643.938     4.479    -0.40    1.22
 -59268.824     4.404    -0.20    1.15
 -58893.728     4.290    -0.30    1.11
 -58518.650     3.699    -1.58    1.90
 -58143.590     2.522    -3.14    3.08
 -57768.548     0.608    -5.10    3.45
 -57393.524    -1.303    -5.10    2.47
 -57018.518    -2.346    -2.78    1.09
 -56643.530    -2.119     0.61    1.01
 -56268.560    -1.781     0.90    1.04
 -55893.609    -1.574     0.55    0.99
 -55518.675    -1.576    -0.01    1.20
 -55143.759    -1.755    -0.48    1.80
 -54768.862    -1.954    -0.53    2.24
 -54393.982    -1.778     0.47    2.65
 -54019.120    -0.824     2.55    3.05
 -53644.277    -0.430     1.05    2.54
 -53269.451    -0.051     1.01    2.18
 -52894.644     0.205     0.68    2.24
 -52519.854     0.540     0.89    2.68
 -52145.082     1.627     2.90    3.07
 -51770.329     2.154     1.40    2.95
 -51395.593     2.901     1.99    2.69
 -51020.875     2.990     0.24    2.20
 -50646.175     3.495     1.35    2.18
 -50271.493     3.860     0.97    1.91
 -49896.830     4.195     0.89    1.48
 -49522.184     4.154    -0.11    1.67
 -49147.556     3.472    -1.82    2.36
 -48772.946     2.790    -1.82    2.77
 -48398.354     2.668    -0.33    3.25
 -48023.780     3.222     1.48    2.86
 -47649.223     4.255     2.76    1.74
 -47274.685     4.719     1.24    1.45
 -46900.165     4.972     0.68    1.65
 -46525.662     4.972     0.00    1.76
 -46151.178     4.507    -1.24    2.68
 -45776.711     3.546    -2.57    3.36
 -45402.262     2.657    -2.38    3.35
 -45027.832     1.858    -2.13    3.52
 -44653.419     1.385    -1.26    3.75
 -44279.024     0.608    -2.08    3.88
 -43904.646    -0.255    -2.31    3.65
 -43530.287    -1.601    -3.60    2.98
 -43155.946    -2.662    -2.83    1.86
 -42781.622    -2.432     0.61    1.96
 -42407.317    -2.505    -0.20    1.42
 -42033.029    -2.448     0.15    1.16
 -41658.759    -2.415     0.09    1.50
 -41284.507    -2.392     0.06    1.62
 -40910.273    -2.232     0.43    1.65
 -40536.056    -2.020     0.57    1.73
 -40161.858    -1.846     0.46    1.43
 -39787.677    -1.745     0.27    1.39
 -39413.514    -2.020    -0.73    1.60
 -39039.369    -2.346    -0.87    1.52
 -38665.242    -2.392    -0.12    1.47
 -38291.133    -2.406    -0.04    1.49
 -37917.041    -2.329     0.20    1.09
 -37542.967    -2.551    -0.59    1.26
 -37168.911    -2.977    -1.14    1.43
 -36794.873    -3.350    -0.99    1.51
 -36420.853    -3.278     0.19    1.39
 -36046.850    -2.877     1.07    1.26
 -35672.866    -2.449     1.14    0.95
 -35298.899    -2.091     0.96    0.92
 -34924.949    -2.005     0.23    1.11
 -34551.018    -1.838     0.45    1.27
 -34177.104    -1.861    -0.06    1.31
 -33803.208    -1.574     0.77    1.10
 -33429.330    -1.758    -0.49    1.19
 -33055.470    -1.862    -0.28    1.20
 -32681.627    -1.829     0.09    1.15
 -32307.803    -2.119    -0.78    1.72
 -31933.995    -2.303    -0.49    1.90
 -31560.206    -2.142     0.43    1.80
 -31186.434    -1.846     0.79    1.60
 -30812.681    -1.377     1.26    2.05
 -30438.944    -1.667    -0.78    2.41
 -30065.226    -1.805    -0.37    2.56
 -29691.525    -1.574     0.62    2.97
 -29317.842    -2.466    -2.39    2.80
 -28944.177    -3.255    -2.11    2.30
 -28570.529    -3.846    -1.58    1.59
 -28196.899    -4.210    -0.97    0.00
 -27823.287    -4.210     0.00    0.00
 -27449.693    -4.210     0.00    0.00
 -27076.116    -3.915     0.79    1.09
 -26702.557    -3.280     1.70    1.70
 -26329.015    -2.567     1.91    2.12
 -25955.491    -1.437     3.02    2.48
 -25581.985    -0.791     1.73    2.20
 -25208.497    -0.362     1.15    1.89
 -24835.026    -0.234     0.34    2.36
 -24461.573    -0.743    -1.36    2.60
 -24088.137    -1.350    -1.62    2.32
 -23714.031    -1.400    -0.14    2.40
 -23337.063    -1.028     0.99    2.36
 -22960.112    -0.281     1.98    2.19
 -22583.180     0.101     1.01    2.02
 -22206.265     0.185     0.22    1.66
 -21829.369    -0.119    -0.81    1.70
 -21452.490     0.199     0.84    1.70
 -21075.630     0.094    -0.28    1.68
 -20698.787    -0.074    -0.45    2.11
 -20321.963     0.116     0.50    2.54
 -19945.156    -0.543    -1.75    2.73
 -19568.367    -1.119    -1.53    2.44
 -19191.597    -1.165    -0.12    2.17
 -18814.844    -0.642     1.39    2.18
 -18438.109    -0.324     0.84    2.07
 -18061.392    -0.142     0.48    2.26
 -17684.693     0.222     0.97    2.68
 -17308.012     0.154    -0.18    2.80
 -16931.349     0.245     0.24    2.80
 -16554.704     0.168    -0.20    2.31
 -16178.077     0.837     1.78    1.95
 -15801.467     0.768    -0.18    1.62
 -15424.876     0.926     0.42    1.68
 -15048.302     1.079     0.41    1.53
 -14671.747     1.139     0.16    1.63
 -14295.209     1.472     0.88    1.89
 -13918.689     1.883     1.09    2.12
 -13542.187     2.040     0.42    2.39
 -13165.703     1.949    -0.24    2.56
 -12789.237     2.176     0.60    2.32
 -12412.789     1.949    -0.60    2.22
 -12036.358     1.409    -1.43    1.77
 -11659.946     1.608     0.53    1.66
 -11283.551     0.972    -1.69    1.33
 -10907.174     0.511    -1.22    1.45
 -10530.815    -0.094    -1.61    1.83
 -10154.474    -0.419    -0.87    1.81
  -9778.151    -0.010     1.09    2.14
  -9401.845     0.147     0.42    2.06
  -9025.558     1.278     3.01    2.04
  -8649.288     1.495     0.57    1.76
  -8273.036     1.837     0.91    1.83
  -7896.802     2.162     0.87    1.88
  -7520.586     2.028    -0.36    1.94
  -7144.387     1.790    -0.63    1.88
  -6768.206     1.814     0.06    2.02
  -6392.043     1.743    -0.19    1.85
  -6015.898     1.676    -0.18    1.82
  -5639.771     1.546    -0.35    1.91
  -5263.662     1.585     0.10    1.87
  -4887.570     1.265    -0.85    1.84
  -4511.496     1.257    -0.02    1.94
  -4135.440     1.232    -0.07    2.11
  -3759.401     0.904    -0.87    1.69
  -3383.381     0.720    -0.49    1.40
  -3007.378     0.662    -0.16    1.26
  -2631.393     0.608    -0.14    1.24
  -2255.425     0.565    -0.11    1.25
  -1879.476     0.358    -0.55    1.35
  -1503.544     0.222    -0.36    1.25
  -1127.630     0.017    -0.54    0.96
   -751.733     0.131     0.30    0.96
   -375.855     0.226     0.25    0.97
      0.006     0.563     0.90    1.29
    375.849     0.814     0.67    1.73
    751.675     1.108     0.78    1.97
   1127.482     1.701     1.58    2.33
   1503.272     2.100     1.06    2.39
   1879.045     2.290     0.51    2.45
   2254.799     2.565     0.73    2.42
   2630.536     2.222    -0.91    2.42
   3006.256     1.557    -1.77    2.00
   3381.957     1.495    -0.17    1.81
   3757.641     1.404    -0.24    1.60
   4133.307     1.440     0.10    1.33
   4508.956     1.540     0.27    1.24
   4884.586     1.570     0.08    1.39
   5260.200     1.381    -0.50    1.04
   5635.795     1.335    -0.12    0.93
   6011.373     1.069    -0.71    0.98
   6386.933     0.745    -0.86    1.06
   6762.476     0.685    -0.16    1.16
   7138.000     0.654    -0.08    1.17
   7513.508     0.717     0.17    1.17
   7888.997     0.790     0.19    0.95
   8264.469     0.949     0.42    1.01
   8639.924     1.139     0.51    1.13
   9015.360     1.063    -0.20    1.23
   9390.779     1.027    -0.10    1.55
   9766.181     1.358     0.88    1.80
  10141.565     1.313    -0.12    1.81
  10516.931     1.245    -0.18    1.70
  10892.280     1.381     0.36    1.54
  11267.611     1.278    -0.27    1.38
  11642.924     1.131    -0.39    1.08
  12018.220     1.149     0.05    1.04
  12393.498     1.176     0.07    1.04
  12768.759     1.108    -0.18    1.07
  13144.002     1.069    -0.10    0.98
  13519.228     0.968    -0.27    1.03
  13894.436     1.140     0.46    1.25
  14269.626     0.790    -0.93    1.41
  14644.799     0.893     0.27    1.57
  15019.955     0.906     0.04    1.58
  15395.092     0.995     0.24    1.23
  15770.213     1.116     0.32    1.23
  16145.315     1.017    -0.26    1.12
  16520.400     1.215     0.53    1.01
  16895.468     1.449     0.62    1.03
  17270.518     1.961     1.36    1.28
  17645.551     1.972     0.03    1.23
  18020.566     1.949    -0.06    1.46
  18395.563     1.671    -0.74    1.48
  18770.543     1.540    -0.35    1.53
  19145.506     1.473    -0.18    1.35
  19520.451     1.472    -0.00    1.41
  19895.378     0.999    -1.26    1.34
  20270.288     0.858    -0.38    1.26
  20645.181     0.995     0.36    1.23
  21020.056     1.171     0.47    1.13
  21394.914     1.472     0.80    1.12
  21769.754     1.440    -0.08    1.12
  22144.576     1.358    -0.22    1.19
  22519.382     1.185    -0.46    1.18
  22894.169     1.335     0.40    1.17
  23268.939     1.255    -0.21    1.22
  23643.692     1.190    -0.17    1.43
  24018.428     0.790    -1.07    1.58
  24393.145     0.636    -0.41    1.31
  24767.846     0.348    -0.77    2.14
  25142.529     0.488     0.37    2.16
  25517.194     0.627     0.37    2.17
  25891.843     0.746     0.32    1.62
  26266.473     0.890     0.39    1.71
  26641.087     1.335     1.19    1.56
  27015.683     1.328    -0.02    1.62
  27390.261     1.576     0.66    2.27
  27764.822     1.449    -0.34    2.06
  28139.366     1.325    -0.33    2.20
  28513.892     0.790    -1.43    1.66
  28888.401     0.690    -0.27    1.66
  29262.892     0.767     0.21    1.56
  29637.367     1.131     0.97    1.44
  30011.823     1.395     0.70    1.12
  30386.263     1.472     0.21    0.98
  30760.685     1.790     0.85    1.21
  31135.089     1.858     0.18    1.53
  31509.476     2.644     2.10    2.33
  31883.846     2.904     0.69    2.89
  32258.199     3.647     1.99    2.91
  32632.534     4.608     2.57    2.73
  33006.852     5.585     2.61    1.86
  33381.152     6.076     1.31    1.35
  33755.435     5.904    -0.46    1.37
  34129.701     5.863    -0.11    1.33
  34503.950     5.858    -0.01    1.55
  34878.181     5.860     0.00    1.68
  35252.395     6.517     1.76    1.70
  35626.591     7.085     1.52    1.84
  36000.770     8.100     2.71    2.58
  36374.932     9.722     4.34    3.58
  36749.077    11.918     5.87    3.47
  37123.204    13.949     5.43    2.88
  37497.314    15.395     3.86    1.55
  37871.407    15.790     1.06    1.29
  38245.482    15.745    -0.12    1.22
  38619.540    15.814     0.19    1.37
  38993.581    15.949     0.36    1.26
  39367.605    16.226     0.74    1.45
  39741.611    16.495     0.72    1.44
  40115.600    16.654     0.43    1.15
  40489.572    16.604    -0.13    1.20
  40863.527    16.768     0.44    1.20
  41237.464    16.765    -0.01    1.07
  41611.384    17.085     0.86    1.11
  41985.287    17.021    -0.17    1.35
  42359.172    17.139     0.32    1.49
  42733.041    17.267     0.34    1.42
  43106.892    17.557     0.78    1.43
  43480.725    17.746     0.50    1.31
  43854.542    17.740    -0.01    1.40
  44228.342    17.631    -0.29    1.29
  44602.124    17.482    -0.40    1.40
  44975.889    17.255    -0.61    1.44
  45349.636    16.813    -1.18    1.45
  45723.367    16.534    -0.75    1.72
  46097.080    16.040    -1.32    2.24
  46470.777    15.303    -1.97    3.03
  46844.456    14.540    -2.04    3.64
  47218.117    13.365    -3.14    3.92
  47591.762    12.563    -2.15    3.60
  47965.389    12.131    -1.16    2.83
  48339.000    12.325     0.52    2.56
  48712.593    13.154     2.22    2.66
  49086.169    14.658     4.03    2.04
  49459.728    15.835     3.15    2.81
  49833.269    16.497     1.77    2.94
  50206.794    16.608     0.30    3.24
  50580.301    16.858     0.67    3.32
  50953.791    16.255    -1.61    3.07
  51329.492    15.722    -1.42    3.46
  51706.410    15.737     0.04    3.23
  52083.311    15.926     0.50    3.14
  52460.194    16.139     0.56    2.71
  52837.060    17.154     2.69    2.18
  53213.909    18.154     2.65    2.23
  53590.740    19.205     2.79    1.64
  53967.553    19.767     1.49    1.49
  54344.349    20.098     0.88    1.26
  54721.128    20.162     0.17    1.00
  55097.889    20.131    -0.08    0.89
  55474.633    20.209     0.21    0.88
  55851.359    20.358     0.40    1.02
  56228.068    20.565     0.55    1.31
  56604.760    20.699     0.36    1.44
  56981.434    20.674    -0.07    1.40
  57358.090    20.995     0.85    1.49
  57734.730    21.426     1.15    1.66
  58111.352    21.195    -0.61    1.45
  58487.956    21.154    -0.11    1.45
  58864.543    21.046    -0.28    1.46
  59241.113    20.676    -0.98    1.13
  59617.665    20.581    -0.25    1.36
  59994.200    19.976    -1.61    2.17
  60370.718    18.457    -4.04    3.37
  60747.218    17.265    -3.16    3.64
  61123.701    16.063    -3.19    3.57
  61500.166    14.888    -3.12    2.33
  61876.614    14.949     0.16    2.20
  62253.045    15.743     2.11    2.46
  62629.459    16.814     2.84    2.50
  63005.855    17.722     2.41    2.51
  63382.233    18.546     2.19    2.33
  63758.595    19.302     2.01    2.68
  64134.939    20.814     4.02    2.60
  64511.266    21.699     2.35    1.94
  64887.575    22.348     1.72    1.35
  65263.867    22.131    -0.58    1.11
  65640.142    22.222     0.24    1.17
  66016.399    22.743     1.39    1.34
  66392.640    22.861     0.31    1.47
  66768.862    22.813    -0.13    1.72
  67145.068    22.743    -0.18    1.81
  67521.256    22.323    -1.12    1.67
  67897.427    22.528     0.54    1.71
  68273.581    22.418    -0.29    2.05
  68649.717    22.980     1.50    2.38
  69025.836    23.768     2.09    2.49
  69401.938    24.674     2.41    2.38
  69778.023    24.838     0.44    1.99
  70154.090    24.323    -1.37    2.61
  70530.140    23.185    -3.03    3.13
  70906.173    21.528    -4.41    3.50
  71282.189    19.674    -4.93    3.03
  71658.187    18.608    -2.83    2.50
  72034.168    18.154    -1.21    2.53
  72410.132    17.576    -1.54    2.42
  72786.079    17.767     0.51    2.26
  73162.008    17.232    -1.42    1.91
  73537.920    17.335     0.28    1.72
  73913.815    17.767     1.15    1.65
  74289.693    18.100     0.88    2.11
  74665.553    18.199     0.26    2.12
  75041.397    18.441     0.64    1.94
  75417.223    18.434    -0.02    2.04
  75793.032    18.449     0.04    1.76
  76168.823    18.879     1.14    2.03
  76544.598    20.313     3.82    3.61
  76920.355    21.766     3.87    4.08
  77296.095    23.092     3.53    4.38
  77671.818    23.290     0.53    4.17
  78047.524    23.835     1.45    3.91
  78423.213    24.837     2.66    3.72
  78798.884    25.371     1.42    2.99
  79174.539    25.085    -0.76    3.14
  79550.176    24.371    -1.90    3.46
  79925.796    24.085    -0.76    3.05
  80301.399    23.906    -0.48    3.05
  80676.984    25.323     3.77    3.24
  81052.553    26.162     2.23    2.81
  81428.104    26.814     1.74    2.82
  81803.639    27.441     1.67    2.47
  82179.156    27.581     0.37    2.23
  82554.656    27.381    -0.53    2.02
  82930.139    26.972    -1.09    1.78
  83305.605    26.616    -0.95    1.45
  83681.053    26.563    -0.14    1.40
  84056.485    26.957     1.05    1.70
  84431.899    27.131     0.46    1.54
  84807.297    27.381     0.67    1.34
  85182.677    27.063    -0.85    1.09
  85558.040    27.348     0.76    1.45
  85933.386    27.858     1.36    1.42
  86308.715    28.650     2.11    1.60
  86684.027    29.302     1.73    1.49
  87059.322    29.426     0.33    1.37
  87434.600    29.371    -0.15    1.45
  87809.861    29.101    -0.72    1.62
  88185.105    28.488    -1.63    1.96
  88560.331    28.290    -0.53    2.42
  88935.541    26.980    -3.49    3.15
  89310.733    25.418    -4.16    3.60
  89685.909    24.154    -3.37    3.25
  90061.067    22.860    -3.45    2.30
  90436.209    23.333     1.26    2.87
  90811.333    23.790     1.22    2.92
  91186.441    24.814     2.73    3.14
  91561.531    26.199     3.69    3.58
  91936.604    28.176     5.27    3.82
  92311.661    29.085     2.42    3.53
  92686.700    29.743     1.75    3.07
  93061.722    29.835     0.25    2.81
  93436.728    29.557    -0.74    1.97
  93811.716    28.557    -2.67    2.77
  94186.687    27.540    -2.71    3.12
  94561.642    27.302    -0.64    3.30
  94936.579    27.472     0.45    3.49
  95311.499    28.999     4.07    3.59
  95686.403    30.385     3.70    2.98
  96061.289    30.504     0.32    3.11
  96436.159    29.627    -2.34    2.90
  96811.011    29.390    -0.63    2.87
  97185.847    29.464     0.20    2.54
  97560.665    28.923    -1.44    2.97
  97935.467    29.185     0.70    2.99
  98310.252    28.742    -1.18    2.95
  98685.019    27.883    -2.29    2.58
  99059.770    27.697    -0.50    2.50
  99434.504    27.472    -0.60    2.56
  99809.221    27.348    -0.33    2.66
 100183.921    27.654     0.82    2.72
 100558.604    28.040     1.03    2.87
 100933.270    29.314     3.40    2.93
 101307.920    30.371     2.82    2.44
 101682.552    31.699     3.54    2.15
 102057.167    32.108     1.09    1.67
 102431.766    31.999    -0.29    1.83
 102806.348    31.933    -0.18    1.70
 103180.912    32.290     0.95    2.01
 103555.460    32.930     1.71    1.87
 103929.991    33.631     1.87    1.57
 104304.505    33.906     0.74    1.65
 104679.003    33.676    -0.61    1.66
 105053.483    33.608    -0.18    1.60
 105427.946    33.457    -0.40    1.63
 105802.393    32.835    -1.66    2.15
 106176.823    32.441    -1.05    2.72
 106551.236    32.139    -0.81    2.84
 106925.632    32.528     1.04    3.00
 107300.011    32.323    -0.55    3.03
 107674.373    32.581     0.69    2.49
 108048.719    31.623    -2.56    2.64
 108423.048    30.990    -1.69    2.63
 108797.360    30.302    -1.84    2.87
 109171.655    29.838    -1.24    2.75
 109545.933    29.464    -1.00    2.33
 109920.194    29.313    -0.41    1.87
 110294.439    29.858     1.46    2.10
 110668.667    30.253     1.06    2.39
 111042.878    30.108    -0.39    2.21
 111417.072    29.976    -0.35    2.12
 111791.249    29.909    -0.18    2.35
 112165.410    30.116     0.55    2.37
 112539.554    30.278     0.44    2.53
 112913.681    30.495     0.58    2.40
 113287.791    30.424    -0.19    2.13
 113661.884    30.472     0.13    2.49
 114035.961    30.644     0.46    2.67
 114410.021    31.076     1.15    3.06
 114784.064    32.092     2.72    3.41
 115158.091    33.671     4.22    3.33
 115532.100    34.904     3.30    3.30
 115906.093    35.034     0.35    3.04
 116280.069    35.245     0.56    2.96
 116654.029    35.302     0.15    3.19
 117027.971    35.199    -0.28    3.16
 117401.897    34.972    -0.61    3.07
 117775.806    34.957    -0.04    2.59
 118149.699    35.335     1.01    2.59
 118523.575    35.611     0.74    2.92
 118897.434    35.790     0.48    2.80
 119271.276    36.162     1.00    2.55
 119645.102    36.348     0.50    1.88
 120018.910    36.604     0.68    1.93
 120392.703    36.644     0.11    2.10
 120766.478    37.131     1.30    1.72
 121140.237    37.611     1.28    2.06
 121513.979    38.631     2.73    2.58
 121887.704    39.108     1.28    2.62
 122261.413    39.581     1.26    2.58
 122635.105    39.162    -1.12    2.78
 123008.781    39.065    -0.26    2.12
 123382.439    38.108    -2.56    2.52
 123756.081    37.457    -1.74    2.20
 124129.707    36.418    -2.78    1.95
 124503.316    35.699    -1.92    1.84
 124876.908    35.534    -0.44    1.92
 125250.483    34.995    -1.44    1.59
 125624.042    35.354     0.96    1.65
 125997.890    35.449     0.25    1.64
 126374.777    35.497     0.13    1.68
 126751.646    35.837     0.90    1.63
 127128.499    36.131     0.78    1.43
 127505.334    35.999    -0.35    1.54
 127882.153    35.745    -0.68    1.57
 128258.955    35.053    -1.83    1.81
 128635.739    34.404    -1.72    2.01
 129012.507    33.972    -1.15    1.97
 129389.258    33.883    -0.24    1.91
 129765.992    34.563     1.80    2.11
 130142.709    35.053     1.30    1.83
 130519.409    35.495     1.17    2.03
 130896.092    36.440     2.51    1.66
 131272.759    36.723     0.75    1.80
 131649.408    36.949     0.60    1.72
 132026.041    36.933    -0.04    1.65
 132402.656    36.404    -1.41    1.38
 132779.255    35.713    -1.83    1.24
 133155.837    35.335    -1.00    1.27
 133532.402    34.676    -1.75    1.48
 133908.950    33.999    -1.80    1.81
 134285.481    33.426    -1.52    1.87
 134661.996    33.252    -0.46    1.86
 135038.493    33.881     1.67    2.07
 135414.974    34.440     1.48    2.23
 135791.438    35.057     1.64    2.13
 136167.885    34.813    -0.65    2.24
 136544.315    35.004     0.51    2.03
 136920.728    35.381     1.00    1.97
 137297.125    35.405     0.07    1.80
 137673.504    35.767     0.96    1.92
 138049.867    35.906     0.37    1.80
 138426.213    36.116     0.56    1.90
 138802.542    36.222     0.28    1.96
 139178.854    36.190    -0.08    1.71
 139555.150    35.699    -1.30    1.67
 139931.429    34.815    -2.35    1.99
 140307.691    34.552    -0.70    2.13
 140683.936    34.745     0.51    2.13
 141060.164    35.052     0.82    1.95
 141436.376    35.154     0.27    1.92
 141812.570    35.021    -0.35    1.74
 142188.748    35.131     0.29    1.79
 142564.909    35.023    -0.29    1.74
 142941.054    34.604    -1.11    1.56
 143317.182    34.654     0.13    1.50
 143693.292    34.265    -1.03    1.52
 144069.387    34.085    -0.48    1.55
 144445.464    33.969    -0.31    1.62
 144821.524    33.766    -0.54    1.58
 145197.568    33.720    -0.12    1.44
 145573.595    33.957     0.63    1.38
 145949.606    33.699    -0.68    1.63
 146325.599    33.021    -1.80    1.94
 146701.576    32.404    -1.64    1.96
 147077.536    31.552    -2.27    1.96
 147453.480    31.023    -1.41    1.52
 147829.407    31.046     0.06    1.59
 148205.317    31.365     0.85    1.78
 148581.210    31.858     1.31    1.86
 148957.087    32.764     2.41    2.25
 149332.946    33.480     1.91    2.26
 149708.790    34.395     2.43    1.88
 150084.616    34.278    -0.31    2.07
 150460.426    33.517    -2.02    2.19
 150836.219    32.290    -3.27    2.33
 151211.995    31.540    -2.00    2.26
 151587.755    30.933    -1.62    1.87
 151963.498    30.767    -0.44    1.68
 152339.225    30.395    -0.99    1.48
 152714.934    30.315    -0.21    1.45
 153090.627    30.222    -0.25    1.39
 153466.304    30.328     0.28    1.57
 153841.964    30.650     0.86    1.47
 154217.607    30.790     0.37    1.50
 154593.233    30.674    -0.31    1.56
 154968.843    30.563    -0.30    1.71
 155344.436    30.915     0.94    1.76
 155720.013    31.790     2.33    2.15
 156095.573    32.985     3.18    1.98
 156471.116    33.358     0.99    1.80
 156846.643    33.199    -0.42    2.05
 157222.153    33.052    -0.39    2.15
 157597.646    32.381    -1.79    2.25
 157973.123    32.841     1.23    2.11
 158348.583    32.585    -0.68    2.04
 158724.027    32.069    -1.38    1.92
 159099.454    31.953    -0.31    1.79
 159474.864    31.634    -0.85    1.98
 159850.258    31.915     0.75    2.21
 160225.635    31.949     0.09    2.21
 160600.996    31.354    -1.58    1.85
 160976.340    31.092    -0.70    1.71
 161351.668    31.404     0.83    2.08
 161726.979    31.604     0.53    2.01
 162102.273    31.813     0.56    1.99
 162477.551    32.185     0.99    1.97
 162852.812    32.426     0.64    2.04
 163228.057    33.116     1.84    1.77
 163603.285    33.278     0.43    1.74
 163978.497    33.627     0.93    1.85
 164353.692    34.351     1.93    1.92
 164728.870    34.335    -0.04    1.98
 165104.032    34.431     0.25    2.36
 165479.178    34.348    -0.22    2.21
 165854.307    33.767    -1.55    2.23
 166229.419    33.534    -0.62    2.31
 166604.515    33.290    -0.65    2.16
 166979.595    32.869    -1.12    1.87
 167354.658    33.063     0.52    2.04
 167729.704    33.252     0.50    2.13
 168104.734    33.290     0.10    2.37
 168479.747    32.654    -1.70    2.43
 168854.744    32.046    -1.62    2.28
 169229.725    30.654    -3.71    1.88
 169604.689    30.369    -0.76    2.01
 169979.636    30.063    -0.82    1.91
 170354.567    29.860    -0.54    1.71
 170729.482    30.040     0.48    1.63
 171104.380    29.930    -0.29    1.57
 171479.261    29.893    -0.10    1.62
 171854.126    29.995     0.27    1.44
 172228.975    29.816    -0.48    1.55
 172603.807    29.697    -0.32    1.41
 172978.623    30.290     1.58    1.50
 173353.422    30.813     1.40    1.47
 173728.205    31.199     1.03    1.35
 174102.972    31.448     0.66    1.28
 174477.722    31.426    -0.06    1.33
 174852.455    31.424    -0.01    1.36
 175227.173    31.176    -0.66    1.45
 175601.873    31.313     0.36    1.36
 175976.558    31.190    -0.33    1.22
 176351.226    31.267     0.21    1.00
 176725.877    31.448     0.48    0.97
 177100.512    31.290    -0.42    1.05
 177475.131    31.464     0.47    1.11
 177849.733    31.313    -0.40    1.11
 178224.319    31.209    -0.28    0.96
 178598.889    31.149    -0.16    1.06
 178973.442    31.040    -0.29    1.01
 179347.979    31.065     0.07    0.93
 179722.499    31.046    -0.05    1.11
 180097.003    31.069     0.06    1.24
 180471.491    31.232     0.43    1.37
 180845.962    31.245     0.03    1.58
 181220.417    30.969    -0.73    1.60
 181594.856    30.381    -1.57    1.63
 181969.278    30.052    -0.88    1.70
 182343.684    29.999    -0.14    1.58
 182718.074    30.335     0.90    1.65
 183092.447    30.814     1.28    1.56
 183466.804    31.608     2.12    1.42
 183841.144    32.156     1.46    1.09
 184215.469    32.131    -0.07    1.12
 184589.776    32.219     0.23    1.09
 184964.068    32.162    -0.15    1.02
 185338.343    32.076    -0.23    1.04
 185712.602    32.083     0.02    1.10
 186086.845    32.131     0.13    1.16
 186461.071    32.140     0.02    1.05
 186835.281    32.139    -0.00    1.23
 187209.475    32.069    -0.19    1.28
 187583.653    32.232     0.43    1.22
 187957.814    32.195    -0.10    1.29
 188331.959    32.209     0.04    1.12
 188706.087    32.335     0.34    1.07
 189080.200    32.480     0.39    1.12
 189454.296    32.464    -0.04    1.11
 189828.376    32.676     0.57    1.04
 190202.439    32.552    -0.33    0.85
 190576.486    32.654     0.27    0.80
 190950.518    32.488    -0.44    0.74
 191324.532    32.385    -0.27    0.89
 191698.531    32.480     0.25    1.00
 192072.513    32.604     0.33    1.10
 192446.479    32.676     0.19    1.10
 192820.429    32.581    -0.26    1.06
 193194.363    32.722     0.38    1.04
 193568.280    32.674    -0.13    0.82
 193942.181    32.627    -0.12    0.87
 194316.066    32.585    -0.11    0.82
 194689.935    32.395    -0.51    0.95
 195063.787    32.418     0.06    1.02
 195437.624    32.495     0.20    1.17
 195811.444    32.674     0.48    1.16
 196185.248    32.858     0.49    1.11
 196559.035    32.767    -0.24    0.96
 196932.807    32.814     0.13    0.90
 197306.562    32.600    -0.57    0.83
 197680.301    32.697     0.26    1.00
 198054.024    32.995     0.80    1.23
 198427.731    33.195     0.54    1.34
 198801.421    33.563     0.98    1.26
 199175.096    33.348    -0.57    1.37
 199548.754    33.180    -0.45    1.34
 199922.396    33.116    -0.17    1.19
 200296.022    33.209     0.25    1.28
 200669.632    33.242     0.09    1.25
 201044.979    33.395     0.41    1.16
 201421.820    33.495     0.27    1.17
 201798.645    33.517     0.06    0.90
 202175.453    33.576     0.16    1.07
 202552.245    33.534    -0.11    1.18
 202929.020    33.433    -0.27    1.21
 203305.779    33.581     0.39    1.12
 203682.521    33.581     0.00    1.01
 204059.247    33.647     0.18    0.93
 204435.957    33.627    -0.05    1.00
 204812.650    33.719     0.24    1.00
 205189.327    33.933     0.57    1.12
 205565.987    33.999     0.18    1.34
 205942.631    34.219     0.58    1.29
 206319.258    34.116    -0.27    1.08
 206695.870    34.255     0.37    1.12
 207072.464    34.325     0.19    0.91
 207449.043    34.290    -0.09    1.04
 207825.605    34.335     0.12    1.02
 208202.151    34.371     0.10    0.93
 208578.680    34.424     0.14    0.86
 208955.193    34.441     0.05    0.87
 209331.689    34.488     0.12    1.04
 209708.170    34.457    -0.08    1.07
 210084.634    34.604     0.39    1.18
 210461.081    34.719     0.30    1.07
 210837.512    34.767     0.13    1.03
 211213.927    34.933     0.44    0.85
