-193533.527   178.268     0.00    8.37
-193159.111   176.291    -5.28    8.86
-192784.684   171.311   -13.30    7.55
-192410.245   166.486   -12.88    8.45
-192035.795   161.221   -14.06    8.04
-191661.334   153.236   -21.32    8.44
-191286.861   147.486   -15.35    6.75
-190912.377   144.861    -7.01    5.10
-190537.882   143.868    -2.65    3.96
-190163.375   145.661     4.79    5.40
-189788.857   152.049    17.06    9.46
-189414.327   158.639    17.59   11.49
-189039.786   162.413    10.08   11.96
-188665.234   166.681    11.39   11.39
-188290.670   167.811     3.01   11.54
-187916.095   168.986     3.14   10.95
-187541.509   170.721     4.63   10.52
-187166.911   170.963     0.65    9.28
-186792.302   172.331     3.65    8.43
-186417.681   174.755     6.47    9.37
-186043.049   178.386     9.69    8.86
-185668.406   179.361     2.60    8.46
-185293.751   182.670     8.83    8.14
-184919.085   184.221     4.14    8.61
-184544.407   189.461    13.98    9.70
-184169.718   195.194    15.30   11.53
-183795.018   201.145    15.88   12.67
-183420.306   205.939    12.79   12.94
-183045.583   207.767     4.88   12.27
-182670.848   209.730     5.24   11.49
-182296.102   211.586     4.95   10.53
-181921.344   214.681     8.26    9.22
-181546.575   218.836    11.08    8.36
-181171.795   223.211    11.67   10.42
-180797.003   227.436    11.27   12.15
-180422.200   228.436     2.67   13.84
-180047.385   227.311    -3.00   13.93
-179672.559   226.711    -1.60   13.01
-179297.721   228.486     4.74   11.58
-178922.872   230.072     4.23    9.35
-178548.012   228.161    -5.10    9.98
-178173.140   219.911   -22.00   14.50
-177798.257   210.090   -26.19   15.18
-177423.362   200.464   -25.67   12.65
-177048.455   193.462   -18.68    8.85
-176673.538   189.336   -11.00   10.54
-176298.608   181.061   -22.07   14.92
-175923.668   174.126   -18.49   15.48
-175548.715   169.670   -11.88   11.78
-175173.752   171.870     5.87   12.28
-174798.777   181.511    25.71   14.04
-174423.790   191.561    26.80   12.10
-174048.792   196.793    13.95    9.46
-173673.782   196.677    -0.31   10.44
-173298.761   194.563    -5.64   12.19
-172923.728   191.361    -8.54   11.55
-172548.684   190.561    -2.13   12.04
-172173.629   196.096    14.76   11.80
-171798.562   200.340    11.31    9.42
-171423.483   202.921     6.88    8.64
-171048.393   203.229     0.82    8.47
-170673.291   203.436     0.55   12.23
-170298.178   200.779    -7.08   14.86
-169923.053   190.586   -27.17   19.41
-169547.917   180.462   -26.98   17.83
-169172.770   175.886   -12.20   13.33
-168797.610   172.721    -8.43   11.83
-168422.440   171.561    -3.09   11.92
-168047.257   167.336   -11.26   14.09
-167672.063   159.559   -20.72   13.74
-167296.858   152.194   -19.63   11.35
-166921.641   148.876    -8.84   10.52
-166546.413   145.633    -8.64    9.79
-166171.173   146.690     2.82   11.85
-165795.921   148.534     4.91   13.60
-165420.658   153.657    13.65   15.18
-165045.384   160.936    19.39   13.97
-164670.097   162.559     4.33   11.39
-164294.800   166.774    11.23    9.38
-163919.490   165.796    -2.60    8.80
-163544.169   163.036    -7.35   11.86
-163168.837   158.630   -11.74   13.82
-162793.493   150.413   -21.89   12.66
-162418.137   144.972   -14.49   11.80
-162042.770   140.582   -11.69   12.23
-161667.391   137.274    -8.81   12.24
-161292.001   131.242   -16.07   13.34
-160916.599   123.961   -19.39    8.72
-160541.185   119.686   -11.39    6.37
-160165.760   118.761    -2.46    5.23
-159790.324   119.484     1.93    6.46
-159414.875   118.486    -2.66    4.78
-159039.415   122.677    11.16    9.01
-158663.944   127.636    13.20   12.25
-158288.461   135.511    20.97   13.39
-157912.966   142.436    18.44   10.43
-157537.460   149.357    18.43    9.52
-157161.942   155.669    16.81   10.31
-156786.412   161.936    16.69   10.54
-156410.871   163.462     4.06    9.26
-156035.318   161.211    -5.99   12.73
-155659.754   152.336   -23.63   16.49
-155284.178   141.905   -27.77   13.11
-154908.590   133.082   -23.49   10.44
-154532.991   126.434   -17.70    8.01
-154157.380   122.608   -10.18    5.80
-153781.757   125.161     6.79    7.58
-153406.123   130.100    13.15    9.30
-153030.477   137.162    18.80   10.03
-152654.819   144.023    18.26    7.98
-152279.150   148.169    11.03    7.09
-151903.469   154.436    16.68    7.94
-151527.777   160.411    15.90    8.54
-151152.073   166.283    15.63    9.29
-150776.357   171.037    12.65    7.63
-150400.629   173.361     6.18    5.96
-150024.890   172.273    -2.90    5.68
-149649.139   170.974    -3.46    5.27
-149273.377   167.820    -8.39    5.94
-148897.603   164.664    -8.40    6.22
-148521.817   158.411   -16.64    9.53
-148146.019   149.254   -24.36   11.55
-147770.210   138.486   -28.65   13.71
-147394.389   127.336   -29.67   13.31
-147018.556   118.986   -22.22   13.04
-146642.712   110.711   -22.01   11.97
-146266.856   105.986   -12.57    8.71
-145890.988   105.286    -1.86    8.12
-145515.109   109.686    11.70   10.88
-145139.218   117.811    21.61   11.50
-144763.315   128.291    27.88   11.37
-144387.400   137.584    24.72   10.53
-144011.474   147.925    27.51   10.83
-143635.536   156.229    22.08    8.90
-143259.586   161.749    14.68    6.82
-142883.625   165.633    10.33    5.55
-142507.652   167.437     4.80    6.00
-142131.667   165.936    -3.99    6.63
-141755.670   161.932   -10.65    9.18
-141379.662   154.761   -19.07   11.00
-141003.642   145.461   -24.73   11.07
-140627.610   136.436   -24.00   10.08
-140251.566   126.901   -25.35   10.28
-139875.511   121.664   -13.92    8.48
-139499.444   119.939    -4.59    6.93
-139123.365   121.331     3.70    8.07
-138747.274   127.611    16.70    7.77
-138371.172   135.633    21.33   10.55
-137995.058   143.305    20.40   12.06
-137618.932   150.653    19.53   13.77
-137242.794   153.958     8.78   14.20
-136866.645   158.047    10.87   12.61
-136490.483   159.436     3.69    8.39
-136114.310   158.413    -2.72    5.37
-135738.126   158.686     0.72    3.89
-135361.929   159.408     1.92    5.70
-134985.721   164.486    13.50    7.33
-134609.501   167.336     7.57    6.61
-134233.269   162.939   -11.68   11.74
-133857.025   152.636   -27.38   16.46
-133480.769   141.876   -28.59   14.69
-133104.502   131.136   -28.54    9.39
-132728.223   126.901   -11.25    7.06
-132351.932   128.961     5.47    7.54
-131975.629   135.950    18.57   12.00
-131599.315   146.886    29.06   16.35
-131222.988   161.411    38.59   18.37
-130846.650   172.195    28.65   12.70
-130470.300   177.047    12.89    7.80
-130093.938   174.861    -5.81    8.14
-129717.565   170.462   -11.69    7.77
-129341.179   165.436   -13.35    7.22
-128964.782   161.870    -9.47    6.58
-128588.373   159.511    -6.27    7.05
-128211.952   156.229    -8.72    7.39
-127835.519   152.876    -8.90    7.93
-127459.074   148.161   -12.53    7.72
-127082.618   144.100   -10.78    6.36
-126706.150   140.897    -8.51    6.17
-126329.669   137.357    -9.40    6.00
-125953.177   135.242    -5.62    6.85
-125576.673   133.136    -5.59    8.08
-125200.157   131.811    -3.52    8.75
-124823.630   130.766    -2.77    9.50
-124447.090   128.590    -5.78    8.79
-124070.539   127.036    -4.13    8.04
-123693.976   123.340    -9.81    8.01
-123317.400   118.852   -11.92    7.29
-122940.813   113.145   -15.15    7.31
-122564.214   107.434   -15.16    6.19
-122187.604   102.661   -12.67    5.05
-121810.981    98.461   -11.15    4.03
-121434.346    95.340    -8.29    4.04
-121057.700    91.267   -10.81    5.32
-120681.042    87.286   -10.57    6.97
-120304.371    79.936   -19.51    9.30
-119927.689    71.895   -21.34    9.00
-119550.995    65.036   -18.21    8.99
-119174.289    58.461   -17.45    7.36
-118798.041    52.755   -15.16    7.93
-118423.683    47.340   -14.46    7.64
-118049.313    42.536   -12.83    6.63
-117674.931    39.711    -7.55    4.10
-117300.538    39.767     0.15    3.73
-116926.133    44.145    11.69    7.81
-116551.716    52.584    22.54   12.32
-116177.287    63.194    28.33   14.13
-115802.847    74.755    30.87   12.29
-115428.395    83.484    23.31   10.58
-115053.931    91.283    20.83   10.58
-114679.455    99.511    21.97   11.67
-114304.967   107.461    21.23   12.81
-113930.468   119.633    32.50   13.28
-113555.957   128.818    24.53   12.12
-113181.434   137.963    24.41   12.57
-112806.899   144.049    16.25   12.90
-112432.352   148.811    12.71   12.90
-112057.794   148.925     0.31   15.21
-111683.224   146.828    -5.60   14.01
-111308.642   143.608    -8.59   13.22
-110934.048   134.142   -25.27   13.42
-110559.442   123.761   -27.71   15.91
-110184.825   114.461   -24.82   14.08
-109810.196   111.072    -9.05   10.61
-109435.555   114.681     9.63   12.97
-109060.902   122.096    19.79   14.05
-108686.237   131.267    24.48   12.19
-108311.560   138.286    18.73   10.40
-107936.872   141.286     8.01    8.62
-107562.172   137.436   -10.27   11.95
-107187.459   128.730   -23.23   13.69
-106812.736   123.730   -13.34   11.88
-106438.000   123.876     0.39   11.81
-106063.252   130.511    17.70   12.75
-105688.492   136.177    15.12    7.70
-105313.721   139.177     8.00    6.09
-104938.938   142.486     8.83    7.40
-104564.143   146.120     9.70    8.92
-104189.336   148.120     5.34   10.75
-103814.517   148.484     0.97   12.50
-103439.686   147.533    -2.54   12.03
-103064.844   147.767     0.62   10.16
-102689.989   153.686    15.79   11.31
-102315.123   161.852    21.78   13.75
-101940.245   168.921    18.85   15.17
-101565.354   177.487    22.85   17.35
-101190.452   180.905     9.12   18.77
-100815.538   184.336     9.15   20.14
-100440.613   185.316     2.61   22.54
-100065.675   188.291     7.94   21.57
 -99690.725   195.145    18.28   19.04
 -99315.764   200.972    15.54   13.63
 -98940.790   206.485    14.70    6.90
 -98565.805   207.861     3.67    4.67
 -98190.808   208.249     1.03    4.02
 -97815.799   209.711     3.90    3.53
 -97440.778   210.487     2.07    2.98
 -97065.745   210.023    -1.24    4.28
 -96690.700   206.811    -8.56    9.38
 -96315.643   201.811   -13.33   14.39
 -95940.574   195.936   -15.66   17.21
 -95565.493   191.876   -10.82   18.13
 -95190.401   186.316   -14.82   16.31
 -94815.296   179.177   -19.03   14.89
 -94440.179   169.657   -25.38   13.91
 -94065.051   159.793   -26.29   10.76
 -93689.910   152.557   -19.29   10.55
 -93314.758   145.145   -19.76   11.52
 -92939.594   139.267   -15.67   13.97
 -92564.417   131.657   -20.28   14.08
 -92189.229   123.221   -22.48   14.94
 -91814.029   117.533   -15.16   13.34
 -91438.817   111.811   -15.25    9.13
 -91063.593   109.661    -5.73    9.17
 -90688.356   108.796    -2.30   10.82
 -90313.108   107.075    -4.59   11.75
 -89937.848   107.844     2.05   12.17
 -89562.576   107.459    -1.02   11.87
 -89187.292   108.936     3.93   10.41
 -88811.996   108.633    -0.81   10.03
 -88436.688   109.876     3.31   10.68
 -88061.368   113.633    10.01   13.94
 -87686.036   116.747     8.30   13.48
 -87310.692   117.261     1.37   13.31
 -86935.336   114.886    -6.33   13.68
 -86559.968   113.950    -2.49   12.56
 -86184.588   117.711    10.02   14.35
 -85809.196   120.796     8.22   15.20
 -85433.791   121.661     2.30   15.44
 -85058.375   118.177    -9.28   16.87
 -84682.947   115.386    -7.44   14.12
 -84307.507   114.786    -1.60   13.02
 -83932.055   113.437    -3.59   13.66
 -83556.591   109.145   -11.43   12.72
 -83181.115   101.998   -19.03   13.01
 -82805.626    92.145   -26.24   12.65
 -82430.126    85.664   -17.26    8.56
 -82054.614    86.169     1.34   10.16
 -81679.089    93.828    20.39   14.45
 -81303.553   103.925    26.89   12.92
 -80928.004   109.463    14.74   10.68
 -80552.444   109.511     0.13   14.19
 -80176.871   101.836   -20.43   18.63
 -79801.287    92.886   -23.83   15.47
 -79425.690    90.950    -5.15   15.62
 -79050.081    85.559   -14.35   15.63
 -78674.460    85.844     0.76   15.48
 -78298.827    86.201     0.95   16.61
 -77923.182    85.741    -1.22   18.11
 -77547.525    88.273     6.74   17.23
 -77171.856    83.974   -11.44   17.70
 -76796.175    78.152   -15.50   16.30
 -76420.482    73.320   -12.86   15.01
 -76044.776    68.326   -13.29   12.12
 -75669.059    66.755    -4.18   11.67
 -75293.329    65.036    -4.57   11.79
 -74917.587    61.584    -9.19   10.12
 -74541.834    60.561    -2.72    9.42
 -74166.068    62.126     4.17   10.50
 -73790.290    64.911     7.41   12.56
 -73414.500    68.559     9.71   14.06
 -73038.697    69.773     3.23   13.92
 -72662.883    67.461    -6.15   12.90
 -72287.057    67.534     0.20   11.08
 -71911.218    69.611     5.52   10.22
 -71535.367    75.100    14.61   12.69
 -71159.504    87.286    32.42   14.59
 -70783.629    99.852    33.43   12.52
 -70407.742   109.261    25.03   10.97
 -70031.843   119.047    26.03   10.79
 -69655.932   126.639    20.19   10.10
 -69280.008   134.653    21.32   10.41
 -68904.073   141.280    17.63   11.03
 -68528.125   145.876    12.23   11.67
 -68152.165   146.796     2.45   10.52
 -67776.193   139.767   -18.70   12.80
 -67400.209   126.582   -35.07   19.63
 -67024.212   113.485   -34.83   18.29
 -66648.204   106.796   -17.79   15.29
 -66272.183   101.630   -13.74   15.23
 -65896.150   101.161    -1.25   14.84
 -65520.105   104.836     9.77   12.91
 -65144.047   107.195     6.27   12.96
 -64767.978   115.487    22.05   16.44
 -64391.896   127.413    31.71   17.41
 -64015.803   136.803    24.97   17.06
 -63639.697   144.725    21.06   14.69
 -63263.578   148.382     9.72   14.53
 -62887.448   152.296    10.41   13.93
 -62511.305   155.876     9.52   13.27
 -62135.151   153.681    -5.84   12.35
 -61758.984   149.876   -10.11   13.17
 -61382.804   143.136   -17.92   10.81
 -61006.613   137.786   -14.22   11.45
 -60630.409   135.511    -6.05   13.64
 -60254.194   129.559   -15.82   13.82
 -59877.966   126.535    -8.04   14.94
 -59501.725   122.584   -10.50   15.28
 -59125.473   116.761   -15.48   16.08
 -58749.208   113.023    -9.93   14.41
 -58372.931   107.736   -14.05   12.36
 -57996.642   103.368   -11.61   11.91
 -57620.341   101.316    -5.45   11.15
 -57244.027    99.462    -4.93   11.96
 -56867.701    99.086    -1.00   15.34
 -56491.363   100.411     3.52   14.16
 -56115.012    99.063    -3.58   12.28
 -55738.650    92.511   -17.41    9.35
 -55362.275    88.901    -9.59    8.95
 -54985.888    85.462    -9.14    9.56
 -54609.488    79.511   -15.81   10.34
 -54233.077    72.932   -17.48   11.85
 -53856.653    63.348   -25.46   12.19
 -53480.217    57.818   -14.69   10.72
 -53103.768    56.194    -4.32    9.17
 -52727.307    55.311    -2.35    9.72
 -52350.834    55.203    -0.29   10.15
 -51974.349    57.806     6.91   11.32
 -51597.851    61.895    10.86   12.22
 -51221.342    67.657    15.30   14.37
 -50844.819    79.511    31.48   12.86
 -50468.285    86.100    17.50    9.18
 -50091.738    89.874    10.02    6.14
 -49715.179    92.379     6.65    3.52
 -49338.608    91.811    -1.51    2.82
 -48962.024    90.389    -3.78    2.56
 -48585.428    88.828    -4.14    2.99
 -48208.820    86.255    -6.83    3.47
 -47832.199    83.879    -6.31    3.73
 -47455.566    80.161    -9.87    4.55
 -47078.921    75.706   -11.83    5.81
 -46702.264    71.316   -11.66    7.01
 -46325.594    66.023   -14.05    6.80
 -45948.911    62.434    -9.53    6.01
 -45572.217    60.211    -5.90    4.39
 -45195.510    59.901    -0.82    3.61
 -44818.791    61.194     3.43    4.50
 -44442.059    63.316     5.63    4.69
 -44065.315    64.194     2.33    3.71
 -43690.139    63.511    -1.82    4.28
 -43315.827    61.111    -6.41    5.08
 -42941.503    58.011    -8.28    4.61
 -42567.166    54.120   -10.39    5.21
 -42192.818    49.364   -12.70    6.38
 -41818.457    46.145    -8.60    5.76
 -41444.084    45.677    -1.25    5.49
 -41069.698    49.925    11.35    8.15
 -40695.301    55.664    15.33    7.01
 -40320.891    59.952    11.45    5.27
 -39946.469    61.925     5.27    3.55
 -39572.035    60.925    -2.67    4.86
 -39197.589    55.911   -13.39    7.90
 -38823.130    50.203   -15.24    8.38
 -38448.659    45.283   -13.14    7.45
 -38074.176    41.639    -9.73    4.81
 -37699.681    40.218    -3.79    3.19
 -37325.174    38.486    -4.63    3.95
 -36950.654    36.161    -6.21    5.57
 -36576.122    32.647    -9.38    5.46
 -36201.578    30.011    -7.04    3.50
 -35827.022    29.636    -1.00    3.42
 -35452.453    29.058    -1.54    3.78
 -35077.872    28.925    -0.36    3.98
 -34703.279    28.725    -0.53    3.62
 -34328.674    28.280    -1.19    2.63
 -33954.056    28.111    -0.45    1.86
 -33579.426    28.203     0.25    1.51
 -33204.784    27.925    -0.74    1.80
 -32830.130    28.389     1.24    2.00
 -32455.463    28.611     0.59    2.27
 -32080.784    28.803     0.51    2.19
 -31706.093    28.793    -0.03    2.09
 -31331.389    28.203    -1.57    2.26
 -30956.674    27.561    -1.71    2.30
 -30581.945    27.120    -1.17    2.28
 -30207.205    26.364    -2.02    2.04
 -29832.452    25.736    -1.68    2.17
 -29457.688    26.236     1.33    2.46
 -29082.910    26.090    -0.39    2.40
 -28708.121    26.082    -0.02    2.22
 -28333.319    25.844    -0.64    2.07
 -27958.505    26.145     0.80    2.34
 -27583.678    26.086    -0.16    2.71
 -27208.840    24.716    -3.65    4.93
 -26833.989    21.511    -8.55    7.66
 -26459.125    17.331   -11.15    8.11
 -26084.250    12.681   -12.40    6.75
 -25709.362     8.736   -10.52    3.42
 -25334.461     7.633    -2.94    2.33
 -24959.549     7.261    -0.99    2.01
 -24584.624     7.588     0.87    1.98
 -24209.686     8.082     1.32    1.89
 -23834.737     8.296     0.57    1.73
 -23459.775     8.120    -0.47    1.91
 -23084.800     8.779     1.76    2.44
 -22709.814     9.086     0.82    2.31
 -22334.815     8.961    -0.33    2.41
 -21959.803     8.336    -1.67    2.45
 -21584.779     8.023    -0.83    2.53
 -21209.743     7.755    -0.72    2.54
 -20834.695     7.392    -0.97    2.45
 -20459.634     7.836     1.18    2.68
 -20084.561     7.773    -0.17    2.83
 -19709.475     7.950     0.47    2.71
 -19334.377     8.755     2.15    3.02
 -18959.267     9.736     2.62    3.79
 -18584.144    11.096     3.63    3.24
 -18209.009    11.486     1.04    3.01
 -17833.862    10.852    -1.69    4.11
 -17458.702     9.286    -4.18    4.69
 -17083.530     7.558    -4.60    4.94
 -16708.345     4.818    -7.30    4.35
 -16333.148     3.194    -4.33    3.36
 -15957.939     1.773    -3.79    2.27
 -15582.717     0.836    -2.50    1.67
 -15207.483     0.844     0.02    1.75
 -14832.236     0.434    -1.09    1.81
 -14456.977     0.162    -0.72    1.66
 -14081.705    -0.039    -0.54    1.65
 -13706.421    -0.319    -0.74    1.88
 -13331.125    -0.396    -0.21    1.94
 -12955.816    -0.437    -0.11    1.99
 -12580.495    -0.442    -0.01    1.83
 -12205.162    -0.539    -0.26    1.93
 -11829.816    -0.466     0.20    1.84
 -11454.457    -0.587    -0.32    1.56
 -11079.086    -0.900    -0.83    1.58
 -10703.703    -1.108    -0.56    1.34
 -10328.307    -1.068     0.11    1.43
  -9952.899    -0.831     0.63    1.09
  -9577.478    -0.614     0.58    1.09
  -9202.045    -0.514     0.27    1.08
  -8826.599    -0.367     0.39    1.52
  -8451.141    -0.764    -1.06    1.78
  -8075.671    -0.589     0.47    1.72
  -7700.188    -0.684    -0.25    1.60
  -7324.692    -0.751    -0.18    1.52
  -6949.184    -0.367     1.02    1.42
  -6573.664    -0.251     0.31    1.32
  -6198.131     0.096     0.92    1.45
  -5822.586     0.100     0.01    1.33
  -5447.028     0.061    -0.11    1.30
  -5071.457     0.011    -0.13    2.32
  -4695.874     0.096     0.23    3.08
  -4320.279     0.535     1.17    3.27
  -3944.671     0.681     0.39    3.34
  -3569.051     0.844     0.43    2.58
  -3193.418     0.716    -0.34    2.02
  -2817.773     0.273    -1.18    1.71
  -2442.115     0.511     0.63    2.02
  -2066.444     0.558     0.13    2.31
  -1690.762     0.534    -0.06    2.25
  -1315.066     0.432    -0.27    2.17
   -939.358     0.147    -0.76    1.60
   -563.638     0.036    -0.30    1.22
   -187.905     0.072     0.10    1.10
    187.841     0.106     0.09    1.01
    563.599    -0.053    -0.42    0.88
    939.370     0.627     1.81    3.23
   1315.153     2.716     5.56    8.38
   1690.948     8.413    15.16   14.74
   2066.757    14.633    16.55   17.45
   2442.577    22.331    20.48   19.25
   2818.411    29.796    19.86   18.59
   3194.257    37.669    20.95   16.92
   3570.115    43.047    14.31   13.28
   3945.986    45.559     6.68   11.09
   4321.870    48.828     8.69   11.40
   4697.766    55.169    16.87   11.67
   5073.675    63.961    23.39   11.82
   5449.596    73.886    26.40   13.52
   5825.530    85.136    29.93   14.17
   6201.476    89.273    11.00   12.88
   6577.435    89.316     0.11   12.84
   6953.407    84.844   -11.89   13.41
   7329.391    75.836   -23.96   13.78
   7705.388    65.382   -27.80   16.14
   8081.397    60.586   -12.76   13.20
   8457.419    61.803     3.24   13.43
   8833.454    69.462    20.37   15.82
   9209.501    80.120    28.34   12.90
   9585.561    88.761    22.98    9.42
   9961.633    91.736     7.91    9.09
  10337.718    94.336     6.91    8.46
  10713.816    94.194    -0.38   11.47
  11089.926    90.876    -8.82   12.03
  11466.049    84.368   -17.30   13.52
  11842.185    77.725   -17.66   14.11
  12218.333    73.536   -11.14   14.56
  12594.494    72.374    -3.09   17.46
  12970.667    73.730     3.60   19.20
  13346.853    74.803     2.85   20.15
  13723.052    68.803   -15.95   18.93
  14099.264    61.695   -18.90   16.65
  14475.488    56.442   -13.96   13.07
  14851.724    54.636    -4.80   11.16
  15227.974    55.974     3.56   11.26
  15604.236    58.749     7.37   10.63
  15980.510    63.895    13.68   13.18
  16356.798    74.738    28.82   15.20
  16733.098    85.613    28.90   13.32
  17109.410    93.636    21.32   10.35
  17485.736   101.340    20.47    8.47
  17862.074   107.690    16.87    9.09
  18238.424   112.558    12.94    8.51
  18614.788   115.274     7.22    7.72
  18991.164   119.961    12.45    9.49
  19367.552   125.998    16.04   12.51
  19743.954   133.316    19.44   14.22
  20120.368   139.389    16.13   14.08
  20496.795   144.331    13.13   13.86
  20873.234   146.586     5.99   13.07
  21249.687   145.211    -3.65   14.61
  21626.152   145.677     1.24   15.04
  22002.629   146.925     3.31   15.48
  22379.120   148.106     3.14   15.20
  22755.623   150.786     7.12   11.92
  23132.139   151.844     2.81   10.40
  23508.667   154.706     7.60   10.07
  23885.208   158.606    10.36   13.20
  24261.762   166.242    20.28   15.34
  24638.329   174.657    22.35   16.66
  25014.909   181.169    17.29   15.73
  25391.501   183.586     6.42   13.54
  25768.106   179.686   -10.36   12.55
  26144.723   175.194   -11.93   12.74
  26521.354   166.535   -22.99   13.52
  26897.997   156.657   -26.23   13.53
  27274.653   146.106   -28.01   14.61
  27651.322   136.203   -26.29   13.91
  28028.003   128.950   -19.26   12.62
  28404.697   126.389    -6.80   12.55
  28781.404   127.883     3.97   16.06
  29158.124   133.487    14.88   14.76
  29534.857   136.331     7.55   10.03
  29911.602   133.488    -7.55   12.25
  30288.360   124.364   -24.22   15.84
  30665.131   115.749   -22.87   13.66
  31041.684   109.915   -15.49   12.94
  31415.936   106.484    -9.17   13.01
  31790.200   102.852    -9.71   16.59
  32164.477    98.211   -12.40   17.41
  32538.767    90.411   -20.84   17.17
  32913.069    82.145   -22.08   12.84
  33287.384    79.254    -7.72   10.27
  33661.712    80.580     3.54   11.56
  34036.052    82.458     5.02   13.23
  34410.405    82.486     0.07   13.82
  34784.770    82.681     0.52   13.17
  35159.148    80.242    -6.52   12.72
  35533.539    78.749    -3.99   13.37
  35907.942    73.331   -14.47   11.93
  36282.358    69.686    -9.74    8.99
  36656.786    68.661    -2.74    7.49
  37031.228    70.034     3.67    9.43
  37405.682    71.925     5.05   10.74
  37780.148    71.681    -0.65   12.11
  38154.627    71.558    -0.33   12.49
  38529.119    72.286     1.94   14.28
  38903.624    73.011     1.94   15.28
  39278.141    74.818     4.83   16.58
  39652.671    70.755   -10.85   16.44
  40027.214    68.242    -6.71   14.59
  40401.769    65.413    -7.55   12.08
  40776.337    67.961     6.80   12.94
  41150.918    75.300    19.59   14.02
  41525.511    84.766    25.27   12.12
  41900.117    93.100    22.25    9.88
  42274.736    99.584    17.31   10.48
  42649.367   108.186    22.96   11.62
  43024.011   114.998    18.18   11.46
  43398.668   117.488     6.65   10.02
  43773.338   115.721    -4.72    9.81
  44148.020   107.340   -22.37   14.39
  44522.715    97.047   -27.47   13.52
  44897.423    93.950    -8.27   10.02
  45272.143    96.920     7.93   12.01
  45646.876   103.177    16.70   10.76
  46021.622   105.630     6.54    8.37
  46396.381   102.711    -7.79   11.05
  46771.152    94.368   -22.26   13.81
  47145.936    87.535   -18.23   10.94
  47520.733    88.886     3.60   12.65
  47895.542    94.291    14.42   13.20
  48270.365   100.061    15.39    8.94
  48645.200   103.096     8.10   10.69
  49020.047   103.925     2.21   11.30
  49394.908   104.296     0.99   10.47
  49769.781   103.936    -0.96    9.49
  50144.667   102.796    -3.04   10.72
  50519.566    98.706   -10.91   13.35
  50894.478    93.736   -13.26   13.83
  51269.402    90.536    -8.54   12.53
  51644.339    84.389   -16.40   12.21
  52019.289    78.218   -16.46   12.00
  52394.252    69.925   -22.12   12.80
  52769.227    58.711   -29.91   12.53
  53144.216    48.511   -27.20   13.81
  53519.217    38.511   -26.67   11.43
  53894.231    30.320   -21.84    8.88
  54269.257    22.706   -20.30    7.47
  54644.297    17.082   -15.00    6.09
  55019.349    12.534   -12.13    4.02
  55394.414    10.590    -5.19    1.94
  55769.492    10.170    -1.12    1.57
  56144.583     9.761    -1.09    3.70
  56519.686     9.211    -1.47    4.31
  56894.802     7.242    -5.25    4.54
  57269.932     6.408    -2.22    4.27
  57645.074     5.874    -1.42    2.79
  58020.228     6.921     2.79    3.72
  58395.396     7.291     0.99    3.55
  58770.576     6.901    -1.04    3.09
  59145.770     6.681    -0.59    2.76
  59520.976     5.999    -1.82    1.70
  59896.195     5.669    -0.88    1.64
  60271.427     5.836     0.45    1.58
  60646.671     6.177     0.91    1.68
  61021.929     6.608     1.15    2.01
  61397.199     6.868     0.69    2.27
  61772.483     7.361     1.31    2.46
  62147.779     9.786     6.46    4.86
  62523.088    12.485     7.19    5.19
  62898.409    15.106     6.98    4.27
  63273.744    17.901     7.45    4.23
  63649.092    21.892    10.63    7.11
  64024.452    29.291    19.71   11.64
  64399.826    39.961    28.43   13.26
  64775.212    52.779    34.15   15.27
  65150.611    66.999    37.88   17.18
  65526.023    79.316    32.81   18.17
  65901.448    94.559    40.61   18.53
  66276.886   104.111    25.44   15.17
  66652.336   110.061    15.85   12.48
  67027.800   111.747     4.49   12.07
  67403.276   109.511    -5.96   11.50
  67778.766   110.096     1.56   10.19
  68154.268   109.608    -1.30   10.91
  68529.783   112.145     6.76   11.30
  68905.311   115.588     9.17   12.37
  69280.852   117.820     5.95   14.53
  69656.406   120.459     7.03   14.51
  70031.973   122.749     6.10   13.65
  70407.553   125.844     8.24   13.52
  70783.146   129.061     8.56   11.25
  71158.752   134.464    14.39   10.50
  71534.370   137.458     7.97   10.82
  71910.002   140.859     9.06   13.74
  72285.647   142.998     5.69   15.35
  72661.304   142.511    -1.30   15.84
  73036.975   135.394   -18.94   19.06
  73412.658   125.844   -25.42   17.17
  73788.354   115.511   -27.51   18.81
  74164.064   104.886   -28.28   15.54
  74539.786   106.296     3.75   17.35
  74915.521   105.630    -1.77   16.70
  75291.270   101.186   -11.83   16.91
  75667.031    89.725   -30.50   19.32
  76042.805    74.436   -40.69   19.07
  76418.592    65.194   -24.60   16.55
  76794.392    62.925    -6.04   12.80
  77170.206    67.803    12.98   16.86
  77546.032    80.120    32.78   18.90
  77921.871    92.034    31.70   17.17
  78297.723   103.803    31.31   15.73
  78673.588   115.463    31.02   16.50
  79049.466   122.558    18.88   15.23
  79425.358   124.796     5.95   15.56
  79801.262   127.368     6.84   18.49
  80177.179   127.463     0.25   19.44
  80553.109   129.049     4.22   18.57
  80929.052   138.511    25.17   17.78
  81305.009   146.186    20.42   15.69
  81680.978   154.974    23.38   13.28
  82056.960   163.364    22.32   11.37
  82432.955   166.936     9.50   10.74
  82808.964   169.534     6.91   12.73
  83184.985   169.382    -0.40   14.26
  83561.020   161.803   -20.16   16.38
  83937.067   153.437   -22.25   17.59
  84313.128   144.606   -23.49   15.25
  84689.201   134.439   -27.04   13.49
  85065.288   124.695   -25.91   15.42
  85441.388   118.920   -15.36   14.96
  85817.500   116.803    -5.63   13.16
  86193.626   117.559     2.01   11.95
  86569.765   113.462   -10.89   15.73
  86945.917   100.563   -34.29   21.06
  87322.082    87.011   -36.03   17.72
  87698.260    80.588   -17.08   13.27
  88074.452    81.023     1.16   17.30
  88450.656    86.439    14.40   18.78
  88826.873    87.280     2.23   18.78
  89203.104    86.261    -2.71   16.39
  89579.347    84.511    -4.65   14.59
  89955.604    84.584     0.19   13.19
  90331.874    86.047     3.89   12.54
  90708.156    84.364    -4.47   11.43
  91084.452    86.743     6.32   11.86
  91460.762    88.300     4.14   11.66
  91837.084    91.386     8.20   11.21
  92213.419   101.892    27.92   14.85
  92589.767   111.242    24.85   17.84
  92966.129   117.439    16.47   18.46
  93342.504   124.741    19.40   17.80
  93718.891   130.340    14.88   19.46
  94095.292   136.773    17.09   19.61
  94471.706   143.267    17.25   19.87
  94848.134   150.340    18.79   17.75
  95224.574   154.177    10.19   17.88
  95601.028   153.761    -1.11   15.60
  95977.494   152.361    -3.72   14.73
  96353.974   147.950   -11.72   13.94
  96730.467   138.892   -24.06   15.66
  97106.973   134.218   -12.41   15.27
  97483.492   132.534    -4.47   13.40
  97860.025   138.561    16.01   16.26
  98236.570   150.111    30.68   15.78
  98613.129   161.177    29.39   12.67
  98989.701   167.437    16.63   11.02
  99366.286   176.023    22.80   13.26
  99742.884   184.011    21.21   12.95
 100119.496   189.686    15.07    9.34
 100496.121   190.357     1.78    9.71
 100872.758   189.749    -1.61   13.67
 101249.409   191.657     5.07   16.09
 101626.074   192.974     3.50   17.16
 102002.751   195.636     7.07   12.21
 102379.442   197.247     4.28    9.74
 102756.146   201.348    10.89    8.09
 103132.863   204.561     8.53    7.62
 103509.593   204.852     0.77    8.42
 103886.337   196.686   -21.68   15.50
 104263.093   185.972   -28.44   18.34
 104639.863   172.033   -37.00   19.30
 105016.646   161.254   -28.61   17.18
 105393.443   154.582   -17.71   13.26
 105770.252   153.082    -3.98   14.54
 106145.660   150.761    -6.18   15.52
 106519.866   147.556    -8.56   15.39
 106894.085   146.642    -2.44   14.78
 107268.317   154.415    20.77   20.69
 107642.562   168.653    38.05   18.53
 108016.820   176.584    21.19   12.40
 108391.092   178.348     4.71   11.37
 108765.376   176.126    -5.94   11.57
 109139.673   179.558     9.17   15.02
 109513.984   185.436    15.70   16.73
 109888.308   188.725     8.79   14.27
 110262.644   185.511    -8.59   16.15
 110636.994   179.998   -14.73   16.75
 111011.357   170.169   -26.26   18.87
 111385.733   162.106   -21.54   20.08
 111760.122   151.561   -28.17   21.85
 112134.524   135.950   -41.70   23.21
 112508.939   126.201   -26.04   24.40
 112883.367   115.976   -27.31   20.94
 113257.808   109.225   -18.03   18.68
 113632.263   105.344   -10.37   16.95
 114006.731   107.261     5.12   20.06
 114381.211   113.461    16.56   24.50
 114755.705   123.086    25.70   21.70
 115130.212   126.487     9.08   18.13
 115504.732   134.169    20.51   14.99
 115879.265   139.725    14.84   13.88
 116253.811   145.611    15.72   11.29
 116628.371   146.405     2.12   11.42
 117002.943   140.929   -14.62   14.35
 117377.529   130.998   -26.51   16.72
 117752.128   120.072   -29.17   18.75
 118126.740   101.681   -49.10   25.11
 118501.365    82.536   -51.11   25.85
 118876.003    71.079   -30.59   18.66
 119250.655    68.459    -6.99   16.37
 119625.319    78.987    28.10   21.41
 119999.997    95.344    43.66   19.93
 120374.688   110.636    40.82   17.97
 120749.392   122.170    30.78   18.38
 121124.109   130.405    21.98   15.41
 121498.839   130.201    -0.55   14.32
 121873.583   124.139   -16.18   16.31
 122248.340   111.177   -34.59   19.16
 122623.110    93.011   -48.48   21.68
 122997.893    78.211   -39.49   20.25
 123372.689    71.963   -16.67   16.51
 123747.498    74.136     5.80   17.89
 124122.321    87.364    35.30   22.04
 124497.157   103.462    42.95   17.63
 124872.006   114.535    29.54   16.19
 125246.868   123.657    24.34   12.20
 125621.744   128.320    12.44   12.17
 125996.632   134.169    15.60   10.83
 126371.534   136.177     5.36    9.17
 126746.449   132.755    -9.13   12.71
 127121.378   123.963   -23.45   16.02
 127496.319   112.974   -29.31   17.52
 127871.274   100.630   -32.93   17.61
 128246.242    92.111   -22.72   13.20
 128621.223    90.711    -3.73   14.18
 128996.218    97.161    17.20   18.92
 129371.225   105.177    21.38   20.81
 129746.246   114.584    25.09   14.28
 130121.281   116.653     5.52   10.93
 130496.328   112.086   -12.18   15.16
 130871.389    98.669   -35.78   20.35
 131246.463    80.647   -48.05   22.11
 131621.550    69.779   -28.98   13.97
 131996.650    69.584    -0.52   13.32
 132371.764    77.316    20.61   15.80
 132746.891    86.203    23.69   14.77
 133122.031    95.124    23.78   16.89
 133497.185   102.921    20.78   20.16
 133872.352   111.701    23.41   22.32
 134247.532   125.139    35.82   21.12
 134622.725   136.111    29.25   20.89
 134997.932   147.306    29.84   17.56
 135373.152   152.432    13.66   13.41
 135748.385   148.082   -11.59   15.44
 136123.632   137.725   -27.60   16.56
 136498.891   133.058   -12.44   14.27
 136874.164   127.296   -15.36   12.89
 137249.451   124.870    -6.47   12.30
 137624.751   115.725   -24.37   16.07
 138000.064   104.461   -30.02   15.05
 138375.390    92.058   -33.05   18.09
 138750.730    78.974   -34.86   14.25
 139126.083    72.535   -17.16   12.78
 139501.449    68.633   -10.40   10.55
 139876.829    70.261     4.34   11.98
 140252.222    76.096    15.55   14.56
 140627.628    81.725    15.00   13.58
 141003.048    84.987     8.69   13.22
 141378.481    86.389     3.73   13.19
 141753.927    87.392     2.67   13.11
 142129.387    89.630     5.96   14.16
 142504.860    96.586    18.53   14.60
 142880.347   103.536    18.51   13.24
 143255.846   108.998    14.55   10.43
 143631.359   110.681     4.48    9.04
 144006.886   102.389   -22.09   16.42
 144382.426    89.736   -33.70   18.62
 144757.979    82.950   -18.07   12.94
 145133.546    83.280     0.88   12.19
 145509.126    88.606    14.18   13.11
 145884.719    95.535    18.45   12.68
 146260.326   100.511    13.25   15.38
 146635.946   104.340    10.20   17.54
 147011.580   108.195    10.26   17.65
 147387.227   114.374    16.45   17.75
 147762.887   122.511    21.66   17.56
 148138.561   128.511    15.97   16.05
 148514.248   136.608    21.56   12.91
 148889.948   138.536     5.13   11.48
 149265.662   140.011     3.92   10.51
 149641.390   136.177   -10.20   11.63
 150017.130   132.011   -11.09   13.05
 150392.885   125.463   -17.43   16.99
 150768.652   120.011   -14.51   18.30
 151144.433   116.442    -9.50   18.29
 151520.228   111.037   -14.39   18.06
 151896.036   108.153    -7.67   20.30
 152271.857   105.130    -8.05   20.04
 152647.692   104.584    -1.45   21.14
 153023.540   102.533    -5.46   19.86
 153399.402    99.947    -6.88   20.59
 153775.277    97.034    -7.75   19.13
 154151.165    88.653   -22.30   17.90
 154527.067    78.987   -25.72   16.27
 154902.983    74.011   -13.24   13.32
 155278.912    72.911    -2.93   11.91
 155654.854    78.511    14.90   17.23
 156030.810    85.936    19.75   18.98
 156406.780    91.633    15.15   17.95
 156782.762    90.340    -3.44   17.78
 157158.759    89.487    -2.27   15.74
 157534.768    91.608     5.64   15.96
 157910.792    97.487    15.64   15.89
 158286.829   103.803    16.80   11.63
 158662.879    98.653   -13.70   16.43
 159038.943    90.987   -20.39   16.72
 159415.020    89.069    -5.10   15.16
 159791.111    93.820    12.64   18.15
 160167.215   107.534    36.47   20.22
 160543.333   116.974    25.10   17.67
 160919.464   122.611    14.99   14.42
 161295.609   122.096    -1.37   13.98
 161671.767   118.047   -10.76   11.04
 162047.939   112.633   -14.40   10.03
 162424.124   108.861   -10.03   10.51
 162800.323   106.437    -6.44   11.78
 163176.536   105.921    -1.37   14.45
 163552.762   107.058     3.02   16.84
 163929.001   111.437    11.64   14.26
 164305.254   112.273     2.22    9.96
 164681.521   107.963   -11.45   12.14
 165057.801    98.984   -23.86   17.08
 165434.094    81.897   -45.42   23.49
 165810.402    66.925   -39.79   18.51
 166186.723    63.364    -9.46   14.86
 166563.057    74.462    29.49   21.08
 166939.405    87.800    35.45   15.80
 167315.766    89.102     3.46   12.01
 167692.141    87.280    -4.84   12.41
 168068.530    88.153     2.32   13.22
 168444.932    99.194    29.33   19.68
 168821.348   113.100    36.95   17.20
 169197.777   122.420    24.76   12.38
 169574.220   125.664     8.62   11.39
 169950.677   122.558    -8.25   14.45
 170327.147   116.803   -15.29   17.48
 170703.631   112.336   -11.87   15.70
 171080.128   114.556     5.90   14.02
 171456.639   118.405    10.22   12.25
 171833.164   121.439     8.06    8.99
 172209.702   120.348    -2.90    9.16
 172586.254   115.316   -13.37   11.59
 172962.819   105.238   -26.77   13.85
 173339.398    99.331   -15.69   13.16
 173715.991    92.082   -19.25   13.41
 174092.597    84.046   -21.34   12.29
 174469.217    79.487   -12.11   12.67
 174845.851    72.773   -17.83   12.36
 175222.498    68.177   -12.20   11.76
 175599.159    63.939   -11.25   12.59
 175975.833    58.836   -13.55   12.56
 176352.521    53.082   -15.28   15.62
 176729.223    42.194   -28.91   19.04
 177105.938    31.911   -27.30   20.22
 177482.667    28.559    -8.90   18.99
 177859.410    27.736    -2.19   19.50
 178236.167    37.901    26.98   22.89
 178612.937    54.169    43.18   19.57
 178989.720    63.011    23.47   19.91
 179366.518    74.852    31.43   18.39
 179743.329    81.415    17.42   13.15
 180120.154    81.511     0.25   12.89
 180496.992    81.511     0.00   12.51
 180873.844    82.868     3.60   11.94
 181248.024    84.604     4.64   10.12
 181622.184    85.606     2.68   11.86
 181996.357    79.701   -15.78   17.17
 182370.543    70.364   -24.96   18.59
 182744.743    65.036   -14.24   15.63
 183118.957    66.861     4.88   13.88
 183493.184    67.701     2.25   11.97
 183867.425    72.998    14.16   12.13
 184241.679    76.201     8.56   10.73
 184615.946    76.811     1.63   13.88
 184990.227    74.669    -5.72   17.13
 185364.522    72.261    -6.43   17.40
 185738.830    73.562     3.48   16.77
 186113.152    75.364     4.82   16.53
 186487.487    70.939   -11.82   19.09
 186861.836    65.075   -15.67   18.45
 187236.198    60.124   -13.23   13.86
 187610.574    59.485    -1.71   12.55
 187984.963    64.883    14.42   15.00
 188359.366    74.153    24.77   15.54
 188733.782    80.058    15.77   16.55
 189108.212    86.261    16.57   14.02
 189482.656    92.716    17.24   10.52
 189857.113    97.511    12.81   11.34
 190231.583    96.236    -3.41   14.24
 190606.068    92.082   -11.09   17.06
 190980.565    85.779   -16.83   17.32
 191355.077    84.242    -4.10   15.01
 191729.602    88.046    10.16   16.81
 192104.140    94.786    18.00   16.70
 192478.692   106.011    29.97   16.62
 192853.258   116.773    28.74   17.10
 193227.837   126.316    25.48   15.06
 193602.430   125.892    -1.13   19.95
 193977.036   122.534    -8.96   25.75
 194351.656   115.681   -18.29   27.99
 194726.290   104.061   -31.02   27.41
 195100.937    98.291   -15.40   23.31
 195475.598    95.208    -8.23   16.93
 195850.273    95.653     1.19   17.57
 196224.961    98.392     7.31   17.52
 196599.662    99.296     2.41   16.15
 196974.378    98.145    -3.07   11.95
 197349.107    99.486     3.58   10.90
 197723.849   100.535     2.80   10.77
 198098.605   104.047     9.37   12.11
 198473.375   108.201    11.09   13.53
 198848.159   117.630    25.16   13.01
 199222.956   124.786    19.10   13.54
 199597.766   132.273    19.98   14.96
 199972.591   140.382    21.64   16.87
 200347.429   150.058    25.82   16.84
 200722.281   162.034    31.95   14.78
 201097.146   170.115    21.56   13.71
 201472.025   176.606    17.32   12.93
 201846.918   179.511     7.75   13.80
 202221.824   177.647    -4.97   14.74
 202596.744   177.511    -0.36   12.87
 202971.678   178.022     1.36   15.01
 203346.625   182.082    10.83   15.31
 203721.586   188.126    16.12   15.25
 204096.561   194.874    18.00   14.94
 204471.549   203.536    23.10   11.92
 204846.551   208.828    14.11    9.02
 205221.567   210.273     3.85    8.97
 205596.596   209.413    -2.29   10.35
 205971.640   203.783   -15.01   13.16
 206346.697   201.305    -6.61   12.01
 206721.767   200.749    -1.48    9.96
 207096.851   198.749    -5.33   11.46
 207471.949   197.803    -2.52   14.47
 207847.061   196.681    -2.99   15.98
 208222.187   201.486    12.81   17.00
 208597.326   206.364    13.01   16.13
 208972.479   212.218    15.61   15.20
 209347.645   216.813    12.25   14.18
 209722.826   220.218     9.08   15.16
 210098.020   220.844     1.67   16.61
 210473.228   215.773   -13.52   21.18
 210848.449   212.950    -7.52   22.30
 211223.685   210.437    -6.70   21.66
 211598.934   212.194     4.68   22.25
 211974.197   217.803    14.95   21.38
 212349.473   215.963    -4.90   21.11
 212724.763   218.218     6.01   20.64
 213100.068   217.301    -2.44   20.16
 213475.385   212.559   -12.64   22.99
 213850.717   214.340     4.74   20.18
 214226.063   213.011    -3.54   19.97
 214601.422   212.389    -1.66   21.40
 214976.795   212.169    -0.58   19.58
 215352.181   208.987    -8.48   17.45
 215727.582   207.606    -3.68   13.94
 216102.996   210.932     8.86   15.74
 216478.424   215.238    11.47   17.38
 216853.866   218.608     8.98   16.70
 217229.322   219.584     2.60   16.68
 217604.792   219.584     0.00   14.96
 217980.275   220.459     2.33   11.32
 218355.772   225.852    14.36   12.34
 218731.283   233.254    19.72   16.75
 219106.808   248.463    40.51   22.55
 219482.347   270.278    58.10   25.15
 219857.899   289.736    51.82   22.49
 220233.465   306.374    44.31   15.72
 220609.045   316.274    26.36    8.12
 220984.639   319.371     8.25    7.27
 221360.247   321.439     5.51    7.70
 221735.869   321.177    -0.70    7.82
 222111.504   314.624   -17.45   14.05
 222487.153   304.588   -26.72   18.14
 222862.816   290.929   -36.36   19.46
 223238.493   279.011   -31.73   16.58
 223614.184   275.701    -8.81   14.56
 223989.889   272.344    -8.94   16.16
 224365.608   266.436   -15.73   14.36
 224741.340   268.325     5.03   14.43
 225117.086   272.186    10.28   18.31
 225492.846   287.218    40.01   22.44
 225868.621   303.145    42.39   14.98
 226244.408   308.803    15.06   11.42
 226620.210   309.082     0.74   13.76
 226996.026   304.047   -13.40   18.34
 227371.856   297.047   -18.63   18.62
 227747.699   292.558   -11.95   14.99
 228123.557   291.844    -1.90   12.24
 228499.428   295.584     9.95   13.43
 228875.313   302.464    18.31   15.08
 229251.212   311.608    24.33   14.58
 229627.125   319.136    20.03   15.17
 230003.052   324.194    13.46   14.49
 230378.993   331.906    20.52   12.38
 230754.948   333.883     5.26   11.29
 231130.916   333.368    -1.37   13.24
 231506.899   324.820   -22.74   21.07
 231882.896   310.608   -37.80   23.84
 232258.906   297.153   -35.79   22.74
 232634.931   286.974   -27.08   17.42
 233010.969   285.868    -2.94   15.35
 233387.021   290.535    12.41   17.63
 233763.088   304.194    36.33   22.80
 234139.168   321.761    46.72   17.16
 234515.262   334.730    34.49   14.43
 234891.370   340.011    14.04   11.94
 235267.492   337.915    -5.57   16.13
 235643.628   326.177   -31.21   23.52
 236019.778   312.582   -36.15   23.33
 236395.942   297.034   -41.34   25.38
 236772.120   284.382   -33.64   23.27
 237148.312   277.439   -18.46   18.89
 237524.518   276.034    -3.73   17.15
 237900.738   280.697    12.39   19.28
 238276.972   289.677    23.87   18.67
 238653.220   293.721    10.75   15.31
 239029.482   287.192   -17.35   21.00
 239405.758   276.536   -28.33   20.15
 239782.048   273.022    -9.34   18.30
 240158.352   276.413     9.01   18.84
 240534.670   281.075    12.39   18.56
 240911.002   290.511    25.08   16.98
 241287.347   298.716    21.81   18.25
 241663.707   304.034    14.13   17.64
 242040.081   308.582    12.08   17.73
 242416.470   312.280     9.83   17.61
 242792.872   317.215    13.11   17.69
 243169.288   321.221    10.64   17.12
 243545.718   327.633    17.04   16.91
 243922.162   335.162    20.00   15.96
 244298.620   340.950    15.38   17.28
 244675.092   351.238    27.33   15.15
 245051.579   357.063    15.48   14.42
 245428.079   360.511     9.16   12.76
 245804.594   363.813     8.77   11.76
 246181.122   364.463     1.73   14.68
 246557.665   361.249    -8.54   17.92
 246934.221   356.203   -13.40   16.70
 247310.792   353.011    -8.48   14.30
 247687.377   347.201   -15.43   15.64
 248063.976   336.368   -28.77   21.38
 248440.589   328.201   -21.69   21.32
 248817.216   324.536    -9.73   18.92
 249193.857   328.701    11.06   21.39
 249570.512   340.461    31.23   19.71
 249947.181   353.120    33.62   16.07
 250323.865   362.273    24.30   14.82
 250700.562   366.606    11.51   12.23
 251077.274   370.437    10.17   10.50
 251453.999   368.463    -5.24   15.11
 251830.739   369.725     3.35   16.87
 252207.493   366.796    -7.77   17.00
 252584.261   352.868   -36.98   25.64
 252961.043   331.633   -56.37   33.01
 253337.840   318.255   -35.51   28.80
 253714.650   313.681   -12.14   24.72
 254091.475   306.736   -18.44   28.84
 254468.313   296.558   -27.01   30.66
 254845.166   289.673   -18.27   28.18
 255222.033   285.011   -12.37   19.76
 255598.914   299.273    37.85   28.95
 255974.576   328.786    78.58   34.56
 256348.676   352.730    64.02   37.39
 256722.791   373.464    55.43   33.13
 257096.920   387.392    37.23   19.65
 257471.063   384.096    -8.81   26.03
 257845.219   370.998   -35.01   34.60
 258219.390   342.023   -77.46   39.75
 258593.574   317.161   -66.46   22.70
 258967.773   313.999    -8.45   17.22
 259341.985   323.061    24.22   25.91
 259716.212   338.201    40.47   23.68
 260090.452   339.320     2.99   25.63
 260464.706   328.418   -29.14   34.20
 260838.975   315.082   -35.64   30.30
 261213.257   301.995   -34.97   11.58
