-276655.108    95.983     0.00   17.59
-276278.206   101.509    14.67   16.90
-275901.322   102.728     3.23   16.16
-275524.455   102.914     0.50   15.52
-275147.607    96.091   -18.11   16.56
-274770.777    89.720   -16.91   13.26
-274393.965    91.401     4.46   13.56
-274017.170    93.978     6.84   14.54
-273640.394    97.875    10.35   13.74
-273263.635    94.296    -9.50   13.95
-272886.894    88.507   -15.37   13.03
-272510.172    81.674   -18.14   11.23
-272133.467    73.569   -21.52    9.96
-271756.780    67.464   -16.21    9.60
-271380.111    63.313   -11.03    7.63
-271003.459    62.121    -3.16    7.11
-270626.826    65.819     9.82    9.81
-270250.211    70.534    12.52    9.76
-269873.613    72.569     5.40   10.47
-269497.033    73.069     1.33    9.01
-269120.471    72.427    -1.70    6.68
-268743.927    69.682    -7.29    5.27
-268367.401    66.875    -7.46    5.15
-267990.893    63.841    -8.06    6.08
-267614.402    60.023   -10.14    5.18
-267237.930    59.205    -2.17    5.47
-266861.475    61.579     6.31    7.32
-266485.038    65.241     9.73    6.96
-266108.619    67.646     6.39    6.12
-265732.218    69.864     5.89    7.81
-265355.834    72.141     6.05    9.94
-264979.468    77.046    13.03    9.45
-264603.121    79.614     6.83    7.67
-264226.791    80.763     3.05    6.72
-263850.478    80.236    -1.40    6.37
-263474.184    76.614    -9.63    8.13
-263097.907    70.209   -17.03    9.98
-262721.648    64.490   -15.20    9.74
-262345.407    60.137   -11.57    8.25
-261969.184    56.236   -10.37    7.02
-261592.978    53.930    -6.13    6.43
-261216.790    53.232    -1.86    5.79
-260840.620    52.864    -0.98    6.00
-260464.468    51.569    -3.44    6.27
-260088.334    50.155    -3.76    6.32
-259712.217    47.500    -7.06    5.16
-259336.118    45.813    -4.49    3.97
-258960.037    45.978     0.44    3.90
-258583.973    48.091     5.62    5.61
-258207.927    50.319     5.92    6.82
-257831.899    51.932     4.29    6.30
-257455.889    50.955    -2.60    6.97
-257079.896    51.296     0.91    6.03
-256703.921    50.976    -0.85    5.56
-256327.964    50.364    -1.63    5.21
-255952.025    48.091    -6.05    5.50
-255576.103    44.682    -9.07    4.58
-255200.199    41.750    -7.80    2.72
-254824.312    41.296    -1.21    2.21
-254448.444    43.887     6.89    5.42
-254072.593    47.750    10.28    6.32
-253696.759    51.395     9.70    5.33
-253320.944    52.819     3.79    4.29
-252945.146    53.627     2.15    4.20
-252569.365    52.116    -4.02    4.51
-252193.603    52.001    -0.30    5.43
-251817.858    50.250    -4.66    5.85
-251442.130    49.201    -2.79    5.97
-251066.421    50.255     2.81    6.59
-250690.729    53.488     8.61    7.18
-250315.054    57.205     9.90    6.27
-249939.397    59.999     7.44    4.40
-249563.758    59.978    -0.06    4.98
-249188.137    58.160    -4.84    6.50
-248812.533    55.113    -8.11    6.66
-248436.947    52.165    -7.85    6.44
-248061.378    48.796    -8.97    5.53
-247685.827    47.534    -3.36    5.54
-247310.293    46.302    -3.28    5.79
-246934.778    46.864     1.50    6.97
-246559.279    47.250     1.03    6.20
-246183.799    48.955     4.54    5.26
-245808.336    50.070     2.97    4.29
-245432.890    52.488     6.44    4.50
-245057.462    55.668     8.47    4.53
-244682.052    58.569     7.73    4.05
-244306.659    61.069     6.66    2.44
-243931.284    61.883     2.17    2.03
-243555.926    61.468    -1.11    2.61
-243180.586    60.451    -2.71    2.95
-242805.264    59.728    -1.93    2.86
-242429.959    58.932    -2.12    3.12
-242054.672    58.209    -1.93    4.17
-241679.402    55.682    -6.73    5.71
-241304.149    52.951    -7.28    6.42
-240928.915    49.763    -8.50    6.18
-240553.697    47.236    -6.74    5.08
-240178.498    45.410    -4.87    4.37
-239803.315    43.951    -3.89    4.48
-239428.151    41.860    -5.57    5.05
-239053.003    39.668    -5.84    5.71
-238677.874    37.998    -4.45    5.23
-238302.762    35.796    -5.87    5.74
-237927.667    33.268    -6.74    5.86
-237552.590    31.773    -3.99    5.44
-237177.530    33.427     4.41    8.03
-236802.488    37.139     9.90    9.58
-236427.463    38.179     2.77    8.99
-236052.456    38.582     1.08    8.57
-235677.466    34.637   -10.52    7.69
-235302.494    30.569   -10.85    6.62
-234927.539    30.069    -1.33    5.77
-234552.601    30.395     0.87    5.13
-234177.681    32.232     4.90    5.06
-233802.779    36.201    10.59    5.78
-233427.894    40.117    10.45    5.74
-233053.026    44.228    10.97    5.75
-232678.176    46.955     7.28    4.04
-232303.343    46.720    -0.63    4.02
-231928.528    44.976    -4.65    5.95
-231553.730    43.855    -2.99    6.27
-231178.950    44.424     1.52    6.49
-230804.187    49.117    12.53    8.34
-230429.441    55.500    17.04    8.30
-230054.713    62.697    19.21   11.35
-229680.002    71.348    23.09   14.45
-229305.308    82.569    29.95   17.19
-228930.632    92.784    27.27   15.98
-228555.974   101.437    23.10   14.59
-228181.333   109.427    21.33   11.31
-227806.709   112.296     7.66    8.09
-227432.102   110.332    -5.24    9.73
-227057.513   107.255    -8.21   10.38
-226682.941   106.500    -2.02   11.74
-226308.387   105.332    -3.12   13.21
-225933.850   103.424    -5.10   14.44
-225559.330    96.000   -19.82   17.03
-225184.828    86.478   -25.43   14.36
-224810.343    77.046   -25.19   12.03
-224435.875    69.474   -20.22   11.91
-224061.425    61.535   -21.21   11.89
-223686.992    54.802   -17.98   10.51
-223312.576    47.637   -19.14    7.87
-222938.178    41.705   -15.85    4.71
-222563.797    38.209    -9.34    4.96
-222189.433    34.355   -10.29    5.07
-221815.087    31.162    -8.53    5.23
-221440.758    27.113   -10.82    3.91
-221066.446    25.236    -5.01    3.26
-220692.152    25.744     1.36    4.30
-220317.875    25.979     0.63    4.65
-219943.615    26.139     0.43    4.51
-219569.372    25.302    -2.24    4.38
-219195.147    22.697    -6.96    4.79
-218820.939    19.001    -9.88    5.42
-218446.748    14.760   -11.34    5.16
-218072.575    11.523    -8.65    4.78
-217698.418     9.068    -6.56    3.83
-217324.279     7.883    -3.17    2.99
-216950.158     7.682    -0.54    2.78
-216576.053     7.651    -0.08    2.90
-216201.966     7.090    -1.50    2.60
-215827.896     7.713     1.66    3.34
-215453.844    10.728     8.06    6.43
-215079.808    13.864     8.39    6.63
-214705.790    14.674     2.17    6.47
-214331.789    12.364    -6.18    7.03
-213957.805     9.999    -6.32    5.48
-213583.838     9.668    -0.89    4.01
-213209.889    11.974     6.17    5.30
-212835.957    15.432     9.25    5.59
-212462.042    18.114     7.17    3.82
-212088.144    18.651     1.44    3.15
-211714.264    17.513    -3.04    4.64
-211340.401    13.883    -9.71    6.66
-210966.554     9.364   -12.09    7.89
-210592.725     5.209   -11.12    6.96
-210218.914     0.930   -11.45    4.83
-209845.119    -1.977    -7.78    2.41
-209471.342    -3.477    -4.01    1.55
-209097.581    -4.681    -3.22    2.16
-208723.838    -5.582    -2.41    2.52
-208350.112    -5.489     0.25    2.83
-207976.404    -5.022     1.25    3.24
-207602.712    -4.954     0.18    3.87
-207229.037    -4.272     1.82    4.02
-206855.380    -4.318    -0.12    4.17
-206481.740    -3.818     1.34    5.15
-206108.117    -1.675     5.74    8.06
-205734.511     0.651     6.23    8.86
-205360.922     3.069     6.47    9.86
-204986.569     6.387     8.87    9.56
-204609.554     7.819     3.80    8.52
-204232.557    10.273     6.51    6.17
-203855.577    10.432     0.42    4.29
-203478.614     9.325    -2.94    1.61
-203101.669     8.790    -1.42    1.79
-202724.741     7.557    -3.27    2.67
-202347.830     5.813    -4.63    3.11
-201970.937     4.246    -4.16    2.98
-201594.062     3.418    -2.20    2.56
-201217.203     3.523     0.28    2.94
-200840.363     4.441     2.44    3.92
-200463.539     4.278    -0.43    3.60
-200086.733     3.955    -0.86    3.44
-199709.945     3.205    -1.99    2.46
-199333.174     3.500     0.78    2.28
-198956.420     4.948     3.84    3.24
-198579.684     6.883     5.14    4.05
-198202.965     9.646     7.34    4.76
-197826.263    12.046     6.37    4.68
-197449.579    14.837     7.41    3.96
-197072.912    16.617     4.73    3.36
-196696.263    17.513     2.38    4.00
-196319.630    18.022     1.35    4.64
-195943.016    17.591    -1.14    5.50
-195566.418    16.236    -3.60    6.55
-195189.838    14.906    -3.53    6.77
-194813.275    12.023    -7.66    6.04
-194436.730    10.346    -4.46    4.47
-194060.202     9.523    -2.19    3.11
-193683.691    10.296     2.05    4.13
-193307.198    11.760     3.89    5.88
-192930.722    13.813     5.45    6.64
-192554.263    14.485     1.78    6.85
-192177.822    12.591    -5.03    5.65
-191801.398    11.617    -2.59    4.64
-191424.991    10.651    -2.57    3.40
-191048.601    10.910     0.69    3.96
-190672.229    11.314     1.08    3.67
-190295.874    11.387     0.19    3.70
-189919.537    11.571     0.49    3.45
-189543.216    11.468    -0.27    2.54
-189166.913    12.883     3.76    3.57
-188790.627    15.674     7.42    5.47
-188414.359    19.930    11.31    6.12
-188038.108    23.789    10.26    5.22
-187661.874    27.296     9.32    3.80
-187285.657    29.656     6.27    2.38
-186909.457    30.813     3.08    1.69
-186533.275    31.296     1.28    1.38
-186157.110    30.837    -1.22    1.91
-185780.963    29.750    -2.89    2.72
-185404.832    28.969    -2.08    2.83
-185028.719    27.887    -2.88    3.42
-184652.623    27.837    -0.13    3.33
-184276.544    27.773    -0.17    3.34
-183900.482    28.697     2.46    2.82
-183524.438    28.610    -0.23    2.36
-183148.411    26.750    -4.95    3.99
-182772.401    23.846    -7.73    4.94
-182396.408    20.637    -8.54    5.48
-182020.433    17.534    -8.25    5.50
-181644.474    14.114    -9.10    5.60
-181268.533    11.364    -7.32    5.01
-180892.609     8.841    -6.71    4.26
-180516.702     7.023    -4.84    4.30
-180140.813     5.784    -3.30    4.10
-179764.940     4.319    -3.90    3.84
-179389.085     3.246    -2.85    4.12
-179013.247     1.778    -3.91    3.49
-178637.426     0.819    -2.55    3.19
-178261.622    -0.007    -2.20    3.10
-177885.836     0.410     1.11    2.83
-177510.066     2.581     5.78    4.31
-177134.314     6.069     9.28    5.36
-176758.579     9.697     9.66    4.46
-176382.861    10.943     3.32    3.29
-176007.160     9.932    -2.69    3.79
-175631.476     8.461    -3.92    3.65
-175255.809     7.137    -3.52    3.44
-174880.160     7.705     1.51    3.71
-174504.527     9.255     4.13    3.71
-174128.912    10.500     3.32    2.62
-173753.314    10.072    -1.14    2.56
-173377.732     8.296    -4.73    3.16
-173002.168     4.976    -8.84    4.34
-172626.621     1.569    -9.07    4.59
-172251.092    -1.087    -7.07    3.00
-171875.579    -2.379    -3.44    1.88
-171500.083    -1.159     3.25    4.04
-171124.605     1.309     6.57    4.97
-170749.143     4.591     8.74    6.22
-170373.699     9.209    12.30    6.84
-169998.271    12.910     9.86    7.10
-169622.861    18.488    14.86    7.05
-169247.468    22.354    10.30    5.86
-168872.091    24.046     4.51    3.97
-168496.732    24.339     0.78    3.61
-168121.390    22.500    -4.90    2.30
-167746.065    19.955    -6.78    3.24
-167370.757    16.953    -8.00    4.24
-166995.466    13.614    -8.90    4.64
-166620.192    10.125    -9.30    4.77
-166244.935     6.478    -9.72    4.86
-165869.695     4.418    -5.49    3.60
-165494.472     4.660     0.64    4.37
-165119.266     6.557     5.06    5.38
-164744.077     9.021     6.57    4.56
-164368.905    11.296     6.06    3.31
-163993.750    11.599     0.81    2.16
-163618.612     9.569    -5.41    4.22
-163243.491     6.488    -8.21    5.43
-162868.387     4.000    -6.63    5.23
-162493.300     1.441    -6.82    4.44
-162118.230     0.046    -3.72    4.48
-161743.177    -1.090    -3.03    3.80
-161368.141    -2.588    -3.99    3.48
-160993.122    -3.522    -2.49    3.19
-160618.120    -4.536    -2.70    3.27
-160243.135    -5.681    -3.06    3.01
-159868.166    -6.863    -3.15    2.24
-159493.215    -7.775    -2.43    1.43
-159118.281    -8.090    -0.84    1.29
-158743.363    -8.216    -0.33    1.21
-158368.463    -8.159     0.15    1.17
-157993.579    -7.376     2.09    1.82
-157618.712    -6.502     2.33    2.21
-157243.863    -5.750     2.01    2.01
-156869.030    -5.112     1.70    1.92
-156494.214    -5.022     0.24    1.92
-156119.415    -5.838    -2.18    2.91
-155744.633    -7.159    -3.52    3.65
-155369.868    -8.750    -4.25    3.87
-154995.120    -9.159    -1.09    4.29
-154620.388    -7.727     3.82    4.85
-154245.674    -5.954     4.73    5.19
-153870.976    -3.386     6.85    4.57
-153496.295    -1.768     4.32    4.24
-153121.632     0.864     7.03    5.96
-152746.985     2.627     4.71    5.31
-152372.354     4.841     5.91    4.82
-151997.741     6.910     5.52    5.11
-151623.145     7.168     0.69    5.28
-151248.565     8.720     4.15    4.12
-150874.003    10.255     4.10    4.33
-150499.457    11.464     3.23    3.66
-150124.928    12.160     1.86    2.71
-149750.416    12.892     1.96    1.99
-149375.920    12.728    -0.44    1.79
-149001.442    12.689    -0.10    1.19
-148626.980    12.887     0.53    1.12
-148252.535    13.250     0.97    1.07
-147878.107    13.534     0.76    1.03
-147503.696    13.660     0.34    1.71
-147129.302    13.631    -0.08    1.67
-146754.924    13.773     0.38    1.59
-146380.563    13.879     0.28    1.45
-146006.219    13.581    -0.80    1.03
-145631.892    13.689     0.29    1.69
-145257.582    13.680    -0.02    1.62
-144883.288    13.069    -1.63    1.97
-144509.011    12.346    -1.93    1.88
-144134.751    11.000    -3.60    2.30
-143760.508    10.255    -1.99    2.16
-143386.281     9.185    -2.86    2.88
-143012.072     7.689    -4.00    3.93
-142637.879     5.729    -5.24    5.20
-142263.702     2.137    -9.60    5.31
-141889.543    -0.229    -6.32    4.45
-141515.400     0.371     1.61    6.05
-141141.274     4.000     9.70    8.77
-140767.165     8.441    11.87    9.14
-140393.072    13.355    13.14    6.97
-140018.997    15.837     6.63    5.02
-139644.938    16.023     0.50    5.09
-139270.895    14.855    -3.12    6.10
-138896.870    13.558    -3.47    7.11
-138522.861    11.246    -6.18    8.63
-138148.868     9.855    -3.72    9.16
-137774.893     5.999   -10.31    9.32
-137400.934     2.534    -9.27    7.96
-137026.992    -0.250    -7.45    5.51
-136653.067    -2.526    -6.09    1.09
-136279.158    -0.489     5.45    3.88
-135905.266     2.139     7.03    5.38
-135531.391     4.813     7.15    5.56
-135157.532     7.179     6.33    4.25
-134783.690     8.953     4.74    2.97
-134409.865     9.627     1.80    2.48
-134036.056    10.022     1.06    2.51
-133662.264    10.604     1.56    2.57
-133288.489    11.160     1.49    2.29
-132914.730    11.500     0.91    2.05
-132540.988    11.705     0.55    1.83
-132167.263    12.092     1.04    1.31
-131793.554    11.883    -0.56    1.45
-131419.862    11.569    -0.84    1.34
-131046.186    10.932    -1.70    1.56
-130672.528    10.162    -2.06    1.64
-130298.885     9.819    -0.92    1.48
-129923.023     9.273    -1.45    1.20
-129546.059     8.790    -1.28    1.24
-129169.112     8.832     0.11    1.30
-128792.182     8.910     0.21    1.37
-128415.269     9.209     0.79    1.25
-128038.373     9.341     0.35    1.41
-127661.493     9.558     0.57    1.67
-127284.631     9.999     1.17    1.72
-126907.785    10.296     0.79    1.63
-126530.957    10.558     0.69    1.42
-126154.145    10.773     0.57    1.13
-125777.350    10.773     0.00    1.09
-125400.572    10.773     0.00    1.04
-125023.811    10.665    -0.29    1.08
-124647.067    10.498    -0.44    0.94
-124270.340    10.535     0.10    0.94
-123893.629    10.348    -0.50    1.04
-123516.936    10.114    -0.62    1.04
-123140.259     9.837    -0.74    1.19
-122763.599     9.464    -0.99    1.05
-122386.956     9.260    -0.54    1.00
-122010.330     9.255    -0.01    1.08
-121633.721     9.250    -0.01    1.11
-121257.128     9.341     0.24    1.00
-120880.553     9.278    -0.17    1.09
-120503.994     8.973    -0.81    1.10
-120127.452     8.674    -0.79    1.05
-119750.927     8.750     0.20    1.02
-119374.419     8.930     0.48    0.91
-118997.927     8.819    -0.29    0.91
-118621.452     8.813    -0.01    0.92
-118244.995     8.976     0.43    0.94
-117868.554     9.022     0.12    1.02
-117492.129     9.139     0.31    0.89
-117115.722     9.325     0.49    0.98
-116739.331     9.296    -0.08    0.99
-116362.957     9.325     0.08    0.96
-115986.600     9.339     0.04    0.90
-115610.260     9.302    -0.10    0.79
-115233.937     9.313     0.03    0.84
-114857.630     9.379     0.18    0.90
-114481.340     9.705     0.87    1.10
-114105.067    10.976     3.38    2.84
-113728.810    13.209     5.93    4.57
-113352.571    15.141     5.14    5.81
-112976.348    15.767     1.66    5.57
-112600.142    15.418    -0.93    5.04
-112223.952    15.627     0.56    4.27
-111847.780    18.205     6.85    5.84
-111471.624    21.900     9.82    5.82
-111095.485    23.887     5.28    3.89
-110719.362    23.379    -1.35    4.09
-110343.256    21.046    -6.20    4.65
-109967.167    17.976    -8.16    3.83
-109591.095    15.651    -6.18    2.66
-109215.039    15.069    -1.55    2.63
-108839.000    15.784     1.90    3.66
-108462.978    17.441     4.41    3.87
-108086.973    19.808     6.29    4.25
-107710.984    20.302     1.31    4.33
-107335.012    20.000    -0.80    4.43
-106959.056    19.713    -0.77    4.38
-106583.118    18.569    -3.04    4.15
-106207.196    17.179    -3.70    3.70
-105831.290    16.697    -1.28    3.84
-105455.402    16.213    -1.29    3.70
-105079.530    15.116    -2.92    2.61
-104703.674    14.750    -0.97    1.46
-104327.835    14.879     0.34    1.43
-103952.013    17.205     6.19    4.30
-103576.208    20.511     8.80    6.57
-103200.419    24.348    10.21    7.26
-102824.647    28.319    10.57    6.09
-102448.892    31.713     9.03    4.97
-102073.153    32.478     2.04    5.36
-101697.431    32.976     1.33    6.07
-101321.725    32.441    -1.42    6.24
-100946.036    32.236    -0.55    6.08
-100570.364    32.046    -0.51    4.77
-100194.708    32.976     2.48    3.80
 -99819.069    33.498     1.39    2.46
 -99443.446    34.720     3.25    3.16
 -99067.840    35.955     3.29    3.23
 -98692.251    36.617     1.76    3.19
 -98316.678    36.637     0.05    3.59
 -97941.122    36.023    -1.64    3.85
 -97565.583    34.720    -3.47    2.84
 -97190.060    33.784    -2.49    2.90
 -96814.553    32.999    -2.09    2.87
 -96439.063    32.232    -2.04    3.49
 -96063.590    31.720    -1.36    3.16
 -95688.133    30.464    -3.35    3.61
 -95312.693    28.855    -4.29    4.91
 -94937.270    25.841    -8.03    5.29
 -94561.863    23.046    -7.45    4.86
 -94186.472    21.260    -4.76    3.30
 -93811.098    20.887    -0.99    2.54
 -93435.741    21.395     1.35    2.01
 -93060.400    21.713     0.85    2.10
 -92685.076    22.308     1.59    2.04
 -92309.768    22.069    -0.64    1.93
 -91934.477    20.500    -4.18    3.41
 -91559.202    18.627    -4.99    4.01
 -91183.944    16.546    -5.55    3.98
 -90808.702    14.999    -4.12    4.36
 -90433.477    13.883    -2.98    5.44
 -90058.268    12.883    -2.67    5.76
 -89683.076    10.627    -6.01    6.29
 -89307.900     7.976    -7.07    5.61
 -88932.741     5.841    -5.69    4.58
 -88557.598     4.069    -4.72    2.78
 -88182.472     3.860    -0.56    2.79
 -87807.362     4.260     1.07    3.57
 -87432.269     5.468     3.22    4.92
 -87057.192     6.255     2.10    5.28
 -86682.132     8.091     4.90    5.93
 -86307.088     8.488     1.06    6.20
 -85932.060    11.091     6.94    7.60
 -85557.049    14.185     8.25    8.33
 -85182.055    17.534     8.93    8.45
 -84807.077    20.069     6.76    6.51
 -84432.115    19.932    -0.37    5.13
 -84057.170    19.114    -2.18    5.17
 -83682.241    18.046    -2.85    4.93
 -83307.329    17.139    -2.42    3.91
 -82932.433    17.403     0.70    3.17
 -82557.554    16.522    -2.35    3.92
 -82182.690    16.534     0.03    5.70
 -81807.844    15.841    -1.85    6.45
 -81433.014    12.999    -7.58    7.80
 -81058.200     9.979    -8.06    7.99
 -80683.402     6.165   -10.18    5.75
 -80308.621     3.760    -6.42    2.27
 -79933.857     3.395    -0.98    1.70
 -79559.108     3.750     0.95    2.13
 -79184.377     4.387     1.70    2.95
 -78809.661     4.488     0.27    3.26
 -78434.962     4.069    -1.12    2.82
 -78060.279     4.114     0.12    2.51
 -77685.613     4.498     1.03    2.33
 -77310.963     4.697     0.53    2.05
 -76936.329     4.976     0.74    2.15
 -76561.712     6.558     4.22    4.74
 -76187.111     8.604     5.46    7.17
 -75812.527    11.213     6.96    8.24
 -75437.959    12.790     4.21    8.73
 -75063.407    14.627     4.91    8.04
 -74688.871    15.744     2.98    8.02
 -74314.352    17.260     4.05    7.92
 -73939.849    16.069    -3.18    7.32
 -73565.363    14.371    -4.53    7.48
 -73190.892    12.721    -4.41    6.96
 -72816.438    11.046    -4.47    5.10
 -72442.001    11.826     2.08    5.35
 -72067.580    12.593     2.05    5.65
 -71693.175    13.093     1.34    5.47
 -71318.786    13.348     0.68    5.63
 -70944.414    14.511     3.11    4.26
 -70570.058    15.421     2.43    3.33
 -70195.718    16.932     4.04    3.78
 -69821.394    16.265    -1.78    4.86
 -69447.087    14.451    -4.85    5.94
 -69072.796    11.953    -6.67    5.76
 -68698.522     9.736    -5.92    3.98
 -68324.263     9.705    -0.08    3.88
 -67950.021    11.221     4.05    4.33
 -67575.795    13.478     6.03    4.37
 -67201.586    15.973     6.67    3.32
 -66827.392    16.864     2.38    2.41
 -66453.215    17.534     1.79    1.32
 -66079.055    17.753     0.59    1.42
 -65704.910    17.819     0.17    1.51
 -65330.782    17.866     0.13    1.21
 -64956.670    17.750    -0.31    1.29
 -64582.574    18.185     1.16    1.49
 -64208.494    18.441     0.68    1.66
 -63834.431    18.651     0.56    1.65
 -63460.383    18.559    -0.25    1.41
 -63086.352    18.819     0.69    1.64
 -62712.338    18.533    -0.76    1.57
 -62338.339    18.744     0.56    1.54
 -61964.357    18.887     0.38    1.76
 -61590.391    18.999     0.30    1.70
 -61216.441    18.955    -0.12    1.78
 -60842.507    18.943    -0.03    1.85
 -60468.589    19.000     0.15    1.80
 -60094.688    19.241     0.64    1.81
 -59720.803    19.092    -0.40    1.66
 -59346.934    19.116     0.06    1.44
 -58973.081    19.241     0.34    1.38
 -58599.244    19.569     0.88    1.41
 -58225.423    19.467    -0.27    1.52
 -57851.619    19.432    -0.09    1.56
 -57477.831    19.070    -0.97    1.54
 -57104.059    18.930    -0.37    1.52
 -56730.303    19.046     0.31    1.47
 -56356.563    19.119     0.20    1.57
 -55982.839    19.500     1.02    1.32
 -55609.132    19.371    -0.35    1.29
 -55235.097    19.441     0.19    1.40
 -54858.164    19.464     0.06    1.31
 -54481.246    19.593     0.34    1.31
 -54104.345    19.974     1.01    1.13
 -53727.460    19.713    -0.69    1.11
 -53350.592    19.705    -0.02    1.12
 -52973.740    19.713     0.02    1.22
 -52596.905    19.581    -0.35    1.16
 -52220.086    19.617     0.10    1.21
 -51843.283    19.582    -0.09    1.12
 -51466.497    19.682     0.26    1.14
 -51089.727    19.621    -0.16    1.20
 -50712.973    19.932     0.83    1.42
 -50336.236    19.837    -0.25    1.50
 -49959.516    19.546    -0.77    1.53
 -49582.811    19.660     0.30    1.63
 -49206.123    19.866     0.55    1.83
 -48829.452    19.591    -0.73    1.89
 -48452.796    19.284    -0.82    2.39
 -48076.158    17.976    -3.47    3.28
 -47699.535    15.522    -6.52    3.79
 -47322.929    13.396    -5.65    3.08
 -46946.339    11.500    -5.03    1.70
 -46569.765    10.746    -2.00    1.34
 -46193.208    10.581    -0.44    1.20
 -45816.667    10.534    -0.12    1.30
 -45440.143    10.593     0.16    1.15
 -45063.635    10.660     0.18    1.10
 -44687.143    10.764     0.28    1.07
 -44310.667    10.841     0.21    1.25
 -43934.208    10.999     0.42    1.19
 -43557.765    10.883    -0.31    1.21
 -43181.339    10.951     0.18    1.12
 -42804.928    10.789    -0.43    1.21
 -42428.534    10.614    -0.47    1.11
 -42052.156    10.796     0.48    1.03
 -41675.795    10.903     0.28    1.14
 -41299.450    11.160     0.68    0.99
 -40923.121    11.412     0.67    1.18
 -40546.808    11.364    -0.13    1.20
 -40170.512    11.421     0.15    1.21
 -39794.232    11.432     0.03    1.22
 -39417.968    11.418    -0.04    1.11
 -39041.721    11.604     0.49    1.33
 -38665.489    11.903     0.79    1.34
 -38289.274    11.789    -0.30    1.25
 -37913.076    11.682    -0.29    1.24
 -37536.893    11.571    -0.30    1.06
 -37160.727    11.522    -0.13    1.11
 -36784.577    11.728     0.55    0.98
 -36408.443    11.558    -0.45    0.95
 -36032.325    11.569     0.03    0.93
 -35656.224    11.582     0.04    0.84
 -35280.139    11.581    -0.00    0.96
 -34904.070    11.790     0.56    0.98
 -34528.017    11.855     0.17    1.02
 -34151.980    11.784    -0.19    0.86
 -33775.960    11.746    -0.10    0.88
 -33399.956    11.432    -0.83    1.02
 -33023.968    11.371    -0.16    1.05
 -32647.996    11.141    -0.61    1.14
 -32272.041    10.999    -0.38    1.05
 -31896.102    11.265     0.71    1.01
 -31520.178    11.228    -0.10    0.90
 -31144.271    11.168    -0.16    0.95
 -30768.381    11.165    -0.01    1.02
 -30392.506    11.139    -0.07    0.89
 -30016.647    10.998    -0.37    0.85
 -29640.805    11.070     0.19    0.98
 -29264.979    11.168     0.26    1.05
 -28889.169    11.387     0.58    1.10
 -28513.375    11.446     0.16    1.10
 -28137.597    11.522     0.20    1.02
 -27761.836    11.534     0.03    0.83
 -27386.090    11.617     0.22    0.89
 -27010.361    11.813     0.52    0.90
 -26634.648    11.784    -0.08    1.01
 -26258.951    11.927     0.38    1.04
 -25883.270    11.855    -0.19    1.09
 -25507.605    11.837    -0.05    1.17
 -25131.956    11.927     0.24    1.15
 -24756.324    11.951     0.06    1.10
 -24380.707    12.022     0.19    1.09
 -24005.107    12.021    -0.00    0.99
 -23629.523    12.116     0.25    1.14
 -23253.954    11.955    -0.43    1.22
 -22878.402    11.927    -0.07    1.23
 -22502.866    11.976     0.13    1.20
 -22127.346    11.813    -0.43    1.07
 -21751.843    11.999     0.50    1.09
 -21376.355    12.022     0.06    1.05
 -21000.883    11.953    -0.18    1.02
 -20625.427    11.906    -0.12    0.94
 -20249.988    11.883    -0.06    0.87
 -19874.564    11.906     0.06    0.91
 -19499.157    11.903    -0.01    0.95
 -19123.765    12.022     0.32    1.02
 -18748.390    12.250     0.61    1.13
 -18373.031    12.255     0.01    1.12
 -17997.687    12.137    -0.32    1.07
 -17622.360    12.162     0.07    1.16
 -17247.049    12.141    -0.06    1.10
 -16871.754    12.141     0.00    1.03
 -16496.475    12.209     0.18    1.09
 -16121.211    12.162    -0.12    0.98
 -15745.964    12.205     0.11    1.06
 -15370.733    12.464     0.69    1.12
 -14995.518    12.441    -0.06    1.20
 -14620.319    12.308    -0.36    1.11
 -14245.136    12.403     0.25    1.16
 -13869.969    12.278    -0.33    1.19
 -13494.818    12.092    -0.50    1.13
 -13119.682    12.046    -0.12    1.13
 -12744.563    11.860    -0.50    1.10
 -12369.460    11.767    -0.25    1.16
 -11994.373    11.593    -0.46    1.21
 -11619.302    11.325    -0.72    1.28
 -11244.246    11.160    -0.44    1.32
 -10869.207    10.976    -0.49    1.16
 -10494.184    11.182     0.55    1.19
 -10119.176    11.232     0.13    1.05
  -9744.185    11.403     0.46    0.93
  -9369.210    11.284    -0.32    0.96
  -8994.250    11.348     0.17    1.12
  -8619.306    11.570     0.59    1.15
  -8244.379    11.903     0.89    1.20
  -7869.467    12.023     0.32    1.25
  -7494.571    11.883    -0.37    1.00
  -7119.691    11.851    -0.09    0.84
  -6744.827    11.760    -0.24    0.97
  -6369.979    11.813     0.14    1.23
  -5995.147    12.046     0.62    1.40
  -5620.331    12.209     0.43    1.56
  -5245.531    12.165    -0.12    1.52
  -4870.746    12.641     1.27    2.04
  -4495.978    12.924     0.75    2.43
  -4121.225    12.999     0.20    2.67
  -3746.489    13.436     1.17    2.73
  -3371.768    13.464     0.08    2.41
  -2997.063    13.832     0.98    2.21
  -2622.374    14.421     1.57    2.39
  -2247.701    15.069     1.73    2.68
  -1873.043    15.610     1.44    2.61
  -1498.402    13.093    -6.72    6.40
  -1123.776     9.070   -10.74    8.32
   -749.166     4.883   -11.18    7.72
   -374.573     1.953    -7.82    5.55
      0.005     0.571    -3.69    2.73
    374.568     0.887     0.84    2.80
    749.114     1.328     1.18    2.65
   1123.644     1.713     1.03    2.39
   1498.159     2.116     1.08    2.39
   1872.658     2.232     0.31    2.59
   2247.141     1.841    -1.04    3.22
   2621.608     1.177    -1.77    3.31
   2996.059     0.819    -0.96    3.31
   3370.495     0.070    -2.00    2.76
   3744.915    -0.181    -0.67    2.00
   4119.318    -0.192    -0.03    1.92
   4493.707     0.405     1.59    3.58
   4868.079     0.660     0.68    4.12
   5242.435     0.866     0.55    3.68
   5616.776     1.348     1.29    4.24
   5991.101     1.953     1.62    4.77
   6365.410     1.371    -1.55    3.74
   6739.703     1.137    -0.63    3.44
   7113.981     0.430    -1.89    2.42
   7488.243     1.182     2.01    2.91
   7862.489     2.802     4.33    3.88
   8236.719     4.395     4.26    4.97
   8610.934     6.278     5.03    5.21
   8985.132     7.143     2.31    5.18
   9359.315     8.728     4.23    6.25
   9733.483    10.177     3.87    6.13
  10107.634    11.432     3.35    5.90
  10481.770    14.209     7.42    4.25
  10855.890    15.046     2.24    2.08
  11229.994    14.665    -1.02    1.89
  11604.083    14.296    -0.99    1.01
  11978.155    14.160    -0.36    0.75
  12352.212    14.046    -0.30    0.00
  12726.254    14.046     0.00    0.00
  13100.279    14.046     0.00    0.00
  13474.289    14.046     0.00    0.00
  13848.284    14.046     0.00    0.00
  14222.262    14.046     0.00    0.00
  14596.225    14.046     0.00    0.00
  14970.172    14.046     0.00    0.00
  15344.103    14.837     2.11    2.16
  15718.019    15.790     2.55    2.64
  16091.919    16.236     1.19    2.39
  16465.803    16.720     1.29    2.16
  16839.672    15.930    -2.11    2.53
  17213.525    14.665    -3.38    2.68
  17587.362    13.998    -1.78    3.05
  17961.184    11.302    -7.21    4.68
  18334.990     8.720    -6.91    5.13
  18708.780     6.500    -5.94    5.08
  19082.555     4.581    -5.14    2.35
  19456.314     4.674     0.25    2.23
  19831.772     5.255     1.55    2.13
  20208.663     4.903    -0.93    2.57
  20585.538     3.464    -3.82    2.55
  20962.397     2.325    -3.02    2.26
  21339.240     1.511    -2.16    1.72
  21716.068     1.046    -1.23    0.00
  22092.879     1.488     1.17    1.30
  22469.675     2.236     1.99    1.81
  22846.454     3.371     3.01    2.12
  23223.218     4.750     3.66    2.17
  23599.966     8.023     8.69    6.58
  23976.698    11.705     9.77    7.69
  24353.414    14.778     8.16    6.69
  24730.114    17.022     5.96    4.67
  25106.798    16.534    -1.30    3.07
  25483.466    15.581    -2.53    2.07
  25860.119    15.674     0.25    2.71
  26236.756    16.558     2.35    4.08
  26613.376    17.141     1.55    4.55
  26989.981    16.713    -1.14    4.42
  27366.570    16.464    -0.66    4.05
  27743.144    15.395    -2.84    2.84
  28119.701    14.474    -2.44    1.42
  28496.243    14.260    -0.57    1.28
  28872.768    15.232     2.58    2.35
  29249.278    15.278     0.12    2.36
  29625.772    15.302     0.06    2.77
  30002.251    15.604     0.80    2.99
  30378.713    15.767     0.43    3.45
  30755.160    16.451     1.82    3.68
  31131.590    16.879     1.14    3.98
  31508.005    15.832    -2.78    3.61
  31884.404    15.213    -1.64    2.90
  32260.788    14.808    -1.08    1.69
  32637.155    14.209    -1.59    1.11
  33013.507    14.117    -0.24    1.13
  33389.843    14.185     0.18    1.04
  33766.163    14.464     0.74    1.24
  34142.468    14.570     0.28    1.23
  34518.756    15.141     1.52    1.43
  34895.029    15.682     1.44    1.51
  35271.286    15.581    -0.27    1.65
  35647.527    15.412    -0.45    1.59
  36023.753    15.570     0.42    2.12
  36399.963    15.713     0.38    2.06
  36776.157    15.879     0.44    2.19
  37152.335    15.720    -0.42    1.66
  37528.498    15.704    -0.04    1.74
  37904.644    15.570    -0.36    1.88
  38280.775    15.232    -0.90    1.65
  38656.891    15.092    -0.37    1.66
  39032.990    14.704    -1.03    1.56
  39409.074    14.674    -0.08    1.46
  39785.142    14.837     0.43    1.42
  40161.195    14.546    -0.77    1.28
  40537.231    15.319     2.05    1.62
  40913.252    16.168     2.26    1.63
  41289.257    16.760     1.58    2.02
  41665.247    17.837     2.86    1.83
  42041.221    18.314     1.27    1.58
  42417.179    18.182    -0.35    1.64
  42793.121    17.969    -0.57    1.49
  43169.048    17.903    -0.18    1.42
  43544.959    17.903     0.00    1.49
  43920.855    17.674    -0.61    1.63
  44296.734    17.927     0.67    1.76
  44672.598    18.021     0.25    1.62
  45048.447    18.910     2.36    2.11
  45424.279    19.485     1.53    1.98
  45800.096    20.046     1.49    2.01
  46175.898    21.070     2.72    2.81
  46551.683    22.704     4.35    4.42
  46927.453    26.114     9.07    6.67
  47303.208    32.046    15.79    9.71
  47678.946    38.185    16.34    9.11
  48054.670    43.441    13.99    8.03
  48430.377    47.046     9.59    5.99
  48806.069    48.137     2.90    4.24
  49181.745    47.546    -1.57    4.91
  49557.406    47.523    -0.06    6.90
  49933.051    45.996    -4.07    7.76
  50308.680    46.558     1.50    8.99
  50684.294    46.790     0.62    9.57
  51059.892    46.405    -1.03    9.64
  51435.474    43.978    -6.46   10.37
  51811.041    41.918    -5.48    8.82
  52186.593    41.488    -1.14    7.68
  52562.128    42.387     2.39    7.88
  52937.648    44.697     6.15    8.58
  53313.153    47.137     6.50    8.14
  53688.642    49.677     6.77    8.30
  54064.115    53.069     9.03    7.92
  54439.573    57.641    12.18    8.18
  54815.015    61.978    11.55    8.76
  55190.442    65.332     8.93    8.71
  55565.853    69.020     9.83    8.25
  55941.248    73.887    12.96    8.23
  56316.628    77.302     9.10    7.68
  56691.993    79.474     5.79    6.36
  57067.342    77.697    -4.74    8.21
  57442.675    71.998   -15.18   10.22
  57817.993    66.410   -14.89    8.64
  58193.295    66.584     0.47    7.97
  58568.582    70.046     9.22    8.64
  58943.853    74.974    13.13    6.65
  59319.109    75.930     2.55    6.35
  59694.349    72.879    -8.13    8.50
  60069.573    69.430    -9.19    8.32
  60444.782    69.046    -1.03    8.12
  60819.976    71.071     5.40    8.31
  61195.154    75.713    12.37    8.71
  61570.317    80.837    13.66    7.79
  61945.464    83.802     7.90    7.13
  62320.595    87.325     9.39    4.52
  62695.711    88.943     4.31    3.28
  63070.812    91.189     5.99    4.15
  63445.897    92.117     2.48    4.56
  63820.966    92.879     2.03    5.10
  64196.021    90.332    -6.79    9.00
  64571.059    88.119    -5.90    9.70
  64946.082    88.236     0.31   10.06
  65321.090    91.096     7.62   10.21
  65696.082    92.558     3.90    9.27
  66071.059    91.278    -3.41   10.69
  66446.021    85.046   -16.62   12.25
  66820.966    79.236   -15.49   10.09
  67195.897    80.232     2.66    9.63
  67570.812    84.784    12.14   11.08
  67945.711    90.474    15.18    9.52
  68320.596    92.883     6.42    8.54
  68695.464    95.332     6.53    8.79
  69070.317    97.558     5.94    9.73
  69445.155   101.841    11.43   10.40
  69819.978   106.930    13.57    7.68
  70194.785   109.808     7.68    4.87
  70569.576   109.387    -1.12    5.18
  70944.352   108.213    -3.13    5.18
  71319.113   107.441    -2.06    6.00
  71693.859   106.092    -3.60    6.85
  72068.589   103.617    -6.60    6.44
  72443.303    99.879    -9.98    9.18
  72818.002    96.046   -10.23    8.90
  73192.686    94.974    -2.86    8.82
  73567.354    97.767     7.45   10.55
  73942.007   104.441    17.81    9.91
  74316.645   108.023     9.56   10.57
  74691.267   110.325     6.15    9.72
  75065.874   110.808     1.29   10.17
  75440.466   113.570     7.37    7.66
  75815.042   115.325     4.69    6.13
  76189.603   116.790     3.91    5.68
  76564.148   118.217     3.81    5.27
  76938.678   118.474     0.69    6.59
  77313.193   121.498     8.07    6.87
  77687.693   122.896     3.73    6.39
  78062.177   123.955     2.83    6.18
  78436.645   122.296    -4.43    8.08
  78811.099   122.117    -0.48    9.25
  79185.537   124.332     5.91   10.57
  79559.960   126.395     5.51    9.63
  79934.367   129.232     7.58    7.09
  80308.759   128.309    -2.46    6.11
  80683.136   122.932   -14.36    9.19
  81057.498   113.680   -24.71   12.63
  81431.844   105.302   -22.38   11.19
  81806.175    99.278   -16.09    9.25
  82180.490    97.296    -5.30    9.04
  82554.791   101.500    11.23   12.81
  82929.076   108.559    18.86   12.64
  83303.345   113.627    13.54   12.00
  83677.600   117.930    11.49   10.83
  84051.839   121.141     8.58   10.62
  84426.063   124.182     8.13    8.10
  84800.271   126.200     5.39    5.36
  85174.465   123.250    -7.88    7.45
  85548.643   118.621   -12.37    7.80
  85922.806   116.302    -6.20    8.88
  86296.953   117.617     3.52   12.26
  86671.086   122.396    12.77   14.83
  87045.203   127.932    14.80   17.06
  87419.304   131.467     9.45   17.42
  87793.391   131.906     1.17   18.54
  88167.462   131.278    -1.68   21.45
  88541.518   126.832   -11.89   18.05
  88915.559   120.427   -17.12   17.94
  89289.585   112.771   -20.47   15.60
  89663.595   103.432   -24.97   14.32
  90037.591    96.596   -18.28   11.70
  90411.571    88.641   -21.27   10.32
  90785.535    80.260   -22.41   11.12
  91159.485    74.217   -16.16   10.68
  91533.419    69.767   -11.90    9.55
  91907.338    68.023    -4.66    8.98
  92281.242    66.832    -3.19    8.88
  92655.131    69.236     6.43   10.43
  93029.005    71.604     6.33   10.12
  93402.863    72.760     3.09    8.31
  93776.706    73.185     1.14    6.56
  94150.534    68.364   -12.90   10.04
  94524.347    60.790   -20.26   12.13
  94901.139    52.927   -20.87   10.05
  95277.981    47.217   -15.15    5.22
  95654.808    44.855    -6.27    3.39
  96031.619    43.534    -3.51    3.57
  96408.415    41.883    -4.38    2.21
  96785.196    40.546    -3.55    1.73
  97161.961    39.387    -3.07    1.53
  97538.710    38.284    -2.93    1.59
  97915.445    37.209    -2.85    1.69
  98292.164    36.341    -2.30    1.81
  98668.867    35.418    -2.45    1.66
  99045.555    34.720    -1.85    1.55
  99422.228    34.412    -0.82    1.56
  99798.885    33.906    -1.34    1.57
 100175.527    33.697    -0.56    1.40
 100552.154    33.395    -0.80    1.41
 100928.765    33.260    -0.36    1.39
 101305.361    32.790    -1.25    1.16
 101681.941    32.379    -1.09    1.30
 102058.506    31.617    -2.02    1.43
 102435.056    30.837    -2.07    1.36
 102811.590    30.213    -1.66    1.12
 103188.109    29.744    -1.25    1.06
 103564.613    29.832     0.23    1.57
 103941.101    32.070     5.94    3.92
 104317.574    36.069    10.62    6.43
 104694.032    40.213    11.01    6.74
 105070.474    44.022    10.12    4.63
 105446.901    46.069     5.44    3.02
 105823.313    47.165     2.91    2.36
 106199.709    45.607    -4.14    3.88
 106576.090    42.403    -8.51    6.48
 106952.456    37.617   -12.71    7.69
 107328.806    33.189   -11.77    6.39
 107705.141    28.641   -12.08    4.64
 108081.461    25.729    -7.74    2.35
 108457.765    24.498    -3.27    1.94
 108834.054    23.973    -1.40    1.92
 109210.328    24.046     0.19    2.15
 109586.587    24.022    -0.06    2.19
 109962.830    23.883    -0.37    2.52
 110339.058    23.093    -2.10    2.73
 110715.271    21.704    -3.69    2.94
 111091.468    20.139    -4.16    2.80
 111467.650    18.875    -3.36    1.99
 111843.817    18.093    -2.08    1.31
 112219.969    17.617    -1.27    1.31
 112596.105    17.071    -1.45    1.33
 112972.226    16.091    -2.60    1.55
 113348.332    14.996    -2.91    1.62
 113724.422    14.117    -2.34    1.42
 114100.498    16.165     5.44    6.07
 114476.558    20.117    10.51    9.05
 114852.603    25.160    13.41    8.88
 115228.632    30.097    13.13    5.90
 115604.647    31.455     3.61    4.79
 115980.646    32.308     2.27    3.84
 116356.630    32.744     1.16    3.71
 116732.599    32.879     0.36    2.95
 117108.552    31.783    -2.92    2.38
 117484.490    30.114    -4.44    3.38
 117860.413    27.148    -7.89    3.54
 118236.321    24.236    -7.75    3.64
 118612.214    21.604    -7.00    3.51
 118988.091    19.621    -5.28    3.04
 119363.954    18.023    -4.25    2.44
 119739.801    17.533    -1.30    1.75
 120115.633    18.092     1.49    2.20
 120491.449    19.278     3.16    2.13
 120867.251    19.998     1.92    1.67
 121243.037    19.591    -1.08    2.15
 121618.809    18.730    -2.29    2.38
 121994.565    17.160    -4.18    2.65
 122370.305    15.753    -3.74    2.26
 122746.031    15.205    -1.46    2.37
 123121.742    15.165    -0.11    2.38
 123497.437    15.456     0.78    3.31
 123873.117    16.387     2.48    4.56
 124248.782    17.866     3.94    4.94
 124624.432    18.093     0.60    4.67
 125000.067    17.418    -1.80    4.62
 125375.687    15.607    -4.82    4.34
 125751.291    13.614    -5.31    3.98
 126126.881    11.993    -4.31    2.97
 126502.455    10.883    -2.96    2.50
 126878.014    10.162    -1.92    1.52
 127253.558     9.784    -1.01    1.71
 127629.087     9.451    -0.89    1.91
 128004.601     9.533     0.22    1.92
 128380.100    10.046     1.37    2.13
 128755.584    11.596     4.13    3.80
 129131.052    12.379     2.09    3.88
 129506.506    12.379     0.00    3.80
 129881.944    11.802    -1.54    3.34
 130257.367    11.092    -1.89    2.89
 130632.775     9.656    -3.83    2.20
 131008.168     9.570    -0.23    2.21
 131383.546     9.651     0.22    2.53
 131758.909    10.593     2.51    2.19
 132134.257    10.641     0.13    2.06
 132509.590    10.546    -0.25    1.67
 132884.908    10.607     0.16    1.79
 133260.211    10.403    -0.54    1.99
 133635.498    10.534     0.35    2.26
 134010.771    10.697     0.43    2.50
 134386.028    11.117     1.12    2.73
 134761.271    11.348     0.62    2.83
 135136.498    11.371     0.06    2.97
 135511.711    11.641     0.72    3.00
 135886.908    11.582    -0.16    3.09
 136262.090    11.760     0.47    2.85
 136637.258    12.232     1.26    2.94
 137012.410    12.953     1.92    2.89
 137387.547    13.903     2.53    2.61
 137762.670    14.851     2.53    2.10
 138137.777    14.284    -1.51    2.44
 138512.869    13.162    -2.99    2.60
 138887.947    11.813    -3.60    2.75
 139263.009    10.713    -2.93    1.90
 139638.056    10.813     0.27    2.06
 140013.088    10.906     0.25    2.09
 140388.106    12.736     4.88    3.38
 140763.108    16.534    10.12    6.16
 141138.095    20.713    11.14    6.12
 141513.068    23.689     7.94    3.96
 141888.025    24.379     1.84    2.71
 142262.967    22.744    -4.36    3.11
 142637.895    20.332    -6.43    2.82
 143012.807    18.582    -4.66    2.10
 143387.705    17.887    -1.86    1.71
 143762.587    18.631     1.99    2.34
 144137.455    20.117     3.96    2.62
 144512.308    22.855     7.30    3.13
 144887.145    26.546     9.84    5.01
 145261.968    31.478    13.16    8.15
 145636.776    37.610    16.36    8.72
 146011.569    42.302    12.52    7.12
 146386.347    44.522     5.92    7.12
 146761.110    42.744    -4.75    8.68
 147135.858    37.023   -15.26   10.82
 147510.591    30.125   -18.41    9.69
 147885.310    24.682   -14.52    6.09
 148260.013    21.521    -8.44    2.61
 148634.702    21.000    -1.39    2.16
 149009.375    22.974     5.27    5.60
 149384.034    24.918     5.19    6.62
 149758.678    26.955     5.44    7.34
 150133.306    31.704    12.67    8.18
 150507.920    35.046     8.92    8.10
 150882.520    37.023     5.28    7.34
 151257.104    40.641     9.66    6.74
 151631.673    41.750     2.96    6.32
 152006.228    42.892     3.05    5.69
 152380.767    44.887     5.33    7.78
 152755.292    48.290     9.09    9.27
 153129.802    53.930    15.06    8.58
 153504.297    56.355     6.48    7.23
 153878.777    53.924    -6.49   10.19
 154253.242    48.273   -15.09   10.04
 154627.693    46.271    -5.35    8.43
 155002.128    50.546    11.42   11.44
 155376.549    58.883    22.26   10.81
 155750.955    63.851    13.27    9.80
 156125.346    66.784     7.83   10.72
 156499.722    68.927     5.72    9.88
 156874.084    67.997    -2.48    9.21
 157248.430    68.998     2.67    8.36
 157622.762    68.441    -1.49    7.06
 157997.079    66.474    -5.25    7.43
 158371.381    64.070    -6.42    8.53
 158745.668    59.999   -10.87    8.84
 159119.941    55.348   -12.43    7.36
 159494.198    50.689   -12.45    5.95
 159868.441    48.875    -4.85    5.86
 160242.670    46.656    -5.93    4.81
 160616.883    45.162    -3.99    4.35
 160991.081    43.511    -4.41    4.19
 161365.265    41.284    -5.95    3.53
 161739.434    39.750    -4.10    2.86
 162113.588    38.736    -2.71    1.77
 162487.728    38.713    -0.06    1.48
 162861.852    39.093     1.02    1.50
 163235.962    39.260     0.45    1.60
 163610.057    39.974     1.91    2.78
 163984.138    42.093     5.66    4.47
 164358.203    44.951     7.64    5.65
 164732.254    49.951    13.37    6.83
 165106.290    55.097    13.76    7.27
 165480.311    59.114    10.74    8.67
 165854.318    64.095    13.32    8.59
 166228.310    68.046    10.56    8.09
 166602.287    71.784     9.99    7.97
 166976.249    74.256     6.61    7.96
 167350.197    75.273     2.72    7.88
 167724.130    73.123    -5.75    8.51
 168098.048    70.069    -8.17    6.84
 168471.952    70.232     0.44    5.72
 168845.841    71.189     2.56    6.12
 169219.715    73.364     5.82    5.85
 169594.797    75.099     4.62    5.79
 169971.615    73.228    -4.96    7.42
 170348.419    69.321   -10.37    9.71
 170725.207    65.627    -9.80   10.72
 171101.981    59.832   -15.38    9.14
 171478.740    55.200   -12.29    5.98
 171855.484    53.410    -4.75    5.88
 172232.213    51.072    -6.21    5.18
 172608.927    49.284    -4.74    2.96
 172985.626    48.903    -1.01    1.35
 173362.310    49.371     1.24    1.46
 173738.979    51.864     6.62    5.17
 174115.634    55.099     8.59    8.15
 174492.273    60.903    15.41   11.74
 174868.898    65.511    12.23   12.74
 175245.507    66.680     3.10   11.93
 175622.102    67.273     1.57   10.15
 175998.682    66.097    -3.12    8.49
 176375.247    65.558    -1.43    6.36
 176751.797    67.464     5.06    5.45
 177128.332    71.474    10.65    8.03
 177504.852    80.117    22.95   13.57
 177881.358    92.866    33.86   17.63
 178257.848   108.660    41.94   18.02
 178634.324   120.871    32.43   13.09
 179010.785   125.679    12.77   11.29
