-286337.166    31.647     0.00    2.73
-285960.579    32.145     1.32    2.61
-285584.010    32.346     0.53    2.46
-285207.459    32.156    -0.51    2.14
-284830.926    32.235     0.21    2.25
-284454.411    31.514    -1.91    2.33
-284077.913    30.654    -2.29    2.24
-283701.434    29.792    -2.29    2.57
-283324.973    28.700    -2.90    2.48
-282948.529    27.491    -3.21    2.09
-282572.103    27.383    -0.29    1.72
-282195.695    28.042     1.75    1.83
-281819.305    29.565     4.05    2.19
-281442.933    31.292     4.59    2.44
-281066.579    32.633     3.56    2.48
-280690.243    33.792     3.08    2.31
-280313.924    34.491     1.86    2.20
-279937.623    35.133     1.71    2.18
-279561.340    35.042    -0.24    2.26
-279185.075    33.928    -2.96    2.87
-278808.828    32.837    -2.90    2.85
-278432.599    32.087    -1.99    2.45
-278056.387    32.383     0.79    2.62
-277680.193    33.843     3.88    2.76
-277304.017    34.049     0.55    2.46
-276927.859    34.590     1.44    2.19
-276551.719    34.633     0.11    2.20
-276175.596    34.269    -0.97    1.91
-275799.492    34.375     0.28    1.76
-275423.405    33.879    -1.32    1.65
-275047.336    33.557    -0.86    1.90
-274671.284    33.406    -0.40    2.15
-274295.251    33.212    -0.51    2.19
-273919.235    32.863    -0.93    2.10
-273543.237    31.724    -3.03    1.99
-273167.257    31.533    -0.51    2.03
-272791.294    32.441     2.42    2.21
-272415.349    33.468     2.73    1.69
-272039.422    34.156     1.83    1.58
-271663.513    34.081    -0.20    1.53
-271287.621    33.629    -1.20    1.66
-270911.748    33.133    -1.32    2.04
-270535.892    32.674    -1.22    2.01
-270160.053    32.815     0.38    2.04
-269784.233    33.224     1.09    2.05
-269408.430    33.561     0.90    2.14
-269032.645    33.928     0.98    2.18
-268656.877    34.090     0.43    2.36
-268281.128    33.974    -0.31    2.04
-267905.395    34.414     1.17    2.41
-267529.681    34.656     0.64    2.13
-267153.985    35.065     1.09    2.24
-266778.306    34.770    -0.78    2.01
-266402.644    34.792     0.06    1.95
-266027.001    34.799     0.02    1.82
-265651.375    34.860     0.16    1.71
-265275.767    35.212     0.94    1.83
-264900.176    35.587     1.00    1.79
-264524.603    35.906     0.85    1.88
-264149.048    36.288     1.02    1.85
-263773.510    37.042     2.01    2.03
-263397.990    36.874    -0.45    1.99
-263022.488    37.568     1.85    1.74
-262647.003    38.561     2.64    1.88
-262271.536    39.883     3.52    2.65
-261896.087    41.724     4.90    2.65
-261520.655    42.775     2.80    2.19
-261145.241    43.383     1.62    2.33
-260769.845    43.651     0.71    2.44
-260394.466    44.837     3.16    2.65
-260019.105    45.863     2.73    2.49
-259643.761    46.974     2.96    2.33
-259268.435    48.383     3.76    2.23
-258893.126    48.903     1.39    2.02
-258517.836    48.996     0.25    2.14
-258142.562    49.081     0.22    2.26
-257767.307    49.610     1.41    2.72
-257392.068    50.368     2.02    2.62
-257016.848    50.398     0.08    2.62
-256641.645    49.496    -2.40    2.92
-256266.460    47.750    -4.66    2.81
-255891.292    45.883    -4.98    3.09
-255516.141    44.654    -3.28    2.86
-255141.009    43.906    -2.00    2.75
-254765.894    42.951    -2.55    2.67
-254390.796    41.774    -3.14    2.89
-254015.716    40.110    -4.44    2.58
-253640.653    39.211    -2.40    2.00
-253265.608    39.610     1.06    2.33
-252890.581    40.794     3.16    2.49
-252515.571    41.269     1.27    2.28
-252140.578    42.519     3.33    2.67
-251765.604    44.399     5.01    3.52
-251390.646    46.883     6.63    3.35
-251015.706    49.065     5.82    2.56
-250640.784    49.906     2.24    2.22
-250265.879    48.928    -2.61    2.99
-249890.991    47.026    -5.08    3.31
-249516.122    45.269    -4.69    3.02
-249141.269    43.852    -3.78    2.23
-248766.434    43.519    -0.89    2.32
-248391.617    43.309    -0.56    2.72
-248016.817    42.860    -1.20    3.04
-247642.034    41.860    -2.67    3.05
-247267.269    40.631    -3.28    2.73
-246892.522    38.701    -5.15    2.57
-246517.791    37.276    -3.80    2.01
-246143.079    36.360    -2.45    1.79
-245768.383    35.933    -1.14    1.83
-245393.706    36.013     0.21    1.90
-245019.045    36.190     0.47    2.05
-244644.402    36.026    -0.44    1.95
-244269.777    35.610    -1.11    2.01
-243895.169    34.645    -2.58    2.16
-243520.578    33.724    -2.46    1.46
-243146.005    33.654    -0.19    1.42
-242771.449    34.610     2.55    2.18
-242396.911    36.435     4.87    3.09
-242022.389    38.651     5.92    3.00
-241647.886    39.610     2.56    3.06
-241273.400    39.487    -0.33    3.39
-240898.931    39.042    -1.19    3.15
-240524.479    38.561    -1.28    2.40
-240150.045    38.837     0.74    2.25
-239775.629    40.087     3.34    2.82
-239401.229    41.424     3.57    3.01
-239026.847    42.746     3.53    2.97
-238652.483    43.899     3.08    3.10
-238278.135    44.996     2.93    3.04
-237903.806    46.491     3.99    3.02
-237529.493    47.724     3.29    2.69
-237155.198    49.003     3.42    2.53
-236780.920    50.057     2.82    2.55
-236406.660    50.383     0.87    2.30
-236032.416    49.797    -1.57    2.68
-235658.191    48.383    -3.78    2.78
-235283.982    47.119    -3.38    2.41
-234909.791    45.974    -3.06    2.47
-234535.617    44.974    -2.67    2.28
-234161.461    44.416    -1.49    1.88
-233787.321    45.587     3.13    3.01
-233413.199    47.602     5.39    3.22
-233039.095    49.474     5.00    2.63
-232665.007    50.398     2.47    2.00
-232290.937    49.633    -2.05    2.65
-231916.885    47.974    -4.44    3.04
-231542.849    46.519    -3.89    3.21
-231168.831    44.974    -4.13    3.06
-230794.830    43.041    -5.17    3.24
-230420.846    41.360    -4.49    3.05
-230046.880    40.110    -3.34    2.63
-229672.931    38.974    -3.04    2.53
-229298.999    37.860    -2.98    2.40
-228925.085    37.262    -1.60    2.42
-228551.187    36.587    -1.81    2.43
-228177.307    35.533    -2.82    2.36
-227803.444    34.383    -3.08    2.16
-227429.599    33.292    -2.92    1.66
-227055.770    33.142    -0.40    1.62
-226681.959    33.110    -0.09    1.78
-226308.165    33.224     0.30    1.63
-225934.388    32.474    -2.01    1.79
-225560.629    32.319    -0.41    1.53
-225186.887    33.178     2.30    2.32
-224813.162    34.565     3.71    3.04
-224439.454    36.421     4.97    3.60
-224065.763    38.519     5.61    3.63
-223692.090    39.504     2.64    3.58
-223318.433    40.565     2.84    3.40
-222944.794    42.248     4.50    3.29
-222571.172    44.087     4.93    3.34
-222197.567    46.133     5.48    2.94
-221823.980    48.138     5.37    3.24
-221450.409    50.042     5.10    2.99
-221074.009    51.774     4.60    2.56
-220697.006    52.042     0.71    2.35
-220320.021    51.887    -0.41    2.54
-219943.052    51.584    -0.80    2.72
-219566.102    51.375    -0.56    2.49
-219189.169    50.980    -1.05    2.33
-218812.253    50.292    -1.83    2.68
-218435.355    49.016    -3.38    3.01
-218058.474    48.073    -2.50    3.01
-217681.611    47.701    -0.99    2.89
-217304.765    47.328    -0.99    2.59
-216927.937    46.633    -1.85    2.29
-216551.126    45.855    -2.06    2.54
-216174.332    44.701    -3.06    2.44
-215797.556    42.840    -4.94    2.43
-215420.798    41.633    -3.20    2.60
-215044.057    40.201    -3.80    2.39
-214667.333    38.799    -3.72    2.47
-214290.627    37.519    -3.40    2.12
-213913.938    36.626    -2.37    1.87
-213537.266    36.406    -0.59    1.80
-213160.612    37.292     2.35    2.17
-212783.976    38.212     2.44    2.51
-212407.357    39.587     3.65    2.69
-212030.755    40.092     1.34    3.12
-211654.170    41.065     2.58    3.03
-211277.603    42.491     3.79    3.06
-210901.054    43.315     2.19    2.41
-210524.522    43.746     1.15    1.84
-210148.007    43.382    -0.97    2.01
-209771.509    42.042    -3.56    2.42
-209395.029    40.237    -4.80    2.59
-209018.566    38.906    -3.54    2.39
-208642.121    37.360    -4.11    2.55
-208265.693    36.166    -3.17    2.63
-207889.282    35.019    -3.05    2.73
-207512.889    34.299    -1.91    2.52
-207136.513    33.996    -0.80    2.64
-206760.154    33.549    -1.19    2.87
-206383.813    33.928     1.01    3.21
-206007.489    33.610    -0.85    3.48
-205631.183    32.962    -1.72    3.79
-205254.893    32.724    -0.63    3.84
-204878.621    32.057    -1.77    4.00
-204502.367    31.178    -2.34    3.90
-204126.129    30.561    -1.64    3.84
-203749.909    28.956    -4.27    3.54
-203373.707    27.724    -3.28    3.08
-202997.521    26.949    -2.06    2.78
-202621.353    26.792    -0.42    2.85
-202245.202    26.249    -1.44    2.67
-201869.069    26.533     0.76    3.42
-201492.952    25.980    -1.47    3.15
-201116.853    25.398    -1.55    3.15
-200740.772    24.656    -1.97    3.11
-200364.707    24.236    -1.12    3.74
-199988.660    23.837    -1.06    3.69
-199612.630    23.367    -1.25    3.60
-199236.617    23.656     0.77    3.47
-198860.622    23.514    -0.38    3.31
-198484.644    23.041    -1.26    3.14
-198108.683    21.928    -2.96    3.43
-197732.739    21.424    -1.34    3.64
-197356.813    20.700    -1.93    3.42
-196980.903    19.794    -2.41    3.52
-196605.011    18.794    -2.66    3.40
-196229.136    17.837    -2.54    2.94
-195853.279    17.449    -1.03    3.23
-195477.439    17.246    -0.54    3.15
-195101.615    16.919    -0.87    2.83
-194725.809    16.390    -1.41    2.43
-194350.021    15.654    -1.96    2.32
-193974.249    15.176    -1.27    2.07
-193598.495    14.746    -1.14    1.92
-193222.758    14.224    -1.39    1.85
-192847.038    14.468     0.65    2.74
-192471.335    15.259     2.10    3.59
-192095.649    16.610     3.60    4.05
-191719.981    18.142     4.08    4.68
-191344.329    19.249     2.95    4.11
-190968.695    20.724     3.93    3.67
-190593.078    20.819     0.25    4.29
-190217.479    21.295     1.27    4.78
-189841.896    23.142     4.92    4.70
-189466.330    24.235     2.91    4.32
-189090.782    25.383     3.06    4.07
-188715.251    26.795     3.76    4.18
-188339.737    27.224     1.14    3.47
-187964.240    26.887    -0.90    3.11
-187588.760    26.200    -1.83    3.36
-187213.297    23.428    -7.38    2.99
-186837.851    21.414    -5.37    2.97
-186462.423    19.968    -3.85    3.05
-186087.011    18.200    -4.71    3.13
-185711.617    16.724    -3.93    3.50
-185336.240    15.794    -2.48    3.20
-184960.880    14.496    -3.46    2.84
-184585.537    13.863    -1.69    2.48
-184210.211    14.605     1.98    2.89
-183834.902    16.133     4.07    4.83
-183459.610    17.863     4.61    5.78
-183084.336    19.295     3.82    6.05
-182709.078    20.654     3.62    4.91
-182333.837    21.224     1.52    3.51
-181958.614    22.815     4.24    3.55
-181583.407    24.986     5.79    3.64
-181208.218    26.633     4.39    3.54
-180833.046    28.142     4.02    2.40
-180457.890    28.509     0.98    2.17
-180082.752    27.542    -2.58    2.53
-179707.631    26.382    -3.09    2.40
-179332.527    26.013    -0.99    2.44
-178957.440    25.367    -1.72    2.57
-178582.369    24.235    -3.02    2.93
-178207.316    24.105    -0.35    3.04
-177832.280    23.360    -1.99    3.52
-177457.261    21.837    -4.06    3.92
-177082.259    21.187    -1.73    4.81
-176707.274    20.383    -2.15    4.98
-176332.306    19.421    -2.56    4.82
-175957.355    18.081    -3.58    5.40
-175582.421    16.049    -5.42    5.83
-175207.504    14.201    -4.93    5.59
-174832.603    13.700    -1.34    5.33
-174457.720    13.499    -0.54    5.04
-174082.854    13.701     0.54    4.74
-173708.005    13.445    -0.68    4.22
-173333.173    12.295    -3.07    4.21
-172958.357    10.654    -4.38    3.44
-172583.559     9.352    -3.48    3.66
-172208.778     7.837    -4.04    3.15
-171834.013     7.114    -1.93    2.94
-171459.266     6.042    -2.86    1.88
-171084.535     5.870    -0.46    1.56
-170709.821     5.676    -0.52    1.38
-170335.125     5.398    -0.74    1.27
-169960.445     5.224    -0.47    1.25
-169585.782     5.201    -0.06    1.11
-169211.136     5.090    -0.30    0.92
-168836.507     5.224     0.36    0.85
-168461.895     5.033    -0.51    0.95
-168087.300     4.746    -0.77    0.98
-167712.722     4.561    -0.50    0.95
-167338.160     4.529    -0.09    1.03
-166963.616     4.246    -0.75    1.07
-166589.088     4.324     0.21    1.01
-166214.578     4.156    -0.45    1.04
-165840.084     4.049    -0.28    0.99
-165465.607     4.212     0.43    1.08
-165091.147     4.065    -0.39    1.18
-164716.703     3.949    -0.31    1.35
-164342.277     3.860    -0.24    1.27
-163967.868     4.083     0.59    1.40
-163593.475     4.538     1.22    1.65
-163219.099     5.259     1.93    1.52
-162844.740     5.887     1.68    1.63
-162470.398     7.246     3.63    3.25
-162096.073     8.924     4.48    3.80
-161721.765    11.724     7.48    5.05
-161347.473    15.299     9.55    4.94
-160973.198    17.042     4.66    3.61
-160598.940    18.269     3.28    2.62
-160224.699    18.375     0.28    2.14
-159850.475    18.042    -0.89    1.27
-159476.267    18.566     1.40    1.53
-159102.077    18.951     1.03    1.52
-158727.903    19.057     0.28    1.54
-158353.746    18.946    -0.30    1.49
-157979.605    18.678    -0.72    1.51
-157605.482    18.509    -0.45    1.62
-157231.375    18.724     0.57    1.73
-156857.285    18.493    -0.62    1.40
-156483.212    18.428    -0.17    1.41
-156109.156    18.282    -0.39    1.30
-155735.116    18.110    -0.46    1.24
-155361.093    18.246     0.36    1.11
-154987.087    18.224    -0.06    1.13
-154613.098    18.428     0.55    1.27
-154239.125    18.826     1.06    1.25
-153865.170    19.292     1.25    1.63
-153491.231    19.631     0.91    1.54
-153117.308    19.724     0.25    1.58
-152743.403    18.956    -2.05    2.02
-152369.514    18.493    -1.24    2.23
-151995.642    17.678    -2.18    2.49
-151621.786    16.992    -1.84    2.29
-151247.948    16.224    -2.06    2.34
-150874.126    15.514    -1.90    2.28
-150500.320    15.065    -1.20    2.05
-150126.532    14.610    -1.22    1.86
-149752.760    14.519    -0.24    1.91
-149379.005    14.406    -0.30    1.09
-149005.266    14.724     0.85    1.28
-148631.545    15.491     2.05    1.52
-148257.840    15.933     1.18    1.63
-147884.151    15.840    -0.25    1.71
-147510.480    15.769    -0.19    1.90
-147136.825    15.160    -1.63    2.01
-146763.186    14.542    -1.65    1.24
-146388.651    14.629     0.23    1.39
-146011.679    15.178     1.46    1.55
-145634.725    15.428     0.66    1.58
-145257.787    15.431     0.01    1.42
-144880.867    15.201    -0.61    1.27
-144503.963    14.899    -0.80    1.34
-144127.077    14.656    -0.65    1.23
-143750.207    14.863     0.55    1.26
-143373.355    14.794    -0.19    0.99
-142996.519    15.292     1.32    1.44
-142619.701    15.929     1.69    1.75
-142242.899    16.383     1.20    1.70
-141866.114    16.676     0.78    1.58
-141489.346    16.519    -0.42    1.62
-141112.595    16.269    -0.66    1.59
-140735.861    16.149    -0.32    1.48
-140359.144    15.724    -1.13    1.31
-139982.444    15.108    -1.63    1.09
-139605.761    14.769    -0.90    0.94
-139229.094    14.538    -0.61    0.82
-138852.445    14.542     0.01    0.79
-138475.812    14.519    -0.06    0.79
-138099.197    14.621     0.27    0.94
-137722.598    14.928     0.82    1.02
-137346.016    15.009     0.22    1.11
-136969.451    15.087     0.21    1.30
-136592.903    15.235     0.39    1.25
-136216.372    15.299     0.17    1.15
-135839.857    15.337     0.10    1.15
-135463.360    15.645     0.82    1.28
-135086.879    15.996     0.93    1.40
-134710.415    16.119     0.33    1.47
-134333.968    16.496     1.00    1.38
-133957.538    16.542     0.12    1.19
-133581.125    16.987     1.18    1.64
-133204.729    17.542     1.47    1.65
-132828.349    18.065     1.39    1.67
-132451.987    18.906     2.23    1.86
-132075.641    19.360     1.21    1.83
-131699.312    19.924     1.50    1.91
-131322.999    20.315     1.04    1.88
-130946.704    20.645     0.88    1.85
-130570.425    20.837     0.51    1.81
-130194.164    21.189     0.93    1.82
-129817.919    21.817     1.67    2.04
-129441.690    22.860     2.77    2.43
-129065.479    24.145     3.42    2.40
-128689.284    25.678     4.08    2.92
-128313.107    27.549     4.97    2.30
-127936.946    27.951     1.07    2.08
-127560.801    27.542    -1.09    3.10
-127184.674    26.887    -1.74    3.44
-126808.563    25.496    -3.70    4.01
-126432.469    24.645    -2.26    3.45
-126056.392    24.746     0.27    3.28
-125680.332    24.491    -0.68    3.46
-125304.288    24.724     0.62    3.29
-124928.261    24.538    -0.49    3.05
-124552.251    24.211    -0.87    2.28
-124176.258    23.883    -0.87    1.92
-123800.281    23.878    -0.01    2.18
-123424.321    24.201     0.86    2.37
-123048.378    25.133     2.48    3.10
-122672.451    25.910     2.07    2.94
-122296.542    26.792     2.35    2.82
-121920.649    27.987     3.18    2.30
-121544.772    28.746     2.02    2.42
-121168.913    29.887     3.03    2.45
-120793.070    30.724     2.23    3.06
-120417.243    30.519    -0.54    3.65
-120041.434    29.024    -3.98    4.62
-119665.641    27.201    -4.85    4.06
-119289.865    25.185    -5.36    3.14
-118914.106    23.980    -3.21    2.27
-118538.363    22.587    -3.71    1.82
-118162.637    22.584    -0.01    2.01
-117786.927    22.656     0.19    2.03
-117411.235    22.566    -0.24    2.15
-117035.559    22.315    -0.67    2.05
-116659.899    21.514    -2.13    1.68
-116284.256    20.928    -1.56    1.25
-115908.630    21.073     0.38    1.43
-115533.021    21.374     0.80    1.53
-115157.428    21.565     0.51    1.52
-114781.852    21.493    -0.19    1.55
-114406.292    21.178    -0.84    1.55
-114030.749    20.421    -2.02    1.75
-113655.223    19.584    -2.23    2.42
-113279.714    18.587    -2.65    2.37
-112904.221    18.057    -1.41    2.42
-112528.744    17.201    -2.28    2.72
-112153.284    15.699    -4.00    3.06
-111777.841    13.980    -4.58    2.55
-111402.415    12.837    -3.04    1.87
-111027.005    12.176    -1.76    1.47
-110651.611    12.451     0.73    2.17
-110276.234    13.934     3.95    2.99
-109900.874    15.201     3.38    3.09
-109525.531    16.259     2.82    3.03
-109150.203    17.360     2.93    2.56
-108774.893    17.375     0.04    2.17
-108399.599    17.903     1.41    2.11
-108024.322    18.360     1.22    2.38
-107649.061    18.449     0.24    2.56
-107273.817    17.996    -1.21    2.55
-106898.589    17.631    -0.97    2.62
-106523.378    17.514    -0.31    2.34
-106148.183    17.246    -0.71    1.44
-105773.005    17.211    -0.09    1.50
-105397.844    16.792    -1.12    1.39
-105022.699    17.200     1.09    1.95
-104647.571    18.292     2.91    2.99
-104272.459    18.479     0.50    2.87
-103897.363    18.624     0.39    2.77
-103522.284    18.383    -0.64    2.30
-103147.222    18.224    -0.42    1.93
-102772.176    18.315     0.24    2.02
-102397.147    18.445     0.35    1.98
-102022.134    17.910    -1.43    1.28
-101647.138    18.770     2.29    2.12
-101272.158    19.749     2.61    3.14
-100897.195    20.201     1.20    3.36
-100522.248    20.924     1.93    3.61
-100147.318    20.770    -0.41    3.50
 -99772.404    21.375     1.61    3.43
 -99397.506    22.581     3.22    3.24
 -99022.625    24.610     5.41    2.77
 -98647.761    25.313     1.88    1.76
 -98272.913    24.656    -1.76    1.65
 -97898.081    23.867    -2.11    1.98
 -97523.266    22.956    -2.43    1.66
 -97148.467    22.438    -1.38    1.35
 -96773.685    22.919     1.28    1.65
 -96398.919    23.746     2.21    1.95
 -96024.170    24.199     1.21    1.93
 -95649.437    24.654     1.21    1.62
 -95274.721    24.794     0.37    1.71
 -94900.021    24.700    -0.25    1.58
 -94525.337    24.652    -0.13    1.67
 -94150.670    24.474    -0.48    1.81
 -93776.019    24.746     0.73    1.73
 -93401.385    24.599    -0.39    1.65
 -93026.767    24.390    -0.56    1.69
 -92652.165    23.769    -1.66    1.46
 -92277.580    23.343    -1.14    0.88
 -91903.011    23.445     0.27    0.91
 -91528.459    23.414    -0.08    0.81
 -91153.923    23.910     1.32    1.38
 -90779.403    24.700     2.11    2.67
 -90404.900    25.792     2.92    2.92
 -90030.413    26.819     2.74    2.50
 -89655.942    27.771     2.54    2.50
 -89281.488    28.259     1.30    2.56
 -88907.051    28.652     1.05    3.01
 -88532.629    28.406    -0.66    3.71
 -88158.224    27.748    -1.76    3.91
 -87783.835    27.119    -1.68    3.55
 -87409.463    25.956    -3.11    2.97
 -87035.107    26.003     0.12    2.49
 -86660.767    25.677    -0.87    2.54
 -86286.444    24.581    -2.93    2.51
 -85912.137    23.201    -3.69    2.42
 -85537.846    22.065    -3.04    1.99
 -85163.572    21.414    -1.74    1.39
 -84789.314    21.049    -0.98    1.04
 -84415.072    21.003    -0.12    1.18
 -84040.846    21.026     0.06    1.06
 -83666.637    20.938    -0.24    1.00
 -83292.444    20.914    -0.06    1.06
 -82918.268    21.146     0.62    1.08
 -82544.108    21.491     0.92    1.29
 -82169.964    21.656     0.44    1.34
 -81795.836    21.607    -0.13    1.42
 -81421.725    21.769     0.43    1.41
 -81047.629    21.678    -0.24    1.46
 -80673.551    22.142     1.24    1.68
 -80299.488    21.375    -2.05    2.30
 -79925.442    20.951    -1.13    2.73
 -79551.412    21.282     0.88    3.30
 -79177.398    21.451     0.45    3.32
 -78803.400    22.119     1.79    3.16
 -78429.419    22.629     1.36    2.66
 -78055.454    22.200    -1.15    2.76
 -77681.505    21.584    -1.65    2.46
 -77307.573    21.451    -0.36    2.41
 -76933.656    21.581     0.35    2.39
 -76559.756    21.519    -0.16    1.97
 -76185.872    21.360    -0.43    1.75
 -75812.005    21.367     0.02    1.94
 -75438.153    21.631     0.71    1.85
 -75064.318    21.817     0.50    1.59
 -74690.499    21.607    -0.56    1.76
 -74316.696    21.119    -1.31    1.61
 -73942.909    20.906    -0.57    1.57
 -73569.139    20.676    -0.61    1.53
 -73195.385    20.599    -0.21    1.57
 -72821.647    20.724     0.33    1.74
 -72447.925    20.824     0.27    1.84
 -72074.219    21.248     1.13    1.84
 -71700.530    21.328     0.22    2.05
 -71324.502    21.305    -0.06    2.11
 -70947.577    21.282    -0.06    1.97
 -70570.668    21.449     0.44    2.14
 -70193.775    21.587     0.37    2.03
 -69816.899    21.285    -0.80    1.64
 -69440.039    20.837    -1.19    1.60
 -69063.196    19.914    -2.45    1.71
 -68686.369    17.949    -5.22    3.09
 -68309.559    16.428    -4.04    3.23
 -67932.765    16.499     0.19    3.36
 -67555.988    17.414     2.43    3.76
 -67179.227    19.142     4.59    2.82
 -66802.482    20.081     2.49    1.94
 -66425.754    19.928    -0.41    1.81
 -66049.042    20.260     0.88    1.85
 -65672.347    20.315     0.14    2.03
 -65295.668    20.504     0.50    2.12
 -64919.006    20.587     0.22    1.97
 -64542.359    20.652     0.17    1.85
 -64165.730    20.649    -0.01    1.53
 -63789.116    20.224    -1.13    1.36
 -63412.520    19.974    -0.66    1.28
 -63035.939    19.533    -1.17    0.86
 -62659.375    19.677     0.38    1.05
 -62282.827    19.629    -0.13    1.08
 -61906.296    19.815     0.49    1.07
 -61529.781    19.849     0.09    1.18
 -61153.282    19.468    -1.01    0.95
 -60776.800    20.033     1.50    1.67
 -60400.334    20.259     0.60    2.07
 -60023.884    20.235    -0.06    2.24
 -59647.451    19.999    -0.63    2.00
 -59271.034    19.224    -2.06    1.47
 -58894.634    19.236     0.03    1.55
 -58518.249    19.414     0.47    1.57
 -58141.882    19.607     0.51    1.64
 -57765.530    19.771     0.44    1.56
 -57389.195    19.678    -0.25    1.12
 -57012.876    19.374    -0.81    0.86
 -56636.573    19.956     1.55    1.69
 -56260.287    19.914    -0.11    1.85
 -55884.017    20.026     0.30    2.01
 -55507.764    20.282     0.68    2.04
 -55131.526    20.174    -0.29    2.00
 -54755.305    20.133    -0.11    1.97
 -54379.101    20.114    -0.05    1.70
 -54002.912    19.843    -0.72    1.64
 -53626.740    19.700    -0.38    1.12
 -53250.584    19.986     0.76    1.08
 -52874.445    19.837    -0.39    0.97
 -52498.321    19.801    -0.10    0.93
 -52122.214    19.724    -0.20    0.91
 -51746.124    19.867     0.38    0.84
 -51370.049    20.003     0.36    0.93
 -50993.991    19.980    -0.06    1.03
 -50617.949    19.949    -0.08    1.07
 -50241.923    20.360     1.09    1.63
 -49865.914    21.748     3.69    3.08
 -49489.920    23.390     4.37    3.52
 -49113.943    25.049     4.41    3.12
 -48737.983    25.676     1.67    2.47
 -48362.038    25.360    -0.84    2.37
 -47986.110    24.493    -2.31    2.10
 -47610.198    23.315    -3.13    1.30
 -47234.302    22.557    -2.02    1.36
 -46858.422    22.189    -0.98    1.45
 -46482.559    21.421    -2.04    1.70
 -46106.711    20.799    -1.66    1.85
 -45730.880    19.974    -2.20    2.19
 -45355.066    18.870    -2.94    2.29
 -44979.267    18.367    -1.34    2.25
 -44603.485    17.747    -1.65    2.36
 -44227.718    16.295    -3.86    3.38
 -43851.968    12.587    -9.87    5.51
 -43476.234     9.442    -8.37    5.02
 -43100.517     9.451     0.02    4.84
 -42724.815    11.631     5.80    5.66
 -42349.130    15.119     9.29    4.85
 -41973.461    17.933     7.49    2.38
 -41597.807    18.276     0.91    2.40
 -41222.171    18.246    -0.08    1.91
 -40846.550    18.313     0.18    1.96
 -40470.945    18.631     0.84    2.11
 -40095.357    19.156     1.40    2.30
 -39719.784    19.235     0.21    2.27
 -39344.228    18.633    -1.60    1.65
 -38968.688    18.118    -1.37    1.48
 -38593.164    18.178     0.16    1.25
 -38217.657    18.119    -0.16    1.28
 -37842.165    18.166     0.12    1.18
 -37466.689    18.677     1.36    1.56
 -37091.230    18.955     0.74    1.68
 -36715.787    19.269     0.84    1.44
 -36340.359    19.698     1.14    1.42
 -35964.948    19.863     0.44    1.13
 -35589.553    19.928     0.17    1.13
 -35214.174    20.073     0.38    1.09
 -34838.811    20.087     0.04    1.06
 -34463.465    19.829    -0.69    1.03
 -34088.134    19.565    -0.70    1.40
 -33712.819    19.049    -1.37    1.73
 -33337.521    18.951    -0.26    2.19
 -32962.238    19.375     1.13    1.84
 -32586.972    19.955     1.54    1.29
 -32211.722    20.269     0.84    1.07
 -31836.487    20.185    -0.22    1.14
 -31461.269    20.271     0.23    1.25
 -31086.067    19.794    -1.27    1.24
 -30710.881    19.468    -0.87    1.22
 -30335.711    18.587    -2.35    3.04
 -29960.557    17.570    -2.71    5.37
 -29585.419    16.178    -3.71    8.04
 -29210.297    15.057    -2.99    9.35
 -28835.191    14.019    -2.77    9.78
 -28460.101    13.581    -1.17    9.91
 -28085.027    13.699     0.31    9.98
 -27709.969    15.178     3.94   10.51
 -27334.927    14.599    -1.55    9.82
 -26959.901    14.026    -1.53    9.31
 -26584.891    14.189     0.43    8.30
 -26209.897    14.129    -0.16    6.94
 -25834.920    13.677    -1.20    7.20
 -25459.958    12.955    -1.93    8.09
 -25085.012    11.746    -3.22    8.67
 -24710.082    10.774    -2.59    9.02
 -24335.168     8.771    -5.34    9.10
 -23960.270     6.119    -7.07    8.21
 -23585.388     3.626    -6.65    6.57
 -23210.522     2.201    -3.80    5.83
 -22835.672     2.114    -0.23    5.55
 -22460.838     1.724    -1.04    5.09
 -22086.019     2.629     2.41    5.75
 -21711.217     2.962     0.89    6.33
 -21336.431     3.319     0.95    6.44
 -20961.661     2.285    -2.76    4.65
 -20586.906     1.428    -2.29    2.28
 -20212.168     1.748     0.85    2.36
 -19837.445     1.724    -0.07    2.38
 -19462.739     1.631    -0.25    2.42
 -19088.048     1.462    -0.45    2.37
 -18713.373     1.468     0.02    2.37
 -18338.715     1.863     1.06    2.48
 -17964.072     2.119     0.68    2.43
 -17589.445     2.033    -0.23    2.39
 -17214.834     1.887    -0.39    2.31
 -16840.238     2.166     0.75    2.74
 -16465.659     2.282     0.31    2.80
 -16091.096     2.119    -0.43    2.81
 -15716.548     1.980    -0.37    3.01
 -15342.017     1.414    -1.51    2.90
 -14967.501     0.676    -1.97    2.14
 -14593.001     0.009    -1.78    1.13
 -14218.517    -0.020    -0.08    1.00
 -13844.049    -0.049    -0.08    1.05
 -13469.597    -0.183    -0.36    0.61
 -13095.160    -0.113     0.19    0.75
 -12720.740    -0.276    -0.43    0.00
 -12346.335    -0.229     0.13    0.31
 -11971.946    -0.020     0.56    1.00
 -11597.573     0.406     1.14    1.46
 -11223.216     0.631     0.60    1.62
 -10848.875     1.096     1.24    1.94
 -10474.549     1.189     0.25    2.00
 -10100.240     1.633     1.19    2.43
  -9725.946     1.533    -0.27    2.45
  -9351.668     1.049    -1.29    2.38
  -8977.406     0.654    -1.06    2.20
  -8603.160     0.009    -1.72    1.20
  -8228.929     0.259     0.67    1.56
  -7854.714     0.867     1.62    2.04
  -7480.515     1.295     1.15    2.10
  -7106.332     2.305     2.70    2.26
  -6732.165     2.700     1.06    2.05
  -6358.013     3.212     1.37    2.15
  -5983.878     3.337     0.34    2.23
  -5609.758     3.819     1.29    2.59
  -5235.654     4.024     0.55    2.62
  -4861.565     3.587    -1.17    2.75
  -4487.493     3.224    -0.97    2.52
  -4113.436     3.248     0.06    2.72
  -3739.395     2.914    -0.89    2.46
  -3365.369     3.235     0.86    2.72
  -2991.360     2.514    -1.93    2.84
  -2617.366     1.592    -2.47    2.63
  -2243.388     1.065    -1.41    2.45
  -1869.426    -0.051    -2.98    0.83
  -1495.479    -0.206    -0.42    0.46
  -1121.548    -0.254    -0.13    0.15
   -747.633    -0.276    -0.06    0.00
   -373.734    -0.049     0.61    1.51
      0.150    -0.276    -0.61    0.00
    374.018    -0.276     0.00    0.00
    747.870    -0.276     0.00    0.00
   1121.706    -0.276     0.00    0.00
   1495.527    -0.276     0.00    0.00
   1869.332    -0.045     0.62    1.06
   2243.122     1.701     4.67    3.30
   2616.895     3.303     4.29    3.67
   2990.653     4.815     4.05    3.44
   3364.927     6.375     4.17    2.58
   3741.821     6.305    -0.19    2.30
   4118.699     6.042    -0.70    2.52
   4495.561     6.544     1.33    2.74
   4872.407     6.587     0.11    2.79
   5249.237     6.677     0.24    2.82
   5626.051     6.584    -0.25    2.61
   6002.849     6.840     0.68    2.36
   6379.631     6.955     0.30    1.95
   6756.397     6.610    -0.91    1.65
   7133.147     6.899     0.77    1.52
   7509.881     7.096     0.52    1.81
   7886.600     7.259     0.43    2.03
   8263.302     7.577     0.85    2.04
   8639.988     7.769     0.51    2.36
   9016.659     7.276    -1.31    2.70
   9393.314     7.156    -0.32    2.49
   9769.952     6.747    -1.08    2.02
  10146.575     6.491    -0.68    2.09
  10523.182     6.724     0.62    2.07
  10899.773     6.826     0.27    2.35
  11276.348     7.292     1.24    2.40
  11652.908     7.968     1.79    2.65
  12029.451     9.049     2.87    2.83
  12405.978     9.724     1.79    2.78
  12782.490    10.174     1.20    2.96
  13158.986    10.019    -0.41    2.71
  13535.466     9.303    -1.90    2.65
  13911.930     9.445     0.38    2.65
  14288.378     9.003    -1.17    2.26
  14664.810     8.676    -0.87    1.68
  15041.226     8.428    -0.66    1.85
  15417.627     8.313    -0.30    1.90
  15794.012     8.610     0.79    1.82
  16170.380     8.676     0.18    1.78
  16546.733     8.445    -0.61    1.37
  16923.071     8.700     0.68    1.30
  17299.392     8.852     0.40    1.36
  17675.697     8.951     0.26    1.43
  18051.987     8.824    -0.34    1.35
  18428.261     8.986     0.43    1.61
  18804.519     9.282     0.79    1.88
  19180.761     9.431     0.40    1.85
  19556.988     9.974     1.44    2.17
  19933.198    10.324     0.93    2.51
  20309.393    10.509     0.49    2.29
  20685.572    10.933     1.13    2.59
  21061.735    11.533     1.60    2.59
  21437.883    12.129     1.58    2.57
  21814.014    12.874     1.98    2.29
  22190.130    12.201    -1.79    2.28
  22566.230    11.974    -0.60    2.10
  22942.315    11.986     0.03    2.06
  23318.383    11.863    -0.33    2.37
  23694.436    12.114     0.67    2.41
  24070.473    11.887    -0.60    2.52
  24446.494    11.675    -0.56    2.32
  24822.500    11.914     0.64    2.41
  25198.489    11.840    -0.20    1.90
  25574.463    12.438     1.59    2.19
  25950.422    13.248     2.15    2.72
  26326.364    13.629     1.01    3.12
  26702.291    13.794     0.44    2.86
  27078.202    13.602    -0.51    2.32
  27454.097    12.910    -1.84    1.91
  27829.977    13.081     0.46    2.09
  28205.841    13.509     1.14    2.49
  28581.689    13.295    -0.57    2.59
  28957.521    13.819     1.39    2.52
  29333.338    14.019     0.53    2.40
  29709.139    13.633    -1.03    2.20
  30084.924    13.890     0.69    1.89
  30460.694    14.016     0.34    1.69
  30836.448    14.119     0.27    1.62
  31212.186    13.962    -0.42    1.71
  31587.909    14.105     0.38    1.90
  31963.615    14.259     0.41    1.91
  32339.307    14.073    -0.50    2.06
  32714.982    14.003    -0.19    1.89
  33090.642    14.096     0.25    1.60
  33466.286    14.189     0.25    1.49
  33841.915    14.129    -0.16    1.61
  34217.527    13.914    -0.57    1.92
  34593.125    14.105     0.51    2.00
  34968.706    14.073    -0.09    1.93
  35344.272    13.980    -0.25    2.18
  35719.822    14.235     0.68    2.03
  36095.357    14.724     1.30    2.22
  36470.876    15.129     1.08    2.48
  36846.379    15.468     0.90    2.64
  37221.867    15.474     0.02    2.57
  37597.339    15.398    -0.20    2.35
  37972.795    16.212     2.17    2.84
  38348.236    17.607     3.72    3.03
  38723.661    18.248     1.70    2.97
  39099.071    18.129    -0.32    2.99
  39474.465    18.166     0.10    2.96
  39849.843    17.933    -0.62    2.45
  40225.206    18.271     0.90    2.33
  40600.553    18.271     0.00    2.73
  40975.885    17.792    -1.28    2.94
  41351.201    18.105     0.83    3.04
  41726.502    17.867    -0.63    2.89
  42101.786    17.557    -0.82    2.62
  42477.056    17.724     0.44    2.45
  42852.309    16.910    -2.17    2.22
  43227.548    17.390     1.28    2.74
  43602.770    17.843     1.21    3.01
  43977.977    18.081     0.63    3.01
  44353.169    17.914    -0.44    3.03
  44728.345    19.057     3.05    2.75
  45103.505    19.956     2.40    3.22
  45478.650    20.581     1.66    3.32
  45853.779    20.574    -0.02    3.36
  46228.893    20.360    -0.57    3.42
  46603.991    21.285     2.46    3.61
  46979.074    20.700    -1.56    3.95
  47354.141    20.259    -1.18    4.49
  47729.192    19.914    -0.92    4.27
  48104.228    20.065     0.40    4.18
  48479.249    21.442     3.67    4.56
  48854.254    21.701     0.69    4.87
  49229.244    20.438    -3.37    5.05
  49604.218    19.910    -1.41    5.11
  49979.176    18.445    -3.91    3.81
  50354.119    18.197    -0.66    3.49
  50729.047    18.837     1.71    4.13
  51103.959    18.621    -0.58    4.06
  51478.856    20.248     4.34    5.15
  51853.737    21.746     4.00    5.23
  52228.603    22.599     2.27    4.66
  52603.453    22.519    -0.21    4.73
  52978.287    22.803     0.76    4.84
  53353.107    23.496     1.85    4.54
  53727.910    23.176    -0.85    4.78
  54102.699    23.633     1.22    4.33
  54477.472    24.073     1.17    4.01
  54852.229    25.031     2.56    3.36
  55226.971    25.451     1.12    2.92
  55601.697    24.775    -1.80    3.36
  55976.409    24.166    -1.63    4.17
  56351.104    23.282    -2.36    4.66
  56725.784    22.651    -1.68    4.69
  57100.449    21.815    -2.23    4.38
  57475.099    21.908     0.25    4.05
  57849.732    22.792     2.36    4.32
  58224.351    23.654     2.30    4.85
  58598.954    23.956     0.81    5.10
  58973.542    24.009     0.14    5.01
  59348.114    23.519    -1.31    4.85
  59722.671    24.974     3.88    4.89
  60097.212    25.574     1.60    3.98
  60471.739    26.009     1.16    3.85
  60846.249    25.677    -0.89    4.33
  61220.745    24.602    -2.87    4.56
  61595.225    22.956    -4.39    4.24
  61969.689    22.049    -2.42    3.65
  62344.138    21.462    -1.57    3.31
  62718.572    20.675    -2.10    2.24
  63092.990    20.166    -1.36    1.78
  63467.394    19.795    -0.99    1.45
  63841.781    19.700    -0.25    1.26
  64216.154    19.890     0.51    1.59
  64590.511    20.176     0.76    1.55
  64964.852    20.282     0.28    1.52
  65339.179    20.462     0.48    1.29
  65713.490    20.390    -0.19    1.26
  66087.785    20.305    -0.23    1.45
  66462.065    20.282    -0.06    1.47
  66836.330    20.352     0.19    1.92
  67210.580    21.033     1.82    2.61
  67584.814    21.553     1.39    2.50
  67959.033    22.561     2.69    2.89
  68333.237    22.398    -0.44    2.78
  68707.425    22.119    -0.75    2.74
  69081.598    21.166    -2.55    2.46
  69455.756    20.631    -1.43    2.14
  69829.899    20.438    -0.51    1.70
  70204.026    20.914     1.27    1.77
  70578.138    21.445     1.42    2.00
  70952.234    21.819     1.00    1.83
  71326.315    21.581    -0.64    1.92
  71700.381    21.462    -0.32    2.18
  72074.432    20.943    -1.39    1.62
  72448.468    21.699     2.02    2.56
  72822.488    22.445     1.99    2.83
  73196.493    22.649     0.55    2.76
  73570.482    22.105    -1.45    2.41
  73944.457    21.486    -1.66    2.12
  74318.416    21.096    -1.04    1.02
  74692.360    21.033    -0.17    0.98
  75066.288    20.961    -0.19    1.00
  75440.202    20.792    -0.45    1.07
  75814.100    20.924     0.35    1.24
  76187.983    20.676    -0.66    1.10
  76561.850    20.724     0.13    1.15
  76935.703    20.956     0.62    1.27
  77309.540    21.769     2.17    1.70
  77683.362    22.145     1.00    2.06
  78057.169    23.110     2.58    2.63
  78432.843    23.486     1.00    2.57
  78809.693    23.724     0.63    2.46
  79186.527    23.533    -0.51    2.47
  79563.346    23.237    -0.79    1.86
  79940.149    22.860    -1.00    1.84
  80316.937    22.878     0.05    1.74
  80693.710    23.352     1.26    2.07
  81070.466    23.817     1.23    2.20
  81447.208    23.826     0.03    2.36
  81823.934    23.678    -0.39    2.54
  82200.644    23.185    -1.31    2.72
  82577.340    24.176     2.63    3.38
  82954.019    24.631     1.21    3.22
  83330.684    24.724     0.25    3.43
  83707.332    24.269    -1.21    3.12
  84083.966    23.750    -1.38    3.09
  84460.584    23.701    -0.13    2.86
  84837.186    23.421    -0.74    2.37
  85213.773    23.863     1.17    2.56
  85590.345    25.073     3.21    2.62
  85966.901    25.570     1.32    2.80
  86343.442    26.678     2.94    3.26
  86719.968    27.949     3.37    3.63
  87096.478    28.890     2.50    4.28
  87472.973    28.407    -1.28    4.49
  87849.452    28.249    -0.42    4.68
  88225.916    26.701    -4.11    4.44
  88602.364    27.434     1.95    5.07
  88978.798    29.468     5.40    5.33
  89355.215    31.305     4.88    4.58
  89731.618    30.843    -1.23    4.28
  90108.005    29.201    -4.36    4.21
  90484.377    27.852    -3.58    3.50
  90860.733    27.678    -0.46    2.89
  91237.074    28.414     1.96    3.13
  91613.400    29.584     3.11    3.11
  91989.710    29.533    -0.14    3.62
  92366.005    29.237    -0.79    3.92
  92742.285    29.042    -0.52    3.68
  93118.549    28.674    -0.98    3.23
  93494.798    28.843     0.45    2.67
  93871.031    28.533    -0.82    2.86
  94247.250    28.504    -0.08    3.09
  94623.453    29.383     2.34    3.13
  94999.640    30.138     2.01    3.11
  95375.813    30.771     1.68    3.08
  95751.970    31.584     2.16    3.43
  96128.111    30.890    -1.84    3.93
  96504.238    29.295    -4.24    4.46
  96880.349    27.449    -4.91    4.09
  97256.445    26.676    -2.05    2.80
  97632.525    27.212     1.42    3.06
  98008.591    27.533     0.86    3.34
  98384.641    27.605     0.19    3.08
  98760.675    26.914    -1.84    2.95
  99136.695    26.414    -1.33    2.69
  99512.699    26.700     0.76    3.02
  99888.688    27.009     0.82    3.34
 100264.661    27.224     0.57    3.06
 100640.620    27.795     1.52    3.58
 101016.563    28.367     1.52    3.50
 101392.491    29.096     1.94    3.96
 101768.403    28.938    -0.42    3.95
 102144.300    28.081    -2.28    3.25
 102520.183    27.980    -0.27    3.08
 102896.049    27.890    -0.24    2.27
 103271.901    27.956     0.18    2.22
 103647.737    27.581    -1.00    2.36
 104023.559    26.870    -1.89    1.97
 104399.364    26.651    -0.58    1.49
 104775.155    27.770     2.98    3.22
 105150.931    28.282     1.36    3.49
 105526.691    29.587     3.47    4.08
 105902.436    29.352    -0.63    3.70
 106278.166    29.771     1.12    4.39
 106653.881    30.676     2.41    4.78
 107029.580    31.309     1.68    4.62
 107405.264    32.096     2.09    4.27
 107780.933    33.421     3.53    4.35
 108156.587    33.414    -0.02    3.82
 108532.226    33.724     0.82    4.06
 108907.849    32.328    -3.71    4.01
 109283.458    31.438    -2.37    4.43
 109659.051    30.771    -1.77    4.69
 110034.629    30.105    -1.77    4.33
 110410.192    30.367     0.70    4.63
 110785.740    29.863    -1.34    4.00
 111161.272    29.200    -1.77    3.54
 111536.789    28.557    -1.71    3.22
 111912.292    27.797    -2.02    2.21
 112287.779    27.938     0.38    2.30
 112663.251    28.152     0.57    2.40
 113038.707    28.747     1.58    3.03
 113414.149    28.700    -0.13    3.03
 113789.576    28.846     0.39    3.23
 114164.987    28.701    -0.39    2.77
 114540.383    29.699     2.66    3.70
 114915.764    30.651     2.53    3.90
 115291.131    30.795     0.39    3.94
 115666.481    31.474     1.81    4.18
 116041.817    31.451    -0.06    3.77
 116417.138    32.108     1.75    4.22
 116792.444    31.890    -0.58    4.44
 117167.734    32.843     2.54    4.23
 117543.009    32.468    -1.00    4.57
 117918.270    32.156    -0.83    4.29
 118293.515    32.724     1.51    3.86
 118668.745    32.883     0.42    3.59
 119043.960    33.224     0.91    3.46
 119419.160    32.142    -2.88    3.33
 119794.345    30.700    -3.84    2.98
 120169.515    30.390    -0.82    2.93
 120544.670    31.860     3.92    3.90
 120919.809    34.775     7.77    4.84
 121294.934    36.867     5.58    3.84
 121670.044    38.474     4.28    3.31
 122045.138    37.919    -1.48    3.82
 122420.218    35.587    -6.22    4.06
 122795.282    34.013    -4.20    4.10
 123170.332    31.883    -5.68    2.97
 123545.366    30.794    -2.90    1.50
 123920.385    30.794     0.00    1.58
 124295.390    30.770    -0.06    1.27
 124670.379    31.237     1.24    1.41
 125045.353    31.315     0.21    1.48
 125420.313    31.499     0.49    1.44
 125795.257    31.605     0.28    1.56
 126170.186    31.509    -0.25    1.35
 126545.100    31.529     0.05    1.57
 126920.000    31.701     0.46    1.39
 127294.884    32.006     0.81    1.41
 127669.753    32.176     0.45    1.40
 128044.607    32.414     0.64    1.33
 128419.447    32.152    -0.70    1.15
 128794.271    32.081    -0.19    1.39
 129169.080    32.224     0.38    1.30
 129543.874    32.176    -0.13    1.52
 129918.654    32.163    -0.04    1.52
 130293.418    32.414     0.67    1.46
 130668.167    32.769     0.95    1.28
 131042.902    32.724    -0.12    1.06
 131417.621    32.938     0.57    1.24
 131792.326    33.142     0.55    1.28
 132167.015    33.090    -0.14    1.26
 132541.690    33.057    -0.09    1.16
 132916.350    33.073     0.04    1.11
 133290.994    33.398     0.87    1.36
 133665.624    33.337    -0.16    2.13
 134040.239    32.956    -1.02    2.95
 134414.839    32.605    -0.94    3.76
 134789.424    32.333    -0.72    4.16
 135163.994    33.114     2.08    4.28
 135538.549    33.771     1.75    4.08
 135913.090    34.176     1.08    3.56
 136287.615    33.797    -1.01    2.61
 136662.125    34.328     1.42    1.64
 137036.621    34.509     0.48    1.37
 137411.101    34.771     0.70    1.36
 137785.567    35.309     1.44    1.87
 138160.018    36.129     2.19    1.93
 138534.454    36.236     0.29    2.06
 138908.875    36.533     0.79    1.98
 139283.281    36.414    -0.32    2.15
 139657.672    35.999    -1.11    2.11
 140032.049    35.610    -1.04    2.00
 140406.410    35.160    -1.20    1.97
 140780.757    34.748    -1.10    2.14
 141155.089    35.009     0.70    2.12
 141529.406    34.747    -0.70    2.01
 141903.708    34.956     0.56    1.74
 142277.995    35.171     0.57    1.83
 142652.267    36.383     3.24    2.85
 143026.525    37.699     3.52    3.04
 143400.768    38.367     1.78    3.11
 143774.995    39.259     2.38    2.87
 144149.208    39.467     0.56    3.08
 144523.407    39.860     1.05    3.37
 144897.590    39.618    -0.65    3.72
 145271.758    39.189    -1.15    3.45
 145645.912    37.607    -4.23    2.81
 146020.051    37.081    -1.41    2.09
 146394.175    37.607     1.41    1.72
 146768.284    36.878    -1.95    1.86
 147142.379    36.269    -1.63    1.73
 147516.458    36.016    -0.68    1.63
 147890.523    36.009    -0.02    1.97
 148264.573    36.163     0.41    2.09
 148638.608    36.260     0.26    2.05
 149012.629    36.587     0.87    2.38
 149386.635    36.674     0.23    2.44
 149760.625    37.938     3.38    2.82
 150134.602    39.533     4.27    3.13
 150508.563    40.390     2.29    2.59
 150882.509    42.033     4.39    3.97
 151256.441    42.529     1.32    4.11
 151630.358    42.407    -0.33    4.60
 152004.261    43.309     2.41    4.99
 152378.148    42.152    -3.09    4.99
 152752.021    41.676    -1.27    5.22
 153126.047    42.771     2.93    5.01
 153502.870    43.451     1.80    4.63
 153879.678    44.305     2.27    4.70
 154256.471    45.771     3.89    3.96
 154633.249    45.399    -0.99    4.43
 155010.012    42.867    -6.72    5.28
 155386.760    39.980    -7.66    4.06
 155763.494    38.375    -4.26    2.76
 156140.212    37.509    -2.30    1.41
 156516.915    37.821     0.83    1.70
 156893.604    38.962     3.03    2.93
 157270.277    39.677     1.90    3.66
 157646.935    40.519     2.24    3.41
 158023.579    41.319     2.12    3.48
 158400.207    41.700     1.01    3.25
 158776.821    40.748    -2.53    3.50
 159153.419    39.629    -2.97    3.42
 159530.003    38.748    -2.34    3.05
 159906.572    38.033    -1.90    2.32
 160283.126    38.081     0.13    2.37
 160659.665    38.654     1.52    3.22
 161036.188    39.367     1.89    3.79
 161412.697    40.480     2.96    4.04
 161789.192    41.390     2.42    4.19
 162165.671    42.090     1.86    4.33
 162542.135    42.328     0.63    4.01
 162918.584    42.843     1.37    4.47
 163295.019    43.081     0.63    4.47
 163671.439    43.138     0.15    4.43
 164047.843    43.295     0.42    4.28
 164424.233    43.260    -0.09    4.39
 164800.608    42.771    -1.30    4.58
 165176.968    42.152    -1.64    4.06
 165553.313    42.824     1.78    4.02
 165929.643    45.110     6.07    4.83
 166305.959    46.846     4.61    4.65
 166682.259    47.509     1.76    4.60
 167058.545    47.200    -0.82    4.82
 167434.816    46.624    -1.53    4.92
 167811.072    47.133     1.35    4.76
 168187.313    47.185     0.14    4.58
 168563.539    47.533     0.92    4.46
 168939.750    46.581    -2.53    4.90
 169315.947    46.434    -0.39    5.02
 169692.128    45.955    -1.28    4.92
