# NaN NaN NaN ;Mean Elev.(m), Avg Gradient(m/km), RMS Gradient(m/km) - SRTM1     
#    1.388   0.063   1.389 ;Mean Elev.(m), Avg Gradient(m/km), RMS Gradient(m/km) - ASTER GDEM
#    0.442   0.093   0.830 ;Mean Elev.(m), Avg Gradient(m/km), RMS Gradient(m/km) - GMTED2010 
  8 300.342807 -33.627730     3.177     3.075  5 52498.56659996 26.137
 10 300.340477 -33.624032     3.730     3.624  5 52568.56661400 28.306
 11 300.339251 -33.625275     3.222     3.147  5 52603.56660558 21.951
 12 300.334825 -33.623403     4.202     4.214  6 52638.56658142 29.668
 13 300.340322 -33.626664     3.359     3.285  5 52673.56658057 25.914
 14 300.337583 -33.624225     3.873     3.758  5 52708.56659066 38.953
 15 300.336146 -33.623089     3.917     3.888  5 52743.56662015 29.367
 17 300.333588 -33.623006     3.380     3.367  6 52813.56664000 25.606
 18 300.336915 -33.622795     3.063     2.911  5 52848.56669336 26.983
 19 300.337047 -33.624483     2.876     2.589  5 52883.56672953 22.121
 20 300.343112 -33.626522     2.619     2.536  5 52918.56668643 21.871
 21 300.341258 -33.624416     2.766     2.638  5 52953.56664881 18.339
 22 300.347252 -33.629883     2.441     2.430  4 52988.56665850 22.733
 23 300.347150 -33.628813     3.308     3.245  5 53023.56664526 24.269
 24 300.345748 -33.627677     2.672     2.495  5 53058.56664079 20.516
 25 300.336039 -33.624584     2.575     2.438  5 53093.56667790 20.747
 26 300.342108 -33.625245     3.055     2.965  5 53128.56664891 18.442
 28 300.340154 -33.624929     2.847     2.768  5 53198.56671650 22.664
 29 300.348071 -33.630659     2.970     2.786  5 53233.56668983 23.757
 30 300.344027 -33.627025     2.573     2.484  4 53268.56665683 20.568
 31 300.330146 -33.622115     2.597     2.522  5 53303.56671517 27.897
 32 300.340804 -33.624317     3.510     3.496  5 53338.56668460 45.003
 33 300.345941 -33.628216     3.167     3.120  5 53373.56661828 23.593
 34 300.340723 -33.626314     3.177     3.056  5 53408.56665845 20.475
 35 300.344555 -33.626258     3.412     3.464  5 53443.56664237 36.019
 36 300.332855 -33.622897     3.257     3.299  6 53478.56671718 38.246
 37 300.340082 -33.623624     2.939     3.032  5 53513.56672641 31.997
 38 300.336425 -33.624018     3.352     3.329  6 53548.56674542 29.381
 39 300.341832 -33.627358     2.936     2.880  5 53583.56671151 23.997
 40 300.341536 -33.626419     2.269     2.129  5 53618.56666733 28.054
 41 300.338360 -33.623356     2.916     2.726  5 53653.56668970 22.222
 42 300.337482 -33.624127    -1.430    -1.499  6 53688.56668849 25.073
 43 300.345948 -33.629141     2.879     2.764  4 53723.56661399 18.291
 44 300.343849 -33.626594     3.082     2.942  5 53758.56655197 20.405
 45 300.344752 -33.627958     3.044     2.936  5 53793.56657356 30.270
 46 300.339887 -33.625410     2.961     2.941  5 53828.56654447 20.018
 47 300.335427 -33.623466     3.241     3.201  6 53863.56662692 28.819
 48 300.339268 -33.625339     2.818     2.715  5 53898.56665080 24.261
 49 300.331086 -33.622745     2.557     2.566  5 53933.56669649 36.786
 50 300.336252 -33.624122     2.827     2.864  5 53968.56666886 26.501
 51 300.338523 -33.623477     2.613     2.463  5 54003.56663841 21.681
 52 300.341120 -33.625964     3.053     2.934  5 54038.56667419 24.387
 53 300.341458 -33.627080     3.044     3.021  5 54073.56666870 21.878
 54 300.343286 -33.628081     3.235     3.093  5 54108.56661538 26.940
 55 300.337674 -33.625414     3.420     3.335  5 54143.56660494 23.985
 56 300.342120 -33.626357     4.063     4.082  4 54178.56659929 36.331
 58 300.338716 -33.625160     3.806     3.713  5 54248.56664018 27.205
 59 300.340771 -33.626346     3.497     3.393  5 54283.56664942 27.093
 60 300.342309 -33.625812     3.027     2.914  5 54318.56664672 34.206
 61 300.343898 -33.625854     2.428     2.175  5 54353.56661089 34.782
 62 300.341041 -33.623964     3.037     2.967  5 54388.56658660 29.867
 63 300.341723 -33.625942     2.969     2.954  4 54423.56656112 41.959
 64 300.338300 -33.625275     2.847     2.769  5 54458.56656159 21.281
 65 300.342483 -33.627144     2.556     2.532  5 54493.56656529 21.304
 66 300.340701 -33.625101     2.712     2.729  5 54528.56657416 17.859
 67 300.342908 -33.626833     2.744     2.750  4 54563.56657200 16.477
 68 300.340001 -33.624883     3.115     3.007  5 54598.56656963 23.082
 69 300.338927 -33.624444     2.793     2.796  6 54633.56658284 26.051
 70 300.340064 -33.623479     2.763     2.765  5 54668.56658733 21.828
 71 300.343713 -33.627773     2.805     2.869  5 54703.56655288 24.607
 72 300.338512 -33.623957     2.549     2.394  5 54738.56654982 22.097
 73 300.342697 -33.626688     3.248     3.153  4 54773.56653428 34.146
 74 300.337378 -33.622796     3.030     3.057  5 54808.56654252 42.839
 75 300.341509 -33.626094     2.311     2.301  4 54843.56653170 15.947
 76 300.337916 -33.624304     2.569     2.549  6 54878.56654645 42.055
 77 300.341291 -33.626377     2.701     2.710  5 54913.56653561 44.546
 78 300.337603 -33.625186     2.536     2.419  5 54948.56653794 21.882
 79 300.338137 -33.625424     2.255     2.109  5 54983.56656393 19.416
 80 300.341281 -33.624502     2.019     2.014  5 55018.56656090 30.328
 81 300.342024 -33.626614     2.684     2.582  5 55053.56655664 22.345
 82 300.342716 -33.625551     2.951     2.790  5 55088.56651855 28.315
 83 300.339574 -33.626100     3.306     3.299  5 55123.56649374 44.528
 84 300.341119 -33.625564     3.500     3.478  4 55158.56647918 27.075
 85 300.337266 -33.624347     4.253     4.146  5 55193.56648307 28.268
 86 300.341454 -33.625752     4.725     4.668  5 55228.56648159 36.446
 87 300.340689 -33.624444     5.289     5.427  5 55263.56647820 27.741
 88 300.343611 -33.625733     4.163     4.055  5 55298.56646390 36.513
 89 300.339371 -33.626468     3.974     3.932  5 55333.56645711 28.016
 90 300.341779 -33.625436     3.717     3.654  5 55368.56644848 25.739
 91 300.338900 -33.625230     3.024     2.968  5 55403.56646398 23.010
 92 300.342925 -33.626124     3.064     2.997  5 55438.56646637 26.827
 93 300.344307 -33.626255     2.816     2.782  5 55473.56641439 26.597
