-271927.885    31.858     0.00    2.73
-271551.303    32.356     1.32    2.61
-271174.739    32.558     0.53    2.46
-270798.193    32.367    -0.51    2.14
-270421.665    32.446     0.21    2.25
-270045.154    31.726    -1.91    2.33
-269668.662    30.866    -2.29    2.24
-269292.187    30.004    -2.29    2.57
-268915.731    28.912    -2.90    2.48
-268539.292    27.703    -3.21    2.09
-268162.871    27.594    -0.29    1.72
-267786.468    28.254     1.75    1.83
-267410.083    29.776     4.05    2.19
-267033.715    31.504     4.59    2.44
-266657.366    32.844     3.56    2.48
-266281.034    34.004     3.08    2.31
-265904.720    34.703     1.86    2.20
-265528.424    35.344     1.71    2.18
-265152.146    35.254    -0.24    2.26
-264775.886    34.140    -2.96    2.87
-264399.644    33.049    -2.90    2.85
-264023.419    32.299    -1.99    2.45
-263647.212    32.594     0.79    2.62
-263271.023    34.054     3.88    2.76
-262894.852    34.261     0.55    2.46
-262518.699    34.802     1.44    2.19
-262142.563    34.844     0.11    2.20
-261766.446    34.481    -0.97    1.91
-261390.346    34.587     0.28    1.76
-261014.264    34.091    -1.32    1.65
-260638.199    33.769    -0.86    1.90
-260262.153    33.617    -0.40    2.15
-259886.124    33.424    -0.51    2.19
-259510.113    33.075    -0.93    2.10
-259134.120    31.935    -3.03    1.99
-258758.144    31.745    -0.51    2.03
-258382.187    32.653     2.42    2.21
-258006.247    33.680     2.73    1.69
-257630.324    34.367     1.83    1.58
-257254.420    34.292    -0.20    1.53
-256878.533    33.840    -1.20    1.66
-256502.664    33.344    -1.32    2.04
-256126.813    32.885    -1.22    2.01
-255750.979    33.026     0.38    2.04
-255375.164    33.435     1.09    2.05
-254999.366    33.773     0.90    2.14
-254623.585    34.140     0.98    2.18
-254247.823    34.301     0.43    2.36
-253872.078    34.185    -0.31    2.04
-253496.350    34.626     1.17    2.41
-253120.641    34.867     0.64    2.13
-252744.949    35.276     1.09    2.24
-252369.275    34.982    -0.78    2.01
-251993.618    35.004     0.06    1.95
-251617.980    35.010     0.02    1.82
-251242.358    35.072     0.16    1.71
-250866.755    35.424     0.94    1.83
-250491.169    35.799     1.00    1.79
-250115.601    36.117     0.85    1.88
-249740.051    36.499     1.02    1.85
-249364.518    37.254     2.01    2.03
-248989.003    37.085    -0.45    1.99
-248613.505    37.780     1.85    1.74
-248238.025    38.773     2.64    1.88
-247862.563    40.094     3.52    2.65
-247487.119    41.935     4.90    2.65
-247111.692    42.987     2.80    2.19
-246736.282    43.594     1.62    2.33
-246360.890    43.862     0.71    2.44
-245985.516    45.049     3.16    2.65
-245610.160    46.075     2.73    2.49
-245234.821    47.185     2.96    2.33
-244859.500    48.594     3.76    2.23
-244484.196    49.115     1.39    2.02
-244108.910    49.208     0.25    2.14
-243733.641    49.292     0.22    2.26
-243358.391    49.822     1.41    2.72
-242983.157    50.580     2.02    2.62
-242607.941    50.610     0.08    2.62
-242232.743    49.708    -2.40    2.92
-241857.563    47.962    -4.66    2.81
-241482.400    46.094    -4.98    3.09
-241107.254    44.866    -3.28    2.86
-240732.126    44.117    -2.00    2.75
-240357.016    43.163    -2.55    2.67
-239981.923    41.985    -3.14    2.89
-239606.848    40.322    -4.44    2.58
-239231.790    39.423    -2.40    2.00
-238856.750    39.822     1.06    2.33
-238481.727    41.005     3.16    2.49
-238106.722    41.481     1.27    2.28
-237731.734    42.731     3.33    2.67
-237356.764    44.610     5.01    3.52
-236981.811    47.094     6.63    3.35
-236606.876    49.277     5.82    2.56
-236231.958    50.117     2.24    2.22
-235857.058    49.140    -2.61    2.99
-235482.176    47.238    -5.08    3.31
-235107.311    45.481    -4.69    3.02
-234732.463    44.064    -3.78    2.23
-234357.633    43.731    -0.89    2.32
-233982.820    43.521    -0.56    2.72
-233608.025    43.072    -1.20    3.04
-233233.247    42.072    -2.67    3.05
-232858.487    40.842    -3.28    2.73
-232483.744    38.913    -5.15    2.57
-232109.018    37.488    -3.80    2.01
-231734.310    36.572    -2.45    1.79
-231359.620    36.145    -1.14    1.83
-230984.947    36.224     0.21    1.90
-230610.291    36.402     0.47    2.05
-230235.653    36.238    -0.44    1.95
-229861.032    35.822    -1.11    2.01
-229486.429    34.856    -2.58    2.16
-229111.843    33.935    -2.46    1.46
-228737.275    33.866    -0.19    1.42
-228362.724    34.822     2.55    2.18
-227988.190    36.646     4.87    3.09
-227613.674    38.862     5.92    3.00
-227239.175    39.822     2.56    3.06
-226864.693    39.699    -0.33    3.39
-226490.229    39.254    -1.19    3.15
-226115.782    38.773    -1.28    2.40
-225741.353    39.049     0.74    2.25
-225366.941    40.299     3.34    2.82
-224992.547    41.635     3.57    3.01
-224618.169    42.958     3.53    2.97
-224243.810    44.110     3.08    3.10
-223869.467    45.208     2.93    3.04
-223495.142    46.703     3.99    3.02
-223120.834    47.935     3.29    2.69
-222746.544    49.214     3.42    2.53
-222372.271    50.269     2.82    2.55
-221998.015    50.594     0.87    2.30
-221623.777    50.009    -1.57    2.68
-221249.555    48.594    -3.78    2.78
-220875.352    47.331    -3.38    2.41
-220501.165    46.185    -3.06    2.47
-220126.996    45.185    -2.67    2.28
-219752.844    44.628    -1.49    1.88
-219378.710    45.799     3.13    3.01
-219004.593    47.813     5.39    3.22
-218630.493    49.685     5.00    2.63
-218256.410    50.610     2.47    2.00
-217882.345    49.844    -2.05    2.65
-217508.297    48.185    -4.44    3.04
-217134.266    46.730    -3.89    3.21
-216760.253    45.185    -4.13    3.06
-216386.257    43.252    -5.17    3.24
-216012.278    41.572    -4.49    3.05
-215638.316    40.322    -3.34    2.63
-215264.372    39.185    -3.04    2.53
-214890.445    38.072    -2.98    2.40
-214516.535    37.474    -1.60    2.42
-214142.642    36.799    -1.81    2.43
-213768.767    35.745    -2.82    2.36
-213394.909    34.594    -3.08    2.16
-213021.068    33.504    -2.92    1.66
-212647.244    33.354    -0.40    1.62
-212273.438    33.322    -0.09    1.78
-211899.648    33.435     0.30    1.63
-211525.876    32.685    -2.01    1.79
-211152.122    32.531    -0.41    1.53
-210778.384    33.390     2.30    2.32
-210404.664    34.776     3.71    3.04
-210030.961    36.633     4.97    3.60
-209657.275    38.731     5.61    3.63
-209283.606    39.716     2.64    3.58
-208909.954    40.776     2.84    3.40
-208536.320    42.459     4.50    3.29
-208162.703    44.299     4.93    3.34
-207789.103    46.344     5.48    2.94
-207415.520    48.350     5.37    3.24
-207041.954    50.254     5.10    2.99
-206665.559    51.985     4.60    2.56
-206288.560    52.254     0.71    2.35
-205911.580    52.098    -0.41    2.54
-205534.616    51.796    -0.80    2.72
-205157.670    51.587    -0.56    2.49
-204780.742    51.192    -1.05    2.33
-204403.831    50.504    -1.83    2.68
-204026.938    49.228    -3.38    3.01
-203650.062    48.284    -2.50    3.01
-203273.203    47.913    -0.99    2.89
-202896.362    47.540    -0.99    2.59
-202519.538    46.844    -1.85    2.29
-202142.732    46.067    -2.06    2.54
-201765.944    44.913    -3.06    2.44
-201389.172    43.052    -4.94    2.43
-201012.419    41.844    -3.20    2.60
-200635.682    40.413    -3.80    2.39
-200258.963    39.010    -3.72    2.47
-199882.262    37.731    -3.40    2.12
-199505.578    36.838    -2.37    1.87
-199128.911    36.617    -0.59    1.80
-198752.262    37.504     2.35    2.17
-198375.630    38.424     2.44    2.51
-197999.015    39.799     3.65    2.69
-197622.418    40.304     1.34    3.12
-197245.839    41.276     2.58    3.03
-196869.277    42.703     3.79    3.06
-196492.732    43.526     2.19    2.41
-196116.204    43.958     1.15    1.84
-195739.694    43.594    -0.97    2.01
-195363.201    42.254    -3.56    2.42
-194986.726    40.448    -4.80    2.59
-194610.268    39.117    -3.54    2.39
-194233.827    37.572    -4.11    2.55
-193857.404    36.377    -3.17    2.63
-193480.998    35.231    -3.05    2.73
-193104.610    34.510    -1.91    2.52
-192728.239    34.208    -0.80    2.64
-192351.885    33.760    -1.19    2.87
-191975.548    34.140     1.01    3.21
-191599.229    33.822    -0.85    3.48
-191222.927    33.173    -1.72    3.79
-190846.642    32.935    -0.63    3.84
-190470.375    32.269    -1.77    4.00
-190094.125    31.390    -2.34    3.90
-189717.893    30.773    -1.64    3.84
-189341.677    29.168    -4.27    3.54
-188965.479    27.935    -3.28    3.08
-188589.299    27.160    -2.06    2.78
-188213.135    27.004    -0.42    2.85
-187836.989    26.460    -1.44    2.67
-187460.860    26.745     0.76    3.42
-187084.749    26.191    -1.47    3.15
-186708.655    25.610    -1.55    3.15
-186332.578    24.867    -1.97    3.11
-185956.518    24.448    -1.12    3.74
-185580.475    24.049    -1.06    3.69
-185204.450    23.578    -1.25    3.60
-184828.442    23.867     0.77    3.47
-184452.452    23.726    -0.38    3.31
-184076.478    23.252    -1.26    3.14
-183700.522    22.140    -2.96    3.43
-183324.583    21.635    -1.34    3.64
-182948.661    20.912    -1.93    3.42
-182572.757    20.005    -2.41    3.52
-182196.869    19.005    -2.66    3.40
-181820.999    18.049    -2.54    2.94
-181445.146    17.660    -1.03    3.23
-181069.311    17.458    -0.54    3.15
-180693.492    17.130    -0.87    2.83
-180317.691    16.602    -1.41    2.43
-179941.907    15.866    -1.96    2.32
-179566.140    15.388    -1.27    2.07
-179190.391    14.958    -1.14    1.92
-178814.658    14.435    -1.39    1.85
-178438.943    14.680     0.65    2.74
-178063.245    15.470     2.10    3.59
-177687.564    16.822     3.60    4.05
-177311.900    18.354     4.08    4.68
-176936.254    19.460     2.95    4.11
-176560.624    20.935     3.93    3.67
-176185.012    21.031     0.25    4.29
-175809.417    21.507     1.27    4.78
-175433.839    23.354     4.92    4.70
-175058.278    24.447     2.91    4.32
-174682.735    25.594     3.06    4.07
-174307.208    27.007     3.76    4.18
-173931.699    27.435     1.14    3.47
-173556.206    27.098    -0.90    3.11
-173180.731    26.412    -1.83    3.36
-172805.273    23.640    -7.38    2.99
-172429.832    21.626    -5.37    2.97
-172054.409    20.180    -3.85    3.05
-171679.002    18.412    -4.71    3.13
-171303.612    16.935    -3.93    3.50
-170928.240    16.005    -2.48    3.20
-170552.884    14.708    -3.46    2.84
-170177.546    14.075    -1.69    2.48
-169802.225    14.816     1.98    2.89
-169426.921    16.344     4.07    4.83
-169051.634    18.075     4.61    5.78
-168676.364    19.507     3.82    6.05
-168301.111    20.866     3.62    4.91
-167925.875    21.435     1.52    3.51
-167550.656    23.026     4.24    3.55
-167175.454    25.197     5.79    3.64
-166800.270    26.844     4.39    3.54
-166425.102    28.354     4.02    2.40
-166049.951    28.721     0.98    2.17
-165674.818    27.754    -2.58    2.53
-165299.701    26.594    -3.09    2.40
-164924.602    26.224    -0.99    2.44
-164549.519    25.578    -1.72    2.57
-164174.454    24.447    -3.02    2.93
-163799.406    24.316    -0.35    3.04
-163424.374    23.572    -1.99    3.52
-163049.360    22.049    -4.06    3.92
-162674.362    21.399    -1.73    4.81
-162299.382    20.594    -2.15    4.98
-161924.419    19.633    -2.56    4.82
-161549.472    18.292    -3.58    5.40
-161174.543    16.261    -5.42    5.83
-160799.630    14.413    -4.93    5.59
-160424.735    13.912    -1.34    5.33
-160049.857    13.710    -0.54    5.04
-159674.995    13.913     0.54    4.74
-159300.151    13.656    -0.68    4.22
-158925.323    12.507    -3.07    4.21
-158550.512    10.866    -4.38    3.44
-158175.719     9.563    -3.48    3.66
-157800.942     8.049    -4.04    3.15
-157426.182     7.326    -1.93    2.94
-157051.440     6.254    -2.86    1.88
-156676.714     6.082    -0.46    1.56
-156302.005     5.888    -0.52    1.38
-155927.313     5.610    -0.74    1.27
-155552.638     5.435    -0.47    1.25
-155177.980     5.413    -0.06    1.11
-154803.338     5.301    -0.30    0.92
-154428.714     5.435     0.36    0.85
-154054.107     5.245    -0.51    0.95
-153679.516     4.958    -0.77    0.98
-153304.943     4.773    -0.50    0.95
-152930.386     4.740    -0.09    1.03
-152555.846     4.458    -0.75    1.07
-152181.323     4.535     0.21    1.01
-151806.817     4.367    -0.45    1.04
-151432.328     4.261    -0.28    0.99
-151057.856     4.424     0.43    1.08
-150683.400     4.276    -0.39    1.18
-150308.962     4.160    -0.31    1.35
-149934.540     4.072    -0.24    1.27
-149560.135     4.294     0.59    1.40
-149185.747     4.749     1.22    1.65
-148811.376     5.470     1.93    1.52
-148437.022     6.098     1.68    1.63
-148062.685     7.458     3.63    3.25
-147688.364     9.135     4.48    3.80
-147314.060    11.935     7.48    5.05
-146939.773    15.510     9.55    4.94
-146565.503    17.254     4.66    3.61
-146191.250    18.481     3.28    2.62
-145817.014    18.587     0.28    2.14
-145442.794    18.254    -0.89    1.27
-145068.591    18.777     1.40    1.53
-144694.405    19.163     1.03    1.52
-144320.236    19.269     0.28    1.54
-143946.084    19.158    -0.30    1.49
-143571.948    18.890    -0.72    1.51
-143197.829    18.721    -0.45    1.62
-142823.727    18.935     0.57    1.73
-142449.642    18.705    -0.62    1.40
-142075.573    18.640    -0.17    1.41
-141701.522    18.493    -0.39    1.30
-141327.487    18.322    -0.46    1.24
-140953.469    18.458     0.36    1.11
-140579.467    18.435    -0.06    1.13
-140205.483    18.640     0.55    1.27
-139831.515    19.038     1.06    1.25
-139457.564    19.504     1.25    1.63
-139083.629    19.842     0.91    1.54
-138709.711    19.935     0.25    1.58
-138335.811    19.168    -2.05    2.02
-137961.926    18.705    -1.24    2.23
-137588.059    17.890    -2.18    2.49
-137214.208    17.204    -1.84    2.29
-136840.374    16.435    -2.06    2.34
-136466.557    15.726    -1.90    2.28
-136092.756    15.276    -1.20    2.05
-135718.972    14.822    -1.22    1.86
-135345.205    14.730    -0.24    1.91
-134971.455    14.617    -0.30    1.09
-134597.721    14.935     0.85    1.28
-134224.004    15.703     2.05    1.52
-133850.303    16.145     1.18    1.63
-133476.620    16.052    -0.25    1.71
-133102.953    15.981    -0.19    1.90
-132729.302    15.371    -1.63    2.01
-132355.669    14.754    -1.65    1.24
-131981.138    14.840     0.23    1.39
-131604.171    15.390     1.46    1.55
-131227.221    15.640     0.66    1.58
-130850.289    15.643     0.01    1.42
-130473.373    15.413    -0.61    1.27
-130096.474    15.110    -0.80    1.34
-129719.592    14.867    -0.65    1.23
-129342.727    15.075     0.55    1.26
-128965.880    15.005    -0.19    0.99
-128589.049    15.504     1.32    1.44
-128212.235    16.140     1.69    1.75
-127835.438    16.594     1.20    1.70
-127458.657    16.888     0.78    1.58
-127081.894    16.731    -0.42    1.62
-126705.148    16.481    -0.66    1.59
-126328.419    16.360    -0.32    1.48
-125951.706    15.935    -1.13    1.31
-125575.011    15.320    -1.63    1.09
-125198.332    14.981    -0.90    0.94
-124821.671    14.749    -0.61    0.82
-124445.026    14.754     0.01    0.79
-124068.398    14.731    -0.06    0.79
-123691.787    14.833     0.27    0.94
-123315.193    15.140     0.82    1.02
-122938.616    15.221     0.22    1.11
-122562.055    15.299     0.21    1.30
-122185.512    15.446     0.39    1.25
-121808.985    15.510     0.17    1.15
-121432.476    15.549     0.10    1.15
-121055.983    15.856     0.82    1.28
-120679.507    16.208     0.93    1.40
-120303.048    16.331     0.33    1.47
-119926.606    16.708     1.00    1.38
-119550.180    16.754     0.12    1.19
-119173.772    17.199     1.18    1.64
-118797.380    17.754     1.47    1.65
-118421.005    18.277     1.39    1.67
-118044.647    19.117     2.23    1.86
-117668.306    19.572     1.21    1.83
-117291.982    20.135     1.50    1.91
-116915.674    20.526     1.04    1.88
-116539.383    20.856     0.88    1.85
-116163.109    21.049     0.51    1.81
-115786.852    21.400     0.93    1.82
-115410.612    22.028     1.67    2.04
-115034.388    23.072     2.77    2.43
-114658.182    24.356     3.42    2.40
-114281.992    25.890     4.08    2.92
-113905.819    27.760     4.97    2.30
-113529.662    28.163     1.07    2.08
-113153.523    27.754    -1.09    3.10
-112777.400    27.098    -1.74    3.44
-112401.294    25.708    -3.70    4.01
-112025.205    24.856    -2.26    3.45
-111649.132    24.958     0.27    3.28
-111273.077    24.703    -0.68    3.46
-110897.038    24.935     0.62    3.29
-110521.015    24.749    -0.49    3.05
-110145.010    24.423    -0.87    2.28
-109769.021    24.094    -0.87    1.92
-109393.049    24.089    -0.01    2.18
-109017.094    24.413     0.86    2.37
-108641.155    25.344     2.48    3.10
-108265.233    26.121     2.07    2.94
-107889.328    27.004     2.35    2.82
-107513.440    28.199     3.18    2.30
-107137.568    28.958     2.02    2.42
-106761.713    30.098     3.03    2.45
-106385.875    30.935     2.23    3.06
-106010.054    30.731    -0.54    3.65
-105634.249    29.235    -3.98    4.62
-105258.461    27.413    -4.85    4.06
-104882.689    25.397    -5.36    3.14
-104506.934    24.191    -3.21    2.27
-104131.196    22.799    -3.71    1.82
-103755.475    22.796    -0.01    2.01
-103379.770    22.867     0.19    2.03
-103004.082    22.777    -0.24    2.15
-102628.411    22.526    -0.67    2.05
-102252.756    21.726    -2.13    1.68
-101877.118    21.140    -1.56    1.25
-101501.496    21.284     0.38    1.43
-101125.892    21.585     0.80    1.53
-100750.303    21.776     0.51    1.52
-100374.732    21.705    -0.19    1.55
 -99999.177    21.390    -0.84    1.55
 -99623.639    20.633    -2.02    1.75
 -99248.117    19.796    -2.23    2.42
 -98872.612    18.799    -2.65    2.37
 -98497.124    18.269    -1.41    2.42
 -98121.652    17.413    -2.28    2.72
 -97746.197    15.910    -4.00    3.06
 -97370.758    14.191    -4.58    2.55
 -96995.336    13.049    -3.04    1.87
 -96619.931    12.388    -1.76    1.47
 -96244.542    12.663     0.73    2.17
 -95869.170    14.146     3.95    2.99
 -95493.815    15.413     3.38    3.09
 -95118.476    16.470     2.82    3.03
 -94743.153    17.572     2.93    2.56
 -94367.847    17.587     0.04    2.17
 -93992.558    18.115     1.41    2.11
 -93617.285    18.572     1.22    2.38
 -93242.029    18.660     0.24    2.56
 -92866.790    18.208    -1.21    2.55
 -92491.567    17.842    -0.97    2.62
 -92116.360    17.726    -0.31    2.34
 -91741.170    17.458    -0.71    1.44
 -91365.997    17.423    -0.09    1.50
 -90990.840    17.004    -1.12    1.39
 -90615.700    17.412     1.09    1.95
 -90240.576    18.504     2.91    2.99
 -89865.469    18.691     0.50    2.87
 -89490.378    18.835     0.39    2.77
 -89115.304    18.594    -0.64    2.30
 -88740.246    18.435    -0.42    1.93
 -88365.205    18.526     0.24    2.02
 -87990.180    18.656     0.35    1.98
 -87615.172    18.121    -1.43    1.28
 -87240.180    18.982     2.29    2.12
 -86865.205    19.961     2.61    3.14
 -86490.247    20.413     1.20    3.36
 -86115.304    21.135     1.93    3.61
 -85740.379    20.982    -0.41    3.50
 -85365.469    21.587     1.61    3.43
 -84990.577    22.792     3.22    3.24
 -84615.700    24.822     5.41    2.77
 -84240.840    25.525     1.88    1.76
 -83865.997    24.867    -1.76    1.65
 -83491.170    24.078    -2.11    1.98
 -83116.360    23.168    -2.43    1.66
 -82741.566    22.650    -1.38    1.35
 -82366.788    23.130     1.28    1.65
 -81992.027    23.958     2.21    1.95
 -81617.282    24.410     1.21    1.93
 -81242.554    24.866     1.21    1.62
 -80867.842    25.005     0.37    1.71
 -80493.147    24.912    -0.25    1.58
 -80118.468    24.864    -0.13    1.67
 -79743.805    24.685    -0.48    1.81
 -79369.159    24.958     0.73    1.73
 -78994.529    24.810    -0.39    1.65
 -78619.916    24.602    -0.56    1.69
 -78245.319    23.981    -1.66    1.46
 -77870.738    23.554    -1.14    0.88
 -77496.174    23.656     0.27    0.91
 -77121.626    23.626    -0.08    0.81
 -76747.095    24.121     1.32    1.38
 -76372.580    24.912     2.11    2.67
 -75998.081    26.004     2.92    2.92
 -75623.599    27.031     2.74    2.50
 -75249.133    27.983     2.54    2.50
 -74874.684    28.470     1.30    2.56
 -74500.250    28.864     1.05    3.01
 -74125.834    28.617    -0.66    3.71
 -73751.433    27.959    -1.76    3.91
 -73377.049    27.331    -1.68    3.55
 -73002.681    26.168    -3.11    2.97
 -72628.330    26.214     0.12    2.49
 -72253.995    25.889    -0.87    2.54
 -71879.676    24.792    -2.93    2.51
 -71505.373    23.413    -3.69    2.42
 -71131.087    22.276    -3.04    1.99
 -70756.818    21.626    -1.74    1.39
 -70382.564    21.261    -0.98    1.04
 -70008.327    21.214    -0.12    1.18
 -69634.106    21.238     0.06    1.06
 -69259.902    21.150    -0.24    1.00
 -68885.713    21.126    -0.06    1.06
 -68511.541    21.358     0.62    1.08
 -68137.386    21.703     0.92    1.29
 -67763.246    21.867     0.44    1.34
 -67389.123    21.819    -0.13    1.42
 -67015.017    21.981     0.43    1.41
 -66640.926    21.890    -0.24    1.46
 -66266.852    22.354     1.24    1.68
 -65892.794    21.587    -2.05    2.30
 -65518.752    21.163    -1.13    2.73
 -65144.727    21.493     0.88    3.30
 -64770.717    21.663     0.45    3.32
 -64396.724    22.331     1.79    3.16
 -64022.748    22.840     1.36    2.66
 -63648.787    22.412    -1.15    2.76
 -63274.843    21.796    -1.65    2.46
 -62900.915    21.663    -0.36    2.41
 -62527.003    21.792     0.35    2.39
 -62153.108    21.731    -0.16    1.97
 -61779.229    21.572    -0.43    1.75
 -61405.366    21.578     0.02    1.94
 -61031.519    21.842     0.71    1.85
 -60657.688    22.028     0.50    1.59
 -60283.874    21.819    -0.56    1.76
 -59910.075    21.331    -1.31    1.61
 -59536.293    21.117    -0.57    1.57
 -59162.528    20.888    -0.61    1.53
 -58788.778    20.810    -0.21    1.57
 -58415.045    20.935     0.33    1.74
 -58041.327    21.035     0.27    1.84
 -57667.626    21.459     1.13    1.84
 -57293.941    21.540     0.22    2.05
 -56917.918    21.517    -0.06    2.11
 -56540.998    21.493    -0.06    1.97
 -56164.093    21.660     0.44    2.14
 -55787.205    21.799     0.37    2.03
 -55410.334    21.496    -0.80    1.64
 -55033.479    21.049    -1.19    1.60
 -54656.640    20.126    -2.45    1.71
 -54279.818    18.160    -5.22    3.09
 -53903.012    16.640    -4.04    3.23
 -53526.223    16.710     0.19    3.36
 -53149.450    17.626     2.43    3.76
 -52772.694    19.354     4.59    2.82
 -52395.954    20.292     2.49    1.94
 -52019.230    20.140    -0.41    1.81
 -51642.523    20.472     0.88    1.85
 -51265.833    20.526     0.14    2.03
 -50889.158    20.716     0.50    2.12
 -50512.500    20.799     0.22    1.97
 -50135.859    20.864     0.17    1.85
 -49759.234    20.860    -0.01    1.53
 -49382.625    20.435    -1.13    1.36
 -49006.033    20.185    -0.66    1.28
 -48629.457    19.745    -1.17    0.86
 -48252.897    19.889     0.38    1.05
 -47876.354    19.840    -0.13    1.08
 -47499.827    20.026     0.49    1.07
 -47123.317    20.060     0.09    1.18
 -46746.823    19.680    -1.01    0.95
 -46370.345    20.245     1.50    1.67
 -45993.884    20.470     0.60    2.07
 -45617.439    20.447    -0.06    2.24
 -45241.011    20.210    -0.63    2.00
 -44864.598    19.435    -2.06    1.47
 -44488.202    19.448     0.03    1.55
 -44111.823    19.626     0.47    1.57
 -43735.460    19.819     0.51    1.64
 -43359.113    19.983     0.44    1.56
 -42982.782    19.890    -0.25    1.12
 -42606.468    19.585    -0.81    0.86
 -42230.170    20.168     1.55    1.69
 -41853.888    20.126    -0.11    1.85
 -41477.623    20.238     0.30    2.01
 -41101.374    20.493     0.68    2.04
 -40725.141    20.385    -0.29    2.00
 -40348.925    20.344    -0.11    1.97
 -39972.725    20.326    -0.05    1.70
 -39596.541    20.054    -0.72    1.64
 -39220.373    19.912    -0.38    1.12
 -38844.222    20.197     0.76    1.08
 -38468.087    20.049    -0.39    0.97
 -38091.968    20.012    -0.10    0.93
 -37715.866    19.935    -0.20    0.91
 -37339.780    20.078     0.38    0.84
 -36963.710    20.214     0.36    0.93
 -36587.656    20.191    -0.06    1.03
 -36211.619    20.160    -0.08    1.07
 -35835.598    20.572     1.09    1.63
 -35459.593    21.960     3.69    3.08
 -35083.604    23.602     4.37    3.52
 -34707.632    25.261     4.41    3.12
 -34331.676    25.888     1.67    2.47
 -33955.736    25.572    -0.84    2.37
 -33579.812    24.705    -2.31    2.10
 -33203.904    23.526    -3.13    1.30
 -32828.013    22.769    -2.02    1.36
 -32452.138    22.400    -0.98    1.45
 -32076.279    21.633    -2.04    1.70
 -31700.437    21.010    -1.66    1.85
 -31324.610    20.185    -2.20    2.19
 -30948.800    19.082    -2.94    2.29
 -30573.006    18.578    -1.34    2.25
 -30197.228    17.959    -1.65    2.36
 -29821.466    16.507    -3.86    3.38
 -29445.721    12.799    -9.87    5.51
 -29069.992     9.653    -8.37    5.02
 -28694.279     9.663     0.02    4.84
 -28318.582    11.842     5.80    5.66
 -27942.901    15.331     9.29    4.85
 -27567.236    18.145     7.49    2.38
 -27191.588    18.488     0.91    2.40
 -26815.955    18.458    -0.08    1.91
 -26440.339    18.525     0.18    1.96
 -26064.739    18.842     0.84    2.11
 -25689.155    19.367     1.40    2.30
 -25313.588    19.447     0.21    2.27
 -24938.036    18.844    -1.60    1.65
 -24562.501    18.330    -1.37    1.48
 -24186.981    18.390     0.16    1.25
 -23811.478    18.331    -0.16    1.28
 -23435.991    18.377     0.12    1.18
 -23060.520    18.889     1.36    1.56
 -22685.065    19.166     0.74    1.68
 -22309.626    19.481     0.84    1.44
 -21934.204    19.910     1.14    1.42
 -21558.797    20.075     0.44    1.13
 -21183.407    20.140     0.17    1.13
 -20808.032    20.284     0.38    1.09
 -20432.674    20.299     0.04    1.06
 -20057.332    20.041    -0.69    1.03
 -19682.006    19.776    -0.70    1.40
 -19306.696    19.261    -1.37    1.73
 -18931.402    19.163    -0.26    2.19
 -18556.124    19.587     1.13    1.84
 -18180.862    20.166     1.54    1.29
 -17805.616    20.481     0.84    1.07
 -17430.387    20.397    -0.22    1.14
 -17055.173    20.483     0.23    1.25
 -16679.975    20.005    -1.27    1.24
 -16304.794    19.680    -0.87    1.22
 -15929.628    18.799    -2.35    3.04
 -15554.479    17.782    -2.71    5.37
 -15179.345    16.390    -3.71    8.04
 -14804.228    15.269    -2.99    9.35
 -14429.127    14.231    -2.77    9.78
 -14054.041    13.792    -1.17    9.91
 -13678.972    13.910     0.31    9.98
 -13303.919    15.390     3.94   10.51
 -12928.881    14.810    -1.55    9.82
 -12553.860    14.238    -1.53    9.31
 -12178.855    14.400     0.43    8.30
 -11803.865    14.340    -0.16    6.94
 -11428.892    13.889    -1.20    7.20
 -11053.935    13.166    -1.93    8.09
 -10678.993    11.958    -3.22    8.67
 -10304.068    10.985    -2.59    9.02
  -9929.159     8.983    -5.34    9.10
  -9554.265     6.331    -7.07    8.21
  -9179.388     3.838    -6.65    6.57
  -8804.526     2.413    -3.80    5.83
  -8429.681     2.326    -0.23    5.55
  -8054.851     1.935    -1.04    5.09
  -7680.037     2.840     2.41    5.75
  -7305.240     3.173     0.89    6.33
  -6930.458     3.531     0.95    6.44
  -6555.692     2.496    -2.76    4.65
  -6180.943     1.640    -2.29    2.28
  -5806.209     1.960     0.85    2.36
  -5431.491     1.935    -0.07    2.38
  -5056.789     1.842    -0.25    2.42
  -4682.103     1.673    -0.45    2.37
  -4307.432     1.680     0.02    2.37
  -3932.778     2.075     1.06    2.48
  -3558.140     2.331     0.68    2.43
  -3183.517     2.245    -0.23    2.39
  -2808.911     2.098    -0.39    2.31
  -2434.320     2.377     0.75    2.74
  -2059.745     2.493     0.31    2.80
  -1685.187     2.331    -0.43    2.81
  -1310.644     2.191    -0.37    3.01
   -936.117     1.626    -1.51    2.90
   -561.605     0.888    -1.97    2.14
   -187.110     0.221    -1.78    1.13
    187.369     0.191    -0.08    1.00
    561.833     0.163    -0.08    1.05
    936.281     0.028    -0.36    0.61
   1310.712     0.098     0.19    0.75
   1685.128    -0.065    -0.43    0.00
   2059.529    -0.017     0.13    0.31
   2433.913     0.191     0.56    1.00
   2808.281     0.617     1.14    1.46
   3182.634     0.842     0.60    1.62
   3556.971     1.307     1.24    1.94
   3931.292     1.400     0.25    2.00
   4305.597     1.844     1.19    2.43
   4679.886     1.745    -0.27    2.45
   5054.159     1.261    -1.29    2.38
   5428.417     0.866    -1.06    2.20
   5802.659     0.221    -1.72    1.20
   6176.885     0.470     0.67    1.56
   6551.095     1.078     1.62    2.04
   6925.289     1.507     1.15    2.10
   7299.468     2.517     2.70    2.26
   7673.631     2.912     1.06    2.05
   8047.778     3.423     1.37    2.15
   8421.909     3.549     0.34    2.23
   8796.024     4.031     1.29    2.59
   9170.124     4.235     0.55    2.62
   9544.208     3.799    -1.17    2.75
   9918.276     3.435    -0.97    2.52
  10292.328     3.459     0.06    2.72
  10666.365     3.126    -0.89    2.46
  11040.386     3.447     0.86    2.72
  11414.391     2.726    -1.93    2.84
  11788.380     1.804    -2.47    2.63
  12162.353     1.276    -1.41    2.45
  12536.311     0.160    -2.98    0.83
  12910.253     0.005    -0.42    0.46
  13284.179    -0.042    -0.13    0.15
  13658.090    -0.065    -0.06    0.00
  14031.985     0.163     0.61    1.51
  14405.864    -0.065    -0.61    0.00
  14779.727    -0.065     0.00    0.00
  15153.575    -0.065     0.00    0.00
  15527.407    -0.065     0.00    0.00
  15901.223    -0.065     0.00    0.00
  16275.024     0.166     0.62    1.06
  16648.809     1.913     4.67    3.30
  17022.578     3.514     4.29    3.67
  17396.331     5.026     4.05    3.44
  17770.601     6.587     4.17    2.58
  18147.490     6.517    -0.19    2.30
  18524.363     6.254    -0.70    2.52
  18901.220     6.756     1.33    2.74
  19278.062     6.799     0.11    2.79
  19654.887     6.889     0.24    2.82
  20031.697     6.796    -0.25    2.61
  20408.490     7.052     0.68    2.36
  20785.268     7.166     0.30    1.95
  21162.029     6.822    -0.91    1.65
  21538.775     7.110     0.77    1.52
  21915.505     7.307     0.52    1.81
  22292.218     7.470     0.43    2.03
  22668.916     7.789     0.85    2.04
  23045.598     7.981     0.51    2.36
  23422.264     7.488    -1.31    2.70
  23798.914     7.367    -0.32    2.49
  24175.548     6.959    -1.08    2.02
  24552.167     6.703    -0.68    2.09
  24928.769     6.935     0.62    2.07
  25305.356     7.038     0.27    2.35
  25681.926     7.504     1.24    2.40
  26058.481     8.179     1.79    2.65
  26435.020     9.261     2.87    2.83
  26811.543     9.935     1.79    2.78
  27188.050    10.385     1.20    2.96
  27564.541    10.231    -0.41    2.71
  27941.016     9.514    -1.90    2.65
  28317.475     9.656     0.38    2.65
  28693.919     9.214    -1.17    2.26
  29070.347     8.888    -0.87    1.68
  29446.759     8.640    -0.66    1.85
  29823.155     8.525    -0.30    1.90
  30199.535     8.822     0.79    1.82
  30575.899     8.888     0.18    1.78
  30952.248     8.656    -0.61    1.37
  31328.580     8.912     0.68    1.30
  31704.897     9.064     0.40    1.36
  32081.198     9.163     0.26    1.43
  32457.483     9.035    -0.34    1.35
  32833.752     9.197     0.43    1.61
  33210.006     9.493     0.79    1.88
  33586.244     9.643     0.40    1.85
  33962.465    10.185     1.44    2.17
  34338.672    10.535     0.93    2.51
  34714.862    10.721     0.49    2.29
  35091.036    11.145     1.13    2.59
  35467.195    11.745     1.60    2.59
  35843.338    12.340     1.58    2.57
  36219.465    13.085     1.98    2.29
  36595.576    12.413    -1.79    2.28
  36971.672    12.185    -0.60    2.10
  37347.752    12.197     0.03    2.06
  37723.816    12.075    -0.33    2.37
  38099.864    12.326     0.67    2.41
  38475.896    12.098    -0.60    2.52
  38851.913    11.887    -0.56    2.32
  39227.914    12.126     0.64    2.41
  39603.899    12.052    -0.20    1.90
  39979.869    12.650     1.59    2.19
  40355.822    13.459     2.15    2.72
  40731.760    13.840     1.01    3.12
  41107.683    14.005     0.44    2.86
  41483.589    13.813    -0.51    2.32
  41859.480    13.121    -1.84    1.91
  42235.355    13.292     0.46    2.09
  42611.214    13.721     1.14    2.49
  42987.058    13.507    -0.57    2.59
  43362.886    14.031     1.39    2.52
  43738.698    14.231     0.53    2.40
  44114.495    13.844    -1.03    2.20
  44490.275    14.102     0.69    1.89
  44866.040    14.228     0.34    1.69
  45241.790    14.331     0.27    1.62
  45617.524    14.173    -0.42    1.71
  45993.242    14.316     0.38    1.90
  46368.944    14.470     0.41    1.91
  46744.631    14.284    -0.50    2.06
  47120.302    14.214    -0.19    1.89
  47495.957    14.307     0.25    1.60
  47871.596    14.400     0.25    1.49
  48247.220    14.340    -0.16    1.61
  48622.829    14.126    -0.57    1.92
  48998.421    14.316     0.51    2.00
  49373.998    14.284    -0.09    1.93
  49749.560    14.191    -0.25    2.18
  50125.106    14.447     0.68    2.03
  50500.636    14.935     1.30    2.22
  50876.150    15.340     1.08    2.48
  51251.649    15.680     0.90    2.64
  51627.132    15.685     0.02    2.57
  52002.600    15.610    -0.20    2.35
  52378.052    16.424     2.17    2.84
  52753.488    17.819     3.72    3.03
  53128.909    18.459     1.70    2.97
  53504.314    18.340    -0.32    2.99
  53879.703    18.377     0.10    2.96
  54255.077    18.145    -0.62    2.45
  54630.435    18.483     0.90    2.33
  55005.778    18.483     0.00    2.73
  55381.105    18.004    -1.28    2.94
  55756.417    18.316     0.83    3.04
  56131.713    18.078    -0.63    2.89
  56506.993    17.769    -0.82    2.62
  56882.258    17.935     0.44    2.45
  57257.507    17.121    -2.17    2.22
  57632.741    17.602     1.28    2.74
  58007.959    18.054     1.21    3.01
  58383.161    18.292     0.63    3.01
  58758.348    18.126    -0.44    3.03
  59133.520    19.269     3.05    2.75
  59508.676    20.168     2.40    3.22
  59883.816    20.792     1.66    3.32
  60258.941    20.785    -0.02    3.36
  60634.050    20.572    -0.57    3.42
  61009.144    21.496     2.46    3.61
  61384.222    20.912    -1.56    3.95
  61759.285    20.470    -1.18    4.49
  62134.332    20.126    -0.92    4.27
  62509.363    20.276     0.40    4.18
  62884.379    21.653     3.67    4.56
  63259.380    21.913     0.69    4.87
  63634.365    20.650    -3.37    5.05
  64009.335    20.121    -1.41    5.11
  64384.289    18.656    -3.91    3.81
  64759.227    18.409    -0.66    3.49
  65134.150    19.049     1.71    4.13
  65509.058    18.833    -0.58    4.06
  65883.950    20.459     4.34    5.15
  66258.827    21.958     4.00    5.23
  66633.688    22.810     2.27    4.66
  67008.534    22.731    -0.21    4.73
  67383.364    23.014     0.76    4.84
  67758.179    23.708     1.85    4.54
  68132.978    23.388    -0.85    4.78
  68507.762    23.844     1.22    4.33
  68882.530    24.284     1.17    4.01
  69257.283    25.243     2.56    3.36
  69632.021    25.663     1.12    2.92
  70006.743    24.987    -1.80    3.36
  70381.449    24.377    -1.63    4.17
  70756.140    23.493    -2.36    4.66
  71130.816    22.862    -1.68    4.69
  71505.476    22.026    -2.23    4.38
  71880.121    22.120     0.25    4.05
  72254.751    23.004     2.36    4.32
  72629.365    23.866     2.30    4.85
  73003.963    24.168     0.81    5.10
  73378.547    24.221     0.14    5.01
  73753.114    23.730    -1.31    4.85
  74127.667    25.185     3.88    4.89
  74502.204    25.785     1.60    3.98
  74876.725    26.221     1.16    3.85
  75251.232    25.889    -0.89    4.33
  75625.723    24.813    -2.87    4.56
  76000.198    23.168    -4.39    4.24
  76374.658    22.260    -2.42    3.65
  76749.103    21.673    -1.57    3.31
  77123.532    20.887    -2.10    2.24
  77497.946    20.377    -1.36    1.78
  77872.345    20.007    -0.99    1.45
  78246.728    19.912    -0.25    1.26
  78621.096    20.102     0.51    1.59
  78995.448    20.388     0.76    1.55
  79369.786    20.493     0.28    1.52
  79744.107    20.673     0.48    1.29
  80118.414    20.602    -0.19    1.26
  80492.705    20.517    -0.23    1.45
  80866.981    20.493    -0.06    1.47
  81241.241    20.563     0.19    1.92
  81615.487    21.245     1.82    2.61
  81989.716    21.765     1.39    2.50
  82363.931    22.773     2.69    2.89
  82738.130    22.610    -0.44    2.78
  83112.314    22.331    -0.75    2.74
  83486.483    21.377    -2.55    2.46
  83860.636    20.842    -1.43    2.14
  84234.774    20.650    -0.51    1.70
  84608.897    21.126     1.27    1.77
  84983.004    21.656     1.42    2.00
  85357.096    22.031     1.00    1.83
  85731.173    21.792    -0.64    1.92
  86105.234    21.673    -0.32    2.18
  86479.281    21.155    -1.39    1.62
  86853.312    21.910     2.02    2.56
  87227.327    22.656     1.99    2.83
  87601.328    22.860     0.55    2.76
  87975.313    22.316    -1.45    2.41
  88349.283    21.697    -1.66    2.12
  88723.237    21.307    -1.04    1.02
  89097.177    21.245    -0.17    0.98
  89471.101    21.172    -0.19    1.00
  89845.010    21.004    -0.45    1.07
  90218.904    21.135     0.35    1.24
  90592.782    20.888    -0.66    1.10
  90966.645    20.935     0.13    1.15
  91340.493    21.168     0.62    1.27
  91714.326    21.981     2.17    1.70
  92088.144    22.356     1.00    2.06
  92461.946    23.322     2.58    2.63
  92837.616    23.697     1.00    2.57
  93214.461    23.935     0.63    2.46
  93591.291    23.745    -0.51    2.47
  93968.105    23.448    -0.79    1.86
  94344.904    23.072    -1.00    1.84
  94721.688    23.089     0.05    1.74
  95098.455    23.563     1.26    2.07
  95475.208    24.028     1.23    2.20
  95851.945    24.038     0.03    2.36
  96228.666    23.890    -0.39    2.54
  96605.372    23.397    -1.31    2.72
  96982.063    24.388     2.63    3.38
  97358.738    24.842     1.21    3.22
  97735.398    24.935     0.25    3.43
  98112.042    24.481    -1.21    3.12
  98488.671    23.962    -1.38    3.09
  98865.285    23.913    -0.13    2.86
  99241.883    23.633    -0.74    2.37
  99618.466    24.075     1.17    2.56
  99995.033    25.284     3.21    2.62
 100371.585    25.782     1.32    2.80
 100748.121    26.890     2.94    3.26
 101124.642    28.160     3.37    3.63
 101501.148    29.102     2.50    4.28
 101877.638    28.618    -1.28    4.49
 102254.113    28.460    -0.42    4.68
 102630.572    26.913    -4.11    4.44
 103007.016    27.646     1.95    5.07
 103383.445    29.680     5.40    5.33
 103759.858    31.517     4.88    4.58
 104136.256    31.054    -1.23    4.28
 104512.639    29.413    -4.36    4.21
 104889.006    28.064    -3.58    3.50
 105265.358    27.890    -0.46    2.89
 105641.695    28.626     1.96    3.13
 106018.016    29.796     3.11    3.11
 106394.322    29.745    -0.14    3.62
 106770.612    29.448    -0.79    3.92
 107146.887    29.254    -0.52    3.68
 107523.147    28.885    -0.98    3.23
 107899.392    29.054     0.45    2.67
 108275.621    28.745    -0.82    2.86
 108651.835    28.716    -0.08    3.09
 109028.033    29.594     2.34    3.13
 109404.216    30.350     2.01    3.11
 109780.384    30.983     1.68    3.08
 110156.537    31.796     2.16    3.43
 110532.674    31.102    -1.84    3.93
 110908.796    29.507    -4.24    4.46
 111284.903    27.660    -4.91    4.09
 111660.994    26.888    -2.05    2.80
 112037.070    27.423     1.42    3.06
 112413.131    27.745     0.86    3.34
 112789.176    27.816     0.19    3.08
 113165.207    27.126    -1.84    2.95
 113541.222    26.626    -1.33    2.69
 113917.221    26.912     0.76    3.02
 114293.206    27.221     0.82    3.34
 114669.175    27.435     0.57    3.06
 115045.129    28.007     1.52    3.58
 115421.067    28.578     1.52    3.50
 115796.991    29.307     1.94    3.96
 116172.899    29.150    -0.42    3.95
 116548.792    28.292    -2.28    3.25
 116924.669    28.191    -0.27    3.08
 117300.532    28.102    -0.24    2.27
 117676.379    28.168     0.18    2.22
 118052.211    27.792    -1.00    2.36
 118428.028    27.082    -1.89    1.97
 118803.829    26.862    -0.58    1.49
 119179.615    27.982     2.98    3.22
 119555.386    28.493     1.36    3.49
 119931.142    29.799     3.47    4.08
 120306.883    29.563    -0.63    3.70
 120682.608    29.983     1.12    4.39
 121058.319    30.888     2.41    4.78
 121434.014    31.521     1.68    4.62
 121809.693    32.307     2.09    4.27
 122185.358    33.633     3.53    4.35
 122561.007    33.626    -0.02    3.82
 122936.642    33.935     0.82    4.06
 123312.261    32.540    -3.71    4.01
 123687.865    31.650    -2.37    4.43
 124063.454    30.983    -1.77    4.69
 124439.027    30.316    -1.77    4.33
 124814.585    30.578     0.70    4.63
 125190.129    30.075    -1.34    4.00
 125565.657    29.412    -1.77    3.54
 125941.170    28.769    -1.71    3.22
 126316.668    28.009    -2.02    2.21
 126692.150    28.150     0.38    2.30
 127067.618    28.364     0.57    2.40
 127443.070    28.959     1.58    3.03
 127818.507    28.912    -0.13    3.03
 128193.929    29.057     0.39    3.23
 128569.336    28.913    -0.39    2.77
 128944.728    29.911     2.66    3.70
 129320.105    30.862     2.53    3.90
 129695.467    31.007     0.39    3.94
 130070.813    31.685     1.81    4.18
 130446.144    31.663    -0.06    3.77
 130821.461    32.320     1.75    4.22
 131196.762    32.102    -0.58    4.44
 131572.048    33.054     2.54    4.23
 131947.319    32.680    -1.00    4.57
 132322.575    32.367    -0.83    4.29
 132697.816    32.935     1.51    3.86
 133073.041    33.094     0.42    3.59
 133448.252    33.435     0.91    3.46
 133823.448    32.354    -2.88    3.33
 134198.628    30.912    -3.84    2.98
 134573.793    30.602    -0.82    2.93
 134948.944    32.072     3.92    3.90
 135324.079    34.987     7.77    4.84
 135699.199    37.078     5.58    3.84
 136074.305    38.685     4.28    3.31
 136449.395    38.130    -1.48    3.82
 136824.470    35.799    -6.22    4.06
 137199.530    34.225    -4.20    4.10
 137574.575    32.094    -5.68    2.97
 137949.605    31.005    -2.90    1.50
 138324.620    31.005     0.00    1.58
 138699.620    30.982    -0.06    1.27
 139074.605    31.448     1.24    1.41
 139449.574    31.526     0.21    1.48
 139824.529    31.710     0.49    1.44
 140199.469    31.816     0.28    1.56
 140574.394    31.721    -0.25    1.35
 140949.304    31.740     0.05    1.57
 141324.199    31.913     0.46    1.39
 141699.078    32.217     0.81    1.41
 142073.943    32.388     0.45    1.40
 142448.793    32.626     0.64    1.33
 142823.628    32.364    -0.70    1.15
 143198.448    32.292    -0.19    1.39
 143573.253    32.435     0.38    1.30
 143948.043    32.388    -0.13    1.52
 144322.817    32.374    -0.04    1.52
 144697.577    32.626     0.67    1.46
 145072.322    32.981     0.95    1.28
 145447.052    32.935    -0.12    1.06
 145821.767    33.150     0.57    1.24
 146196.468    33.354     0.55    1.28
 146571.153    33.301    -0.14    1.26
 146945.823    33.269    -0.09    1.16
 147320.478    33.284     0.04    1.11
 147695.119    33.610     0.87    1.36
 148069.744    33.549    -0.16    2.13
 148444.354    33.168    -1.02    2.95
 148818.950    32.816    -0.94    3.76
 149193.531    32.545    -0.72    4.16
 149568.096    33.326     2.08    4.28
 149942.647    33.983     1.75    4.08
 150317.183    34.388     1.08    3.56
 150691.704    34.009    -1.01    2.61
 151066.210    34.540     1.42    1.64
 151440.701    34.721     0.48    1.37
 151815.177    34.983     0.70    1.36
 152189.638    35.521     1.44    1.87
 152564.085    36.340     2.19    1.93
 152938.516    36.448     0.29    2.06
 153312.933    36.745     0.79    1.98
 153687.335    36.626    -0.32    2.15
 154061.722    36.210    -1.11    2.11
 154436.094    35.822    -1.04    2.00
 154810.451    35.371    -1.20    1.97
 155184.793    34.959    -1.10    2.14
 155559.120    35.221     0.70    2.12
 155933.433    34.959    -0.70    2.01
 156307.731    35.168     0.56    1.74
 156682.014    35.383     0.57    1.83
 157056.282    36.594     3.24    2.85
 157430.535    37.910     3.52    3.04
 157804.773    38.578     1.78    3.11
 158178.996    39.470     2.38    2.87
 158553.205    39.679     0.56    3.08
 158927.399    40.072     1.05    3.37
 159301.578    39.830    -0.65    3.72
 159675.742    39.400    -1.15    3.45
 160049.891    37.819    -4.23    2.81
 160424.026    37.292    -1.41    2.09
 160798.145    37.819     1.41    1.72
 161172.250    37.089    -1.95    1.86
 161546.340    36.481    -1.63    1.73
 161920.416    36.228    -0.68    1.63
 162294.476    36.221    -0.02    1.97
 162668.522    36.374     0.41    2.09
 163042.553    36.472     0.26    2.05
 163416.569    36.799     0.87    2.38
 163790.570    36.885     0.23    2.44
 164164.556    38.150     3.38    2.82
 164538.528    39.745     4.27    3.13
 164912.485    40.602     2.29    2.59
 165286.427    42.245     4.39    3.97
 165660.355    42.740     1.32    4.11
 166034.267    42.618    -0.33    4.60
 166408.165    43.521     2.41    4.99
 166782.048    42.364    -3.09    4.99
 167155.917    41.888    -1.27    5.22
 167529.938    42.983     2.93    5.01
 167906.757    43.663     1.80    4.63
 168283.561    44.517     2.27    4.70
 168660.349    45.983     3.89    3.96
 169037.123    45.610    -0.99    4.43
 169413.882    43.078    -6.72    5.28
 169790.626    40.191    -7.66    4.06
 170167.354    38.587    -4.26    2.76
 170544.068    37.721    -2.30    1.41
 170920.767    38.033     0.83    1.70
 171297.451    39.173     3.03    2.93
 171674.120    39.889     1.90    3.66
 172050.774    40.731     2.24    3.41
 172427.413    41.531     2.12    3.48
 172804.037    41.912     1.01    3.25
 173180.646    40.960    -2.53    3.50
 173557.241    39.840    -2.97    3.42
 173933.820    38.959    -2.34    3.05
 174310.384    38.245    -1.90    2.32
 174686.934    38.292     0.13    2.37
 175063.468    38.866     1.52    3.22
 175439.988    39.578     1.89    3.79
 175816.492    40.691     2.96    4.04
 176192.982    41.602     2.42    4.19
 176569.457    42.301     1.86    4.33
 176945.917    42.540     0.63    4.01
 177322.362    43.054     1.37    4.47
 177698.792    43.292     0.63    4.47
 178075.207    43.350     0.15    4.43
 178451.607    43.507     0.42    4.28
 178827.993    43.472    -0.09    4.39
 179204.363    42.983    -1.30    4.58
 179580.719    42.364    -1.64    4.06
 179957.059    43.035     1.78    4.02
 180333.385    45.322     6.07    4.83
 180709.696    47.057     4.61    4.65
 181085.992    47.721     1.76    4.60
 181462.274    47.412    -0.82    4.82
 181838.540    46.835    -1.53    4.92
 182214.792    47.344     1.35    4.76
 182591.028    47.397     0.14    4.58
 182967.250    47.745     0.92    4.46
 183343.457    46.792    -2.53    4.90
 183719.649    46.646    -0.39    5.02
 184095.827    46.166    -1.28    4.92
