# NaN NaN NaN ;Mean Elev.(m), Avg Gradient(m/km), RMS Gradient(m/km) - SRTM1     
#   43.987  -0.154   4.122 ;Mean Elev.(m), Avg Gradient(m/km), RMS Gradient(m/km) - ASTER GDEM
#   49.634  -0.167   3.257 ;Mean Elev.(m), Avg Gradient(m/km), RMS Gradient(m/km) - GMTED2010 
  6    50.146 52438.09068912 49.95 301.793427 -27.277849 29.991
  6    50.036 52438.09068977 50.57 301.792567 -27.274569 29.991
  6    49.980 52438.09069041 47.22 301.791711 -27.271280 34.368
  6    49.863 52438.09069106 37.88 301.790861 -27.268000 34.368
  6    49.839 52438.09069170 30.44 301.790001 -27.264720 34.368
  6    50.214 52438.09069235 38.32 301.789151 -27.261430 34.368
  6    49.938 52438.09069299 47.28 301.788291 -27.258150 34.368
  6    50.092 52438.09069364 41.32 301.787441 -27.254870 34.368
  6    49.823 52438.09069428 30.03 301.786581 -27.251580 34.368
  6    49.637 52438.09069492 26.94 301.785731 -27.248300 34.368
  6    50.060 52438.09069557 34.59 301.784871 -27.245020 34.368
  7    48.753 52473.09068914 32.58 301.797648 -27.277849 20.958
  7    48.443 52473.09068979 30.68 301.796788 -27.274569 20.958
  7    48.247 52473.09069043 25.69 301.795938 -27.271289 20.958
  7    48.357 52473.09069107 22.50 301.795078 -27.267999 20.958
  7    48.554 52473.09069172 27.46 301.794228 -27.264719 20.958
  7    48.718 52473.09069236 30.01 301.793368 -27.261439 20.958
  7    48.640 52473.09069301 33.78 301.792518 -27.258149 20.958
  7    48.443 52473.09069365 37.51 301.791658 -27.254869 20.958
  7    48.332 52473.09069430 29.57 301.790808 -27.251589 20.958
  7    48.245 52473.09069494 29.06 301.789949 -27.248299 36.814
  7    48.893 52473.09069559 31.91 301.789099 -27.245019 36.814
  8    49.431 52508.09065940 49.27 301.801697 -27.278438 27.123
  8    49.140 52508.09066005 47.24 301.800837 -27.275158 27.123
  8    49.147 52508.09066069 43.16 301.799987 -27.271878 27.123
  8    49.218 52508.09066134 49.08 301.799127 -27.268588 27.123
  8    49.014 52508.09066198 43.42 301.798277 -27.265308 27.123
  8    49.132 52508.09066263 34.77 301.797417 -27.262028 27.123
  8    48.886 52508.09066327 40.85 301.796567 -27.258738 27.123
  8    49.050 52508.09066392 46.63 301.795707 -27.255458 27.123
  8    49.063 52508.09066456 44.09 301.794857 -27.252178 27.123
  8    48.815 52508.09066521 34.26 301.794000 -27.248887 38.345
  8    49.278 52508.09066585 34.70 301.793140 -27.245607 38.345
  9    49.959 52543.09064289 48.54 301.812982 -27.278049 30.043
  9    49.858 52543.09064354 51.43 301.812122 -27.274759 30.043
  9    49.864 52543.09064418 47.28 301.811272 -27.271479 30.043
  9    49.811 52543.09064483 48.54 301.810412 -27.268199 30.043
  9    49.702 52543.09064547 39.22 301.809560 -27.264911 39.583
  9    49.949 52543.09064612 45.47 301.808700 -27.261631 39.583
  9    49.856 52543.09064676 49.55 301.807850 -27.258351 39.583
  9    49.833 52543.09064740 53.48 301.806990 -27.255061 39.583
  9    49.727 52543.09064805 51.38 301.806140 -27.251781 39.583
  9    49.813 52543.09064869 52.06 301.805280 -27.248501 39.583
  9    49.788 52543.09064934 53.74 301.804420 -27.245211 39.583
 11    51.112 52613.09065924 50.13 301.797472 -27.276723 39.775
 11    51.228 52613.09065989 47.60 301.796612 -27.273443 39.775
 11    51.135 52613.09066053 47.76 301.795762 -27.270153 39.775
 11    51.158 52613.09066118 49.58 301.794902 -27.266873 39.775
 11    51.126 52613.09066182 45.43 301.794052 -27.263593 39.775
 11    51.009 52613.09066246 47.88 301.793194 -27.260302 36.133
 11    50.810 52613.09066311 48.75 301.792334 -27.257022 36.133
 11    50.784 52613.09066375 29.24 301.791484 -27.253742 36.133
 11    50.930 52613.09066440 30.41 301.790624 -27.250452 36.133
 11    51.138 52613.09066504 45.43 301.789774 -27.247172 36.133
 12    49.339 52648.09064145 47.62 301.805472 -27.278741 18.533
 12    49.268 52648.09064209 50.60 301.804612 -27.275451 18.533
 12    49.222 52648.09064273 48.66 301.803752 -27.272171 18.533
 12    49.340 52648.09064338 47.19 301.802902 -27.268891 18.533
 12    49.130 52648.09064402 46.90 301.802042 -27.265601 18.533
 12    49.718 52648.09064467 36.08 301.801192 -27.262321 18.533
 12    49.203 52648.09064531 39.76 301.800332 -27.259041 18.533
 12    49.239 52648.09064596 46.89 301.799477 -27.255751 21.606
 12    49.131 52648.09064660 49.12 301.798627 -27.252471 21.606
 12    49.115 52648.09064725 48.58 301.797767 -27.249191 21.606
 12    49.259 52648.09064789 49.46 301.796917 -27.245901 21.606
 13    50.993 52683.09061606 46.29 301.808841 -27.280498 23.686
 13    50.950 52683.09061670 51.18 301.807981 -27.277218 23.686
 13    50.709 52683.09061734 50.84 301.807131 -27.273928 23.686
 13    50.810 52683.09061799 46.51 301.806271 -27.270648 23.686
 13    50.864 52683.09061863 49.76 301.805421 -27.267368 23.686
 13    50.582 52683.09061928 45.50 301.804562 -27.264078 28.547
 13    50.686 52683.09061992 43.27 301.803702 -27.260798 28.547
 13    50.827 52683.09062057 44.70 301.802852 -27.257518 28.547
 13    50.730 52683.09062121 50.13 301.802002 -27.254228 28.547
 13    50.612 52683.09062186 50.44 301.801142 -27.250948 28.547
 13    50.711 52683.09062250 33.68 301.800292 -27.247668 28.547
 13    50.411 52683.09062315 37.54 301.799432 -27.244378 28.547
 14    51.196 52718.09067420 49.36 301.800251 -27.276260 20.633
 14    50.879 52718.09067485 49.15 301.799401 -27.272970 20.633
 14    51.009 52718.09067549 47.46 301.798541 -27.269690 20.633
 14    50.900 52718.09067614 51.88 301.797691 -27.266400 20.633
 14    51.041 52718.09067678 46.26 301.796831 -27.263120 20.633
 14    51.010 52718.09067742 48.65 301.795981 -27.259840 20.633
 14    51.186 52718.09067807 45.64 301.795121 -27.256550 20.633
 14    50.847 52718.09067871 33.55 301.794271 -27.253270 20.633
 14    50.489 52718.09067936 25.65 301.793411 -27.249990 20.633
 14    50.795 52718.09068000 43.67 301.792551 -27.246700 20.633
 15    49.794 52753.09069972 20.31 301.786935 -27.272418 23.153
 15    49.593 52753.09070036 21.23 301.786075 -27.269138 23.153
 15    49.748 52753.09070101 21.85 301.785225 -27.265858 23.153
 15    49.977 52753.09070165 28.78 301.784368 -27.262567 31.051
 15    50.072 52753.09070230 38.25 301.783508 -27.259287 31.051
 15    49.594 52753.09070294 38.68 301.782658 -27.256007 31.051
 15    49.596 52753.09070359 24.33 301.781798 -27.252717 31.051
 15    49.703 52753.09070423 22.66 301.780948 -27.249437 31.051
 15    49.879 52753.09070488 27.66 301.780088 -27.246157 31.051
 16    48.970 52788.09064428 29.26 301.805159 -27.279336 12.389
 16    49.051 52788.09064493 26.96 301.804309 -27.276056 12.389
 16    49.162 52788.09064557 26.16 301.803449 -27.272766 12.389
 16    48.942 52788.09064622 32.95 301.802599 -27.269486 12.389
 16    49.035 52788.09064686 40.58 301.801739 -27.266206 12.389
 16    48.606 52788.09064751 35.60 301.800886 -27.262918 24.837
 16    49.036 52788.09064815 34.93 301.800026 -27.259638 24.837
 16    48.935 52788.09064880 36.59 301.799176 -27.256358 24.837
 16    48.818 52788.09064944 34.48 301.798316 -27.253068 24.837
 16    48.580 52788.09065009 26.52 301.797456 -27.249788 24.837
 16    49.246 52788.09065073 26.41 301.796606 -27.246498 24.837
 17    49.004 52823.09071574 20.83 301.805693 -27.280055 12.581
 17    48.888 52823.09071639 23.71 301.804833 -27.276775 12.581
 17    48.997 52823.09071703 35.26 301.803983 -27.273495 12.581
 17    48.883 52823.09071768 40.10 301.803123 -27.270205 12.581
 17    48.692 52823.09071832 44.50 301.802273 -27.266925 12.581
 17    48.481 52823.09071897 41.61 301.801413 -27.263645 12.581
 17    48.818 52823.09071961 32.66 301.800554 -27.260357 23.260
 17    48.748 52823.09072025 32.43 301.799704 -27.257077 23.260
 17    48.514 52823.09072090 39.00 301.798844 -27.253797 23.260
 17    48.716 52823.09072154 30.78 301.797994 -27.250507 23.260
 17    48.777 52823.09072219 28.46 301.797134 -27.247227 23.260
 17    48.772 52823.09072283 37.79 301.796284 -27.243937 23.260
 18    48.432 52858.09076248 22.26 301.807478 -27.279379 19.832
 18    48.479 52858.09076313 23.22 301.806618 -27.276099 19.832
 18    48.545 52858.09076377 31.85 301.805768 -27.272819 19.832
 18    48.413 52858.09076442 34.27 301.804908 -27.269529 19.832
 18    48.343 52858.09076506 25.28 301.804058 -27.266249 19.832
 18    48.591 52858.09076571 25.16 301.803198 -27.262969 19.832
 18    48.593 52858.09076635 39.71 301.802341 -27.259681 26.760
 18    48.214 52858.09076699 35.57 301.801491 -27.256401 26.760
 18    48.170 52858.09076764 24.16 301.800631 -27.253121 26.760
 18    48.471 52858.09076828 23.50 301.799781 -27.249831 26.760
 18    48.634 52858.09076893 25.73 301.798921 -27.246551 26.760
 18    49.024 52858.09076957 31.70 301.798071 -27.243271 26.760
 19    48.515 52893.09079502 50.84 301.798362 -27.276017 15.780
 19    48.792 52893.09079567 51.26 301.797512 -27.272737 15.780
 19    48.863 52893.09079631 51.48 301.796652 -27.269447 15.780
 19    48.720 52893.09079696 51.27 301.795802 -27.266167 15.780
 19    48.618 52893.09079760 45.80 301.794942 -27.262887 15.780
 19    48.565 52893.09079825 39.28 301.794090 -27.259598 30.805
 19    48.711 52893.09079889 46.82 301.793240 -27.256318 30.805
 19    48.614 52893.09079954 45.00 301.792380 -27.253038 30.805
 19    48.629 52893.09080018 43.64 301.791530 -27.249748 30.805
 19    48.567 52893.09080083 50.61 301.790670 -27.246468 30.805
 20    49.251 52928.09074582 46.44 301.796169 -27.277420 18.462
 20    49.276 52928.09074646 48.33 301.795309 -27.274130 18.462
 20    49.328 52928.09074711 48.77 301.794459 -27.270850 18.462
 20    49.217 52928.09074775 48.07 301.793599 -27.267570 18.462
 20    49.163 52928.09074840 49.07 301.792749 -27.264280 18.462
 20    49.196 52928.09074904 43.64 301.791889 -27.261000 18.462
 20    49.185 52928.09074969 43.47 301.791039 -27.257720 18.462
 20    49.178 52928.09075033 28.74 301.790186 -27.254428 19.841
 20    48.757 52928.09075098 25.12 301.789326 -27.251148 19.841
 20    49.026 52928.09075162 25.76 301.788476 -27.247868 19.841
 20    49.259 52928.09075226 44.51 301.787616 -27.244578 19.841
 21    49.421 52963.09072188 44.36 301.811313 -27.278373 28.411
 21    49.255 52963.09072252 55.20 301.810453 -27.275093 28.411
 21    49.261 52963.09072317 49.98 301.809600 -27.271805 32.707
 21    49.440 52963.09072381 51.30 301.808740 -27.268525 32.707
 21    49.142 52963.09072446 42.39 301.807890 -27.265245 32.707
 21    49.367 52963.09072510 37.65 301.807030 -27.261955 32.707
 21    49.457 52963.09072575 43.70 301.806180 -27.258675 32.707
 21    49.203 52963.09072639 51.26 301.805320 -27.255395 32.707
 21    49.421 52963.09072704 51.77 301.804460 -27.252105 32.707
 21    49.245 52963.09072768 48.38 301.803610 -27.248825 32.707
 21    49.090 52963.09072833 50.21 301.802750 -27.245545 32.707
 22    51.156 52998.09076174 50.61 301.797608 -27.275941 40.196
 22    51.118 52998.09076239 50.36 301.796758 -27.272661 40.196
 22    51.267 52998.09076303 49.79 301.795898 -27.269381 40.196
 22    51.082 52998.09076367 50.22 301.795043 -27.266091 38.237
 22    51.248 52998.09076432 46.94 301.794193 -27.262811 38.237
 22    51.202 52998.09076496 48.10 301.793333 -27.259531 38.237
 22    51.184 52998.09076561 48.54 301.792483 -27.256241 38.237
 22    51.122 52998.09076625 45.85 301.791623 -27.252961 38.237
 22    51.095 52998.09076690 41.33 301.790773 -27.249681 38.237
 22    51.146 52998.09076754 49.55 301.789913 -27.246391 38.237
 23    49.456 53033.09071761 50.94 301.796772 -27.275679 16.508
 23    49.486 53033.09071825 51.73 301.795922 -27.272389 16.508
 23    49.504 53033.09071890 48.12 301.795062 -27.269109 16.508
 23    49.422 53033.09071954 49.26 301.794212 -27.265829 16.508
 23    49.213 53033.09072019 46.40 301.793356 -27.262538 37.490
 23    49.325 53033.09072083 46.21 301.792496 -27.259258 37.490
 23    49.466 53033.09072147 46.84 301.791646 -27.255978 37.490
 23    49.360 53033.09072212 51.96 301.790796 -27.252688 37.490
 23    49.393 53033.09072276 52.46 301.789936 -27.249408 37.490
 23    49.354 53033.09072341 54.68 301.789086 -27.246128 37.490
 24    48.532 53068.09072971 47.94 301.805357 -27.278582 22.177
 24    48.321 53068.09073035 51.44 301.804497 -27.275292 22.177
 24    48.487 53068.09073100 45.21 301.803647 -27.272012 22.177
 24    48.699 53068.09073164 49.87 301.802787 -27.268732 22.177
 24    48.379 53068.09073229 47.28 301.801931 -27.265442 28.811
 24    48.359 53068.09073293 35.21 301.801081 -27.262162 28.811
 24    48.511 53068.09073358 42.44 301.800221 -27.258882 28.811
 24    48.485 53068.09073422 51.59 301.799371 -27.255592 28.811
 24    48.392 53068.09073487 51.03 301.798511 -27.252312 28.811
 24    48.507 53068.09073551 51.23 301.797661 -27.249032 28.811
 24    48.563 53068.09073616 46.72 301.796801 -27.245742 28.811
 25    49.093 53103.09071885 33.59 301.795979 -27.278187 12.900
 25    48.694 53103.09071950 27.00 301.795119 -27.274897 12.900
 25    48.685 53103.09072014 20.85 301.794269 -27.271617 12.900
 25    49.257 53103.09072079 21.18 301.793409 -27.268337 12.900
 25    49.394 53103.09072143 33.23 301.792559 -27.265047 12.900
 25    49.028 53103.09072208 41.36 301.791699 -27.261767 12.900
 25    48.874 53103.09072272 42.44 301.790849 -27.258487 12.900
 25    48.879 53103.09072337 27.94 301.789997 -27.255196 22.711
 25    48.852 53103.09072401 22.08 301.789137 -27.251916 22.711
 25    48.663 53103.09072466 22.78 301.788287 -27.248636 22.711
 25    49.109 53103.09072530 36.67 301.787427 -27.245346 22.711
 26    49.008 53138.09073319 37.22 301.807841 -27.280681 15.703
 26    48.740 53138.09073383 30.99 301.806981 -27.277391 15.703
 26    49.100 53138.09073448 28.82 301.806131 -27.274111 15.703
 26    49.143 53138.09073512 29.45 301.805271 -27.270831 15.703
 26    48.845 53138.09073576 32.39 301.804423 -27.267543 24.841
 26    48.927 53138.09073641 29.44 301.803563 -27.264263 24.841
 26    48.933 53138.09073705 35.84 301.802703 -27.260983 24.841
 26    49.057 53138.09073770 38.14 301.801853 -27.257693 24.841
 26    48.852 53138.09073834 36.47 301.800993 -27.254413 24.841
 26    48.521 53138.09073899 24.41 301.800143 -27.251133 24.841
 26    48.697 53138.09073963 24.77 301.799283 -27.247843 24.841
 26    49.008 53138.09074028 29.94 301.798433 -27.244563 24.841
 27    49.881 53173.09077741 47.58 301.801712 -27.279376 19.166
 27    49.677 53173.09077806 51.07 301.800852 -27.276096 19.166
 27    49.831 53173.09077870 51.89 301.800002 -27.272816 19.166
 27    49.852 53173.09077935 50.39 301.799142 -27.269526 19.166
 27    49.695 53173.09077999 52.20 301.798292 -27.266246 19.166
 27    49.467 53173.09078064 43.48 301.797432 -27.262966 19.166
 27    49.548 53173.09078128 42.43 301.796577 -27.259676 23.026
 27    49.711 53173.09078193 47.63 301.795727 -27.256396 23.026
 27    49.617 53173.09078257 50.04 301.794867 -27.253116 23.026
 27    49.600 53173.09078322 47.38 301.794017 -27.249826 23.026
 27    49.769 53173.09078386 45.08 301.793157 -27.246546 23.026
 28    50.338 53208.09079300 28.36 301.800027 -27.278620 16.407
 28    50.156 53208.09079364 23.06 301.799167 -27.275340 16.407
 28    50.116 53208.09079428 19.43 301.798307 -27.272050 16.407
 28    50.261 53208.09079493 22.52 301.797457 -27.268770 16.407
 28    50.299 53208.09079557 28.72 301.796597 -27.265490 16.407
 28    50.289 53208.09079622 42.64 301.795745 -27.262200 25.312
 28    50.483 53208.09079686 46.04 301.794895 -27.258920 25.312
 28    49.779 53208.09079751 44.69 301.794035 -27.255640 25.312
 28    49.705 53208.09079815 26.43 301.793185 -27.252350 25.312
 28    49.892 53208.09079880 23.36 301.792325 -27.249070 25.312
 28    50.438 53208.09079944 28.14 301.791475 -27.245790 25.312
 29    48.917 53243.09076039 51.12 301.803370 -27.277786 19.839
 29    48.986 53243.09076103 52.93 301.802510 -27.274506 19.839
 29    49.111 53243.09076168 47.58 301.801660 -27.271216 19.839
 29    49.051 53243.09076232 51.00 301.800800 -27.267936 19.839
 29    48.963 53243.09076297 46.61 301.799950 -27.264656 19.839
 29    49.035 53243.09076361 35.68 301.799091 -27.261366 27.312
 29    48.990 53243.09076426 41.61 301.798241 -27.258086 27.312
 29    48.989 53243.09076490 50.30 301.797381 -27.254806 27.312
 29    48.918 53243.09076554 49.38 301.796531 -27.251516 27.312
 29    48.850 53243.09076619 46.27 301.795671 -27.248236 27.312
 29    48.909 53243.09076683 40.76 301.794821 -27.244956 27.312
 30    60.252 53278.09073556 31.77 301.806346 -27.280987 23.970
 30    48.955 53278.09073621 30.98 301.805486 -27.277697 23.970
 30    58.302 53278.09073685 26.07 301.804636 -27.274417 23.970
 30    58.219 53278.09073750 24.84 301.803776 -27.271137 23.970
 30    48.850 53278.09073814 30.66 301.802922 -27.267849 25.189
 30    48.686 53278.09073879 27.56 301.802062 -27.264569 25.189
 30    48.937 53278.09073943 33.78 301.801212 -27.261289 25.189
 30    48.761 53278.09074008 37.51 301.800352 -27.257999 25.189
 30    48.577 53278.09074072 29.85 301.799502 -27.254719 25.189
 30    48.496 53278.09074137 28.20 301.798642 -27.251439 25.189
 30    49.246 53278.09074201 25.85 301.797782 -27.248149 25.189
 30    49.675 53278.09074266 31.72 301.796932 -27.244869 25.189
 31    50.983 53313.09076665 26.67 301.801174 -27.278981 24.840
 31    50.939 53313.09076729 25.44 301.800314 -27.275691 24.840
 31    50.692 53313.09076794 25.67 301.799454 -27.272411 24.840
 31    50.806 53313.09076858 25.45 301.798604 -27.269131 24.840
 31    50.845 53313.09076923 28.29 301.797744 -27.265841 24.840
 31    51.403 53313.09076987 38.15 301.796894 -27.262561 24.840
 31    51.114 53313.09077052 45.18 301.796034 -27.259281 24.840
 31    50.479 53313.09077116 48.30 301.795181 -27.255990 34.131
 31    50.485 53313.09077180 28.96 301.794331 -27.252710 34.131
 31    50.712 53313.09077245 25.33 301.793471 -27.249430 34.131
 31    50.893 53313.09077309 28.49 301.792621 -27.246140 34.131
 32    50.199 53348.09073252 49.77 301.803446 -27.277545 33.833
 32    50.215 53348.09073317 50.29 301.802586 -27.274255 33.833
 32    50.169 53348.09073381 50.52 301.801736 -27.270975 33.833
 32    50.333 53348.09073446 48.38 301.800876 -27.267695 33.833
 32    49.846 53348.09073510 45.62 301.800026 -27.264405 33.833
 32    50.435 53348.09073574 39.98 301.799166 -27.261125 33.833
 32    50.325 53348.09073639 42.56 301.798316 -27.257845 33.833
 32    50.008 53348.09073703 49.43 301.797457 -27.254554 42.138
 32    50.029 53348.09073768 43.54 301.796607 -27.251274 42.138
 32    49.898 53348.09073832 30.43 301.795747 -27.247994 42.138
 32    50.371 53348.09073897 39.79 301.794897 -27.244704 42.138
 33    50.153 53383.09069988 49.28 301.806656 -27.279204 19.972
 33    50.115 53383.09070052 46.33 301.805796 -27.275914 19.972
 33    49.955 53383.09070117 50.55 301.804946 -27.272634 19.972
 33    49.891 53383.09070181 46.37 301.804086 -27.269354 19.972
 33    49.916 53383.09070246 45.35 301.803234 -27.266066 29.351
 33    49.761 53383.09070310 35.01 301.802374 -27.262786 29.351
 33    49.693 53383.09070374 41.49 301.801524 -27.259506 29.351
 33    49.762 53383.09070439 45.16 301.800664 -27.256216 29.351
 33    49.695 53383.09070503 48.18 301.799804 -27.252936 29.351
 33    49.561 53383.09070568 41.42 301.798954 -27.249656 29.351
 33    49.618 53383.09070632 31.38 301.798094 -27.246366 29.351
 34    51.917 53418.09071147 47.55 301.809992 -27.278364 21.786
 34    51.787 53418.09071211 49.51 301.809132 -27.275074 21.786
 34    51.711 53418.09071275 46.82 301.808282 -27.271794 21.786
 34    51.648 53418.09071340 48.17 301.807422 -27.268514 21.786
 34    51.646 53418.09071404 49.87 301.806562 -27.265224 21.786
 34    51.679 53418.09071469 41.83 301.805712 -27.261944 21.786
 34    51.706 53418.09071533 42.63 301.804852 -27.258664 21.786
 34    51.719 53418.09071598 44.80 301.804001 -27.255373 27.481
 34    51.545 53418.09071662 37.20 301.803151 -27.252093 27.481
 34    51.548 53418.09071727 27.27 301.802291 -27.248813 27.481
 34    51.415 53418.09071791 29.61 301.801441 -27.245523 27.481
 35    49.222 53453.09071416 44.95 301.808841 -27.278298 22.996
 35    49.005 53453.09071481 47.96 301.807991 -27.275018 22.996
 35    48.979 53453.09071545 45.37 301.807131 -27.271728 22.996
 35    49.045 53453.09071610 48.77 301.806281 -27.268448 22.996
 35    48.741 53453.09071674 45.77 301.805421 -27.265168 22.996
 35    49.051 53453.09071739 35.12 301.804567 -27.261880 36.140
 35    48.922 53453.09071803 42.69 301.803707 -27.258600 36.140
 35    49.001 53453.09071868 50.88 301.802857 -27.255320 36.140
 35    48.924 53453.09071932 49.81 301.801997 -27.252030 36.140
 35    48.815 53453.09071997 50.53 301.801147 -27.248750 36.140
 35    48.693 53453.09072061 46.94 301.800287 -27.245470 36.140
 36    49.262 53488.09080001 49.88 301.794840 -27.276859 36.822
 36    49.311 53488.09080065 48.82 301.793980 -27.273569 36.822
 36    49.343 53488.09080130 47.63 301.793130 -27.270289 36.822
 36    49.299 53488.09080194 44.95 301.792270 -27.267009 36.822
 36    49.290 53488.09080259 43.28 301.791415 -27.263721 39.588
 36    49.293 53488.09080323 47.04 301.790565 -27.260441 39.588
 36    48.992 53488.09080388 46.43 301.789705 -27.257161 39.588
 36    48.988 53488.09080452 50.75 301.788855 -27.253871 39.588
 36    48.911 53488.09080517 43.41 301.787995 -27.250591 39.588
 36    49.149 53488.09080581 36.14 301.787145 -27.247311 39.588
 37    49.582 53523.09078932 45.05 301.805010 -27.278226 26.726
 37    49.477 53523.09078997 47.16 301.804150 -27.274946 26.726
 37    49.457 53523.09079061 49.35 301.803300 -27.271666 26.726
 37    49.560 53523.09079126 48.03 301.802440 -27.268376 26.726
 37    49.289 53523.09079190 46.66 301.801590 -27.265096 26.726
 37    49.671 53523.09079255 32.98 301.800730 -27.261816 26.726
 37    49.174 53523.09079319 43.35 301.799878 -27.258527 30.087
 37    49.092 53523.09079384 26.52 301.799028 -27.255247 30.087
 37    48.711 53523.09079448 25.29 301.798168 -27.251967 30.087
 37    49.249 53523.09079513 23.72 301.797318 -27.248677 30.087
 37    49.651 53523.09079577 31.85 301.796458 -27.245397 30.087
 38    49.379 53558.09081577 48.11 301.793879 -27.276065 27.125
 38    49.133 53558.09081642 49.15 301.793019 -27.272775 27.125
 38    49.072 53558.09081706 46.95 301.792169 -27.269495 27.125
 38    49.031 53558.09081771 38.54 301.791309 -27.266215 27.125
 38    49.185 53558.09081835 34.33 301.790457 -27.262924 33.706
 38    49.244 53558.09081900 44.71 301.789607 -27.259644 33.706
 38    49.388 53558.09081964 40.91 301.788747 -27.256364 33.706
 38    49.072 53558.09082029 43.02 301.787897 -27.253074 33.706
 38    48.954 53558.09082093 26.80 301.787037 -27.249794 33.706
 38    49.034 53558.09082158 30.83 301.786187 -27.246514 33.706
 39    49.092 53593.09075142 37.19 301.807883 -27.280172 19.602
 39    48.824 53593.09075206 37.82 301.807033 -27.276892 19.602
 39    49.208 53593.09075271 37.77 301.806173 -27.273612 19.602
 39    49.244 53593.09075335 42.83 301.805323 -27.270322 19.602
 39    49.024 53593.09075400 49.60 301.804463 -27.267042 19.602
 39    49.070 53593.09075464 37.26 301.803613 -27.263762 19.602
 39    49.043 53593.09075528 39.92 301.802756 -27.260472 28.549
 39    48.995 53593.09075593 43.84 301.801906 -27.257192 28.549
 39    49.032 53593.09075657 45.10 301.801046 -27.253912 28.549
 39    49.041 53593.09075722 37.25 301.800196 -27.250622 28.549
 39    49.007 53593.09075786 26.92 301.799336 -27.247342 28.549
 39    49.150 53593.09075851 31.86 301.798486 -27.244062 28.549
 40    49.361 53628.09074354 51.15 301.799820 -27.277085 16.316
 40    49.282 53628.09074419 51.71 301.798960 -27.273795 16.316
 40    49.589 53628.09074483 47.75 301.798100 -27.270515 16.316
 40    49.386 53628.09074548 50.62 301.797250 -27.267235 16.316
 40    49.161 53628.09074612 50.45 301.796395 -27.263947 31.397
 40    49.387 53628.09074677 44.94 301.795535 -27.260667 31.397
 40    49.247 53628.09074741 44.10 301.794685 -27.257387 31.397
 40    49.311 53628.09074806 51.06 301.793825 -27.254097 31.397
 40    49.263 53628.09074870 50.53 301.792975 -27.250817 31.397
 40    49.208 53628.09074935 49.87 301.792115 -27.247537 31.397
 40    49.210 53628.09074999 44.49 301.791255 -27.244247 31.397
 41    51.000 53663.09076842 51.35 301.799570 -27.276141 16.412
 41    51.249 53663.09076907 52.03 301.798710 -27.272851 16.412
 41    51.288 53663.09076971 52.14 301.797860 -27.269571 16.412
 41    51.357 53663.09077036 51.47 301.797000 -27.266291 16.412
 41    51.208 53663.09077100 48.85 301.796144 -27.263001 32.519
 41    51.146 53663.09077165 48.44 301.795294 -27.259721 32.519
 41    51.162 53663.09077229 46.47 301.794434 -27.256441 32.519
 41    51.110 53663.09077294 50.37 301.793584 -27.253151 32.519
 41    51.136 53663.09077358 49.67 301.792724 -27.249871 32.519
 41    51.104 53663.09077423 50.76 301.791874 -27.246591 32.519
 42    49.401 53698.09073059 22.17 301.801466 -27.277058 10.021
 42    49.264 53698.09073123 18.54 301.800606 -27.273768 10.021
 42    48.919 53698.09073188 16.76 301.799756 -27.270488 10.021
 42    48.535 53698.09073252 14.63 301.798896 -27.267208 10.021
 42    48.847 53698.09073317 14.78 301.798046 -27.263918 10.021
 42    49.609 53698.09073381 21.33 301.797186 -27.260638 10.021
 42    49.280 53698.09073446 16.10 301.796336 -27.257358 10.021
 42    49.306 53698.09073510 15.67 301.795478 -27.254067 31.841
 42    49.325 53698.09073575 18.19 301.794628 -27.250787 31.841
 42    50.143 53698.09073639 21.34 301.793768 -27.247507 31.841
 42    49.764 53698.09073704 29.74 301.792918 -27.244217 31.841
 43    50.949 53733.09065262 47.33 301.803969 -27.279508 15.940
 43    51.052 53733.09065327 46.26 301.803119 -27.276228 15.940
 43    50.828 53733.09065391 47.48 301.802259 -27.272938 15.940
 43    50.775 53733.09065456 49.81 301.801409 -27.269658 15.940
 43    50.814 53733.09065520 52.08 301.800549 -27.266378 15.940
 43    51.152 53733.09065585 39.45 301.799699 -27.263088 15.940
 43    50.585 53733.09065649 44.47 301.798839 -27.259808 15.940
 43    50.613 53733.09065714 44.18 301.797989 -27.256528 15.940
 43    50.642 53733.09065778 46.34 301.797136 -27.253246 18.843
 43    50.589 53733.09065843 43.84 301.796276 -27.249956 18.843
 43    50.590 53733.09065907 42.89 301.795426 -27.246676 18.843
 44    49.884 53768.09063140 43.57 301.809945 -27.279565 34.005
 44    49.597 53768.09063204 51.67 301.809095 -27.276285 34.005
 44    49.648 53768.09063269 49.98 301.808235 -27.272995 34.005
 44    49.706 53768.09063333 47.25 301.807385 -27.269715 34.005
 44    49.514 53768.09063398 47.78 301.806525 -27.266435 34.005
 44    49.724 53768.09063462 35.62 301.805668 -27.263145 26.201
 44    49.548 53768.09063527 41.44 301.804818 -27.259865 26.201
 44    49.702 53768.09063591 49.05 301.803958 -27.256585 26.201
 44    49.566 53768.09063656 50.49 301.803108 -27.253295 26.201
 44    49.522 53768.09063720 45.93 301.802248 -27.250015 26.201
 44    49.511 53768.09063785 40.18 301.801398 -27.246735 26.201
 44    49.816 53768.09063849 39.59 301.800538 -27.243445 26.201
 45    50.230 53803.09062957 47.35 301.804956 -27.280298 29.075
 45    50.109 53803.09063022 52.61 301.804096 -27.277008 29.075
 45    50.240 53803.09063086 50.57 301.803246 -27.273728 29.075
 45    50.074 53803.09063151 51.89 301.802386 -27.270448 29.075
 45    50.142 53803.09063215 49.90 301.801536 -27.267158 29.075
 45    49.883 53803.09063279 39.82 301.800676 -27.263878 29.075
 45    50.104 53803.09063344 41.05 301.799826 -27.260598 29.075
 45    50.327 53803.09063408 46.92 301.798970 -27.257307 40.554
 45    50.154 53803.09063473 51.16 301.798110 -27.254027 40.554
 45    49.952 53803.09063537 51.93 301.797260 -27.250747 40.554
 45    50.016 53803.09063602 54.00 301.796410 -27.247457 40.554
 45    50.039 53803.09063666 50.77 301.795550 -27.244177 40.554
 46    50.035 53838.09064486 29.11 301.805087 -27.278770 14.079
 46    49.803 53838.09064550 24.39 301.804237 -27.275490 14.079
 46    49.760 53838.09064615 23.36 301.803377 -27.272200 14.079
 46    49.751 53838.09064679 26.70 301.802517 -27.268920 14.079
 46    49.683 53838.09064744 38.16 301.801667 -27.265640 14.079
 46    49.803 53838.09064808 32.90 301.800807 -27.262350 14.079
 46    49.628 53838.09064873 40.76 301.799957 -27.259070 14.079
 46    49.299 53838.09064937 23.62 301.799097 -27.255790 14.079
 46    49.083 53838.09065002 21.94 301.798248 -27.252501 30.364
 46    50.041 53838.09065066 22.92 301.797388 -27.249221 30.364
 46    50.086 53838.09065131 27.63 301.796528 -27.245941 30.364
 47    48.497 53873.09069469 21.54 301.804204 -27.279792 12.538
 47    48.390 53873.09069533 21.05 301.803344 -27.276512 12.538
 47    48.439 53873.09069598 20.98 301.802494 -27.273232 12.538
 47    48.578 53873.09069662 24.77 301.801634 -27.269942 12.538
 47    48.518 53873.09069727 41.05 301.800784 -27.266662 12.538
 47    47.870 53873.09069791 42.22 301.799924 -27.263382 12.538
 47    48.779 53873.09069856 37.40 301.799069 -27.260093 26.486
 47    48.445 53873.09069920 26.67 301.798219 -27.256813 26.486
 47    48.364 53873.09069985 24.49 301.797359 -27.253533 26.486
 47    48.281 53873.09070049 24.60 301.796509 -27.250243 26.486
 47    49.395 53873.09070113 23.86 301.795649 -27.246963 26.486
 47    49.667 53873.09070178 29.95 301.794799 -27.243683 26.486
 48    48.805 53908.09073732 46.42 301.798867 -27.278447 29.452
 48    48.718 53908.09073797 45.84 301.798017 -27.275167 29.452
 48    48.653 53908.09073861 37.39 301.797157 -27.271877 29.452
 48    48.751 53908.09073925 33.75 301.796297 -27.268597 29.452
 48    48.713 53908.09073990 38.39 301.795447 -27.265317 29.452
 48    48.750 53908.09074054 32.21 301.794587 -27.262027 29.452
 48    48.694 53908.09074119 38.66 301.793737 -27.258747 29.452
 48    48.653 53908.09074183 42.94 301.792877 -27.255467 29.452
 48    48.524 53908.09074248 38.18 301.792023 -27.252178 38.295
 48    48.440 53908.09074312 27.75 301.791173 -27.248898 38.295
 48    48.889 53908.09074377 26.57 301.790313 -27.245618 38.295
 49    49.048 53943.09076309 49.73 301.792417 -27.277713 20.249
 49    48.690 53943.09076373 51.49 301.791557 -27.274433 20.249
 49    48.921 53943.09076438 46.56 301.790707 -27.271153 20.249
 49    48.988 53943.09076502 49.62 301.789847 -27.267863 20.249
 49    48.763 53943.09076567 49.58 301.788997 -27.264583 20.249
 49    48.840 53943.09076631 43.30 301.788137 -27.261303 20.249
 49    48.642 53943.09076695 44.74 301.787287 -27.258013 20.249
 49    48.782 53943.09076760 47.72 301.786427 -27.254733 20.249
 49    48.780 53943.09076824 50.58 301.785577 -27.251453 20.249
 49    48.714 53943.09076889 51.50 301.784718 -27.248162 37.727
 49    48.683 53943.09076953 48.85 301.783868 -27.244882 37.727
 50    48.653 53978.09071426 41.57 301.797812 -27.278157 19.086
 50    48.391 53978.09071491 30.14 301.796952 -27.274877 19.086
 50    48.393 53978.09071555 22.70 301.796102 -27.271587 19.086
 50    48.696 53978.09071620 20.73 301.795242 -27.268307 19.086
 50    48.730 53978.09071684 26.54 301.794392 -27.265027 19.086
 50    48.797 53978.09071749 33.13 301.793532 -27.261737 19.086
 50    48.553 53978.09071813 41.95 301.792682 -27.258457 19.086
 50    48.449 53978.09071878 39.56 301.791822 -27.255177 19.086
 50    48.565 53978.09071942 28.00 301.790972 -27.251887 19.086
 50    48.266 53978.09072007 24.16 301.790112 -27.248607 19.086
 50    48.846 53978.09072071 30.31 301.789262 -27.245327 19.086
 51    48.915 54013.09072315 42.79 301.808032 -27.279126 16.931
 51    48.789 54013.09072380 40.72 301.807172 -27.275846 16.931
 51    49.151 54013.09072444 40.58 301.806312 -27.272566 16.931
 51    49.278 54013.09072509 46.05 301.805462 -27.269276 16.931
 51    48.999 54013.09072573 45.13 301.804602 -27.265996 16.931
 51    48.767 54013.09072638 32.34 301.803752 -27.262716 16.931
 51    48.897 54013.09072702 40.27 301.802892 -27.259426 16.931
 51    48.845 54013.09072766 27.83 301.802042 -27.256146 16.931
 51    48.119 54013.09072831 25.59 301.801182 -27.252866 16.931
 51    48.400 54013.09072895 25.44 301.800331 -27.249577 25.734
 51    49.183 54013.09072960 25.56 301.799471 -27.246297 25.734
 52    48.930 54048.09073199 27.38 301.809860 -27.278536 23.606
 52    49.246 54048.09073264 28.26 301.809000 -27.275256 23.606
 52    49.050 54048.09073328 37.91 301.808150 -27.271966 23.606
 52    48.991 54048.09073393 31.66 301.807290 -27.268686 23.606
 52    49.426 54048.09073457 33.50 301.806440 -27.265406 23.606
 52    49.153 54048.09073522 31.77 301.805580 -27.262116 23.606
 52    48.861 54048.09073586 35.29 301.804730 -27.258836 23.606
 52    49.030 54048.09073651 23.09 301.803870 -27.255556 23.606
 52    48.582 54048.09073715 18.79 301.803020 -27.252266 23.606
 52    48.804 54048.09073780 19.97 301.802160 -27.248986 23.606
 52    49.683 54048.09073844 23.58 301.801310 -27.245706 23.606
 54    51.391 54118.09065510 29.97 301.798951 -27.278168 21.053
 54    51.274 54118.09065574 23.25 301.798101 -27.274878 21.053
 54    51.090 54118.09065639 24.00 301.797241 -27.271598 21.053
 54    51.142 54118.09065703 26.70 301.796391 -27.268308 21.053
 54    51.506 54118.09065768 29.91 301.795531 -27.265028 21.053
 54    51.646 54118.09065832 43.76 301.794681 -27.261748 21.053
 54    51.496 54118.09065897 46.34 301.793821 -27.258458 21.053
 54    51.275 54118.09065961 43.04 301.792971 -27.255178 21.053
 54    50.775 54118.09066026 26.48 301.792111 -27.251898 21.053
 54    51.117 54118.09066090 23.97 301.791261 -27.248608 21.053
 54    51.445 54118.09066155 29.69 301.790411 -27.245328 21.053
 55    52.598 54153.09067891 48.49 301.801240 -27.277883 27.398
 55    52.675 54153.09067955 48.97 301.800380 -27.274603 27.398
 55    52.623 54153.09068020 50.45 301.799530 -27.271323 27.398
 55    52.567 54153.09068084 50.07 301.798670 -27.268033 27.398
 55    52.592 54153.09068149 49.14 301.797820 -27.264753 27.398
 55    52.583 54153.09068213 50.25 301.796960 -27.261473 27.398
 55    52.551 54153.09068277 50.17 301.796110 -27.258183 27.398
 55    52.611 54153.09068342 47.81 301.795250 -27.254903 27.398
 55    52.453 54153.09068406 47.30 301.794400 -27.251623 27.398
 55    52.653 54153.09068471 35.53 301.793539 -27.248332 42.759
 55    52.571 54153.09068535 44.02 301.792689 -27.245052 42.759
 57    51.615 54223.09068802 35.01 301.802912 -27.279603 24.441
 57    51.434 54223.09068866 39.70 301.802052 -27.276313 24.441
 57    51.474 54223.09068931 29.24 301.801202 -27.273033 24.441
 57    51.782 54223.09068995 40.93 301.800342 -27.269753 24.441
 57    51.878 54223.09069060 44.49 301.799485 -27.266466 31.740
 57    51.694 54223.09069124 47.46 301.798635 -27.263186 31.740
 57    51.646 54223.09069188 44.88 301.797775 -27.259906 31.740
 57    51.317 54223.09069253 43.08 301.796925 -27.256616 31.740
 57    51.238 54223.09069317 28.48 301.796065 -27.253336 31.740
 57    51.045 54223.09069382 25.74 301.795215 -27.250056 31.740
 57    51.571 54223.09069446 26.03 301.794355 -27.246766 31.740
 58    50.469 54258.09071067 45.87 301.802591 -27.278968 24.655
 58    50.291 54258.09071132 48.81 301.801741 -27.275688 24.655
 58    50.198 54258.09071196 51.65 301.800881 -27.272408 24.655
 58    50.327 54258.09071261 50.57 301.800027 -27.269119 39.088
 58    50.265 54258.09071325 51.04 301.799177 -27.265839 39.088
 58    50.050 54258.09071389 39.52 301.798317 -27.262559 39.088
 58    50.240 54258.09071454 41.95 301.797467 -27.259269 39.088
 58    50.495 54258.09071518 45.89 301.796607 -27.255989 39.088
 58    50.168 54258.09071583 49.83 301.795757 -27.252709 39.088
 58    50.242 54258.09071647 51.97 301.794897 -27.249419 39.088
 58    50.294 54258.09071712 51.01 301.794047 -27.246139 39.088
 59    49.133 54293.09071302 48.17 301.804176 -27.279519 28.313
 59    49.124 54293.09071366 47.80 301.803316 -27.276229 28.313
 59    49.145 54293.09071431 41.07 301.802466 -27.272949 28.313
 59    49.297 54293.09071495 43.40 301.801606 -27.269669 28.313
 59    49.290 54293.09071560 47.65 301.800752 -27.266378 30.337
 59    49.059 54293.09071624 36.18 301.799902 -27.263098 30.337
 59    49.167 54293.09071689 40.57 301.799042 -27.259818 30.337
 59    49.219 54293.09071753 40.69 301.798192 -27.256528 30.337
 59    48.892 54293.09071818 34.44 301.797332 -27.253248 30.337
 59    48.806 54293.09071882 25.85 301.796482 -27.249968 30.337
 59    49.562 54293.09071947 25.79 301.795622 -27.246678 30.337
 60    48.737 54328.09070787 43.54 301.804213 -27.280263 17.255
 60    48.662 54328.09070851 38.85 301.803353 -27.276983 17.255
 60    48.567 54328.09070916 28.93 301.802503 -27.273693 17.255
 60    49.014 54328.09070980 31.21 301.801643 -27.270413 17.255
 60    48.657 54328.09071045 37.10 301.800793 -27.267133 17.255
 60    48.756 54328.09071109 28.22 301.799933 -27.263843 31.675
 60    48.968 54328.09071174 39.07 301.799083 -27.260563 31.675
 60    48.980 54328.09071238 39.95 301.798223 -27.257283 31.675
 60    48.627 54328.09071303 39.78 301.797373 -27.253993 31.675
 60    48.637 54328.09071367 25.53 301.796513 -27.250713 31.675
 60    49.154 54328.09071431 24.40 301.795663 -27.247433 31.675
 60    49.516 54328.09071496 30.96 301.794803 -27.244143 31.675
 61    48.944 54363.09065732 34.91 301.798920 -27.275962 14.387
 61    48.695 54363.09065796 24.28 301.798070 -27.272672 14.387
 61    48.573 54363.09065861 20.60 301.797210 -27.269392 14.387
 61    48.767 54363.09065925 20.95 301.796360 -27.266112 14.387
 61    49.075 54363.09065990 29.29 301.795506 -27.262821 30.341
 61    49.091 54363.09066054 36.01 301.794646 -27.259541 30.341
 61    48.545 54363.09066119 38.25 301.793796 -27.256261 30.341
 61    48.590 54363.09066183 27.38 301.792936 -27.252971 30.341
 61    48.532 54363.09066248 22.28 301.792086 -27.249691 30.341
 61    48.905 54363.09066312 24.99 301.791236 -27.246411 30.341
 62    49.217 54398.09064752 42.91 301.805876 -27.280747 25.976
 62    49.092 54398.09064816 49.43 301.805016 -27.277457 25.976
 62    49.284 54398.09064881 49.42 301.804156 -27.274177 25.976
 62    49.103 54398.09064945 51.56 301.803306 -27.270897 25.976
 62    49.518 54398.09065010 43.91 301.802446 -27.267607 25.976
 62    49.198 54398.09065074 39.57 301.801596 -27.264327 25.976
 62    49.437 54398.09065139 33.42 301.800736 -27.261047 25.976
 62    48.976 54398.09065203 32.25 301.799882 -27.257756 26.575
 62    48.715 54398.09065268 25.45 301.799032 -27.254476 26.575
 62    48.649 54398.09065332 21.30 301.798172 -27.251196 26.575
 62    49.256 54398.09065397 23.08 301.797322 -27.247906 26.575
 62    49.478 54398.09065461 31.58 301.796462 -27.244626 26.575
 63    49.283 54433.09060632 40.02 301.801901 -27.277085 14.272
 63    49.529 54433.09060696 31.34 301.801041 -27.273795 14.272
 63    49.631 54433.09060761 31.12 301.800191 -27.270515 14.272
 63    49.735 54433.09060825 41.14 301.799331 -27.267235 14.272
 63    49.341 54433.09060889 42.29 301.798481 -27.263945 14.272
 63    49.709 54433.09060954 39.26 301.797621 -27.260665 14.272
 63    49.745 54433.09061018 40.86 301.796771 -27.257385 14.272
 63    49.498 54433.09061083 51.71 301.795916 -27.254093 39.921
 63    49.621 54433.09061147 52.16 301.795056 -27.250813 39.921
 63    49.550 54433.09061212 51.46 301.794206 -27.247533 39.921
 63    49.626 54433.09061276 46.91 301.793346 -27.244243 39.921
 64    49.377 54468.09063011 26.78 301.807079 -27.279332 17.191
 64    49.409 54468.09063075 24.10 301.806219 -27.276052 17.191
 64    49.535 54468.09063140 33.96 301.805369 -27.272772 17.191
 64    49.407 54468.09063204 32.33 301.804509 -27.269482 17.191
 64    49.263 54468.09063268 38.46 301.803659 -27.266202 17.191
 64    49.455 54468.09063333 29.67 301.802799 -27.262922 17.191
 64    49.427 54468.09063397 38.12 301.801942 -27.259632 27.948
 64    49.120 54468.09063462 29.75 301.801092 -27.256352 27.948
 64    48.884 54468.09063526 19.87 301.800232 -27.253072 27.948
 64    49.136 54468.09063591 19.43 301.799382 -27.249782 27.948
 64    49.444 54468.09063655 26.57 301.798522 -27.246502 27.948
 64    49.615 54468.09063720 40.42 301.797672 -27.243222 27.948
 66    49.505 54538.09064528 44.33 301.804718 -27.280473 16.080
 66    49.259 54538.09064592 44.93 301.803858 -27.277183 16.080
 66    48.971 54538.09064657 39.42 301.803008 -27.273903 16.080
 66    49.768 54538.09064721 31.69 301.802148 -27.270623 16.080
 66    49.213 54538.09064786 37.66 301.801294 -27.267334 20.633
 66    49.450 54538.09064850 28.50 301.800444 -27.264054 20.633
 66    49.493 54538.09064915 38.99 301.799584 -27.260774 20.633
 66    49.541 54538.09064979 36.63 301.798734 -27.257484 20.633
 66    49.473 54538.09065043 34.61 301.797874 -27.254204 20.633
 66    49.003 54538.09065108 24.37 301.797024 -27.250924 20.633
 66    49.200 54538.09065172 26.81 301.796164 -27.247634 20.633
 66    49.382 54538.09065237 33.40 301.795314 -27.244354 20.633
 67    50.583 54573.09062321 40.28 301.801540 -27.279112 12.932
 67    50.189 54573.09062385 41.60 301.800680 -27.275832 12.932
 67    50.205 54573.09062450 32.47 301.799830 -27.272542 12.932
 67    50.510 54573.09062514 35.37 301.798970 -27.269262 12.932
 67    50.461 54573.09062579 45.85 301.798120 -27.265982 12.932
 67    50.410 54573.09062643 45.40 301.797264 -27.262692 17.745
 67    50.375 54573.09062707 44.40 301.796404 -27.259412 17.745
 67    50.512 54573.09062772 31.88 301.795554 -27.256132 17.745
 67    49.994 54573.09062836 26.08 301.794704 -27.252842 17.745
 67    49.866 54573.09062901 25.32 301.793844 -27.249562 17.745
 67    50.332 54573.09062965 30.00 301.792994 -27.246282 17.745
 68    49.287 54608.09063959 49.23 301.802770 -27.278773 16.251
 68    49.413 54608.09064023 48.76 301.801920 -27.275493 16.251
 68    49.231 54608.09064088 53.18 301.801060 -27.272213 16.251
 68    49.271 54608.09064152 46.81 301.800205 -27.268924 18.677
 68    49.286 54608.09064217 48.53 301.799355 -27.265644 18.677
 68    49.288 54608.09064281 37.25 301.798495 -27.262364 18.677
 68    49.089 54608.09064346 39.71 301.797645 -27.259074 18.677
 68    49.222 54608.09064410 26.28 301.796785 -27.255794 18.677
 68    48.687 54608.09064475 23.64 301.795935 -27.252514 18.677
 68    49.147 54608.09064539 22.74 301.795075 -27.249224 18.677
 68    49.470 54608.09064604 34.75 301.794225 -27.245944 18.677
 69    49.523 54643.09064804 48.98 301.801309 -27.276812 14.585
 69    49.477 54643.09064869 53.06 301.800459 -27.273532 14.585
 69    49.578 54643.09064933 52.53 301.799599 -27.270252 14.585
 69    49.665 54643.09064997 50.46 301.798746 -27.266962 27.946
 69    49.195 54643.09065062 45.27 301.797896 -27.263682 27.946
 69    49.540 54643.09065126 43.10 301.797036 -27.260402 27.946
 69    49.638 54643.09065191 45.22 301.796186 -27.257112 27.946
 69    49.481 54643.09065255 48.88 301.795326 -27.253832 27.946
 69    49.383 54643.09065320 50.68 301.794476 -27.250552 27.946
 69    49.501 54643.09065384 49.82 301.793616 -27.247262 27.946
 69    49.640 54643.09065449 45.16 301.792766 -27.243982 27.946
 70    49.240 54678.09064937 41.25 301.801671 -27.278793 14.134
 70    49.002 54678.09065001 40.99 301.800811 -27.275503 14.134
 70    48.892 54678.09065066 29.92 301.799961 -27.272223 14.134
 70    48.960 54678.09065130 34.69 301.799101 -27.268943 14.134
 70    49.266 54678.09065195 30.81 301.798247 -27.265654 16.871
 70    49.067 54678.09065259 28.03 301.797397 -27.262374 16.871
 70    49.136 54678.09065324 33.56 301.796537 -27.259094 16.871
 70    48.817 54678.09065388 31.30 301.795687 -27.255804 16.871
 70    48.732 54678.09065453 21.87 301.794827 -27.252524 16.871
 70    48.755 54678.09065517 22.24 301.793977 -27.249244 16.871
 70    49.036 54678.09065582 24.93 301.793117 -27.245954 16.871
 71    49.400 54713.09060269 32.86 301.801797 -27.279148 10.518
 71    48.918 54713.09060334 32.53 301.800937 -27.275868 10.518
 71    48.972 54713.09060398 23.69 301.800087 -27.272578 10.518
 71    49.511 54713.09060463 27.50 301.799227 -27.269298 10.518
 71    49.586 54713.09060527 23.62 301.798377 -27.266018 10.518
 71    49.376 54713.09060592 28.12 301.797522 -27.262727 16.961
 71    49.207 54713.09060656 37.07 301.796662 -27.259447 16.961
 71    49.099 54713.09060721 32.67 301.795812 -27.256167 16.961
 71    48.849 54713.09060785 26.62 301.794952 -27.252877 16.961
 71    48.775 54713.09060849 25.96 301.794102 -27.249597 16.961
 71    49.361 54713.09060914 27.32 301.793252 -27.246317 16.961
 72    50.202 54748.09061868 45.09 301.803075 -27.278968 32.032
 72    50.082 54748.09061932 43.84 301.802215 -27.275678 32.032
 72    50.094 54748.09061997 44.34 301.801365 -27.272398 32.032
 72    50.059 54748.09062061 46.75 301.800505 -27.269118 32.032
 72    50.090 54748.09062126 49.70 301.799655 -27.265828 32.032
 72    50.090 54748.09062190 37.99 301.798795 -27.262548 32.032
 72    49.981 54748.09062255 41.99 301.797945 -27.259258 32.032
 72    49.995 54748.09062319 47.71 301.797085 -27.255978 32.032
 72    50.077 54748.09062384 48.90 301.796235 -27.252698 32.032
 72    49.999 54748.09062448 47.74 301.795375 -27.249408 32.032
 72    50.047 54748.09062512 37.54 301.794525 -27.246128 32.032
 73    50.711 54783.09058912 52.56 301.802805 -27.277497 27.173
 73    50.866 54783.09058976 50.81 301.801945 -27.274207 27.173
 73    50.908 54783.09059041 50.33 301.801095 -27.270927 27.173
 73    50.825 54783.09059105 50.44 301.800235 -27.267647 27.173
 73    50.812 54783.09059170 46.42 301.799384 -27.264357 37.347
 73    50.668 54783.09059234 46.00 301.798534 -27.261077 37.347
 73    50.822 54783.09059299 42.50 301.797674 -27.257797 37.347
 73    50.828 54783.09059363 47.38 301.796824 -27.254507 37.347
 73    50.650 54783.09059428 40.59 301.795964 -27.251227 37.347
 73    50.576 54783.09059492 28.83 301.795114 -27.247947 37.347
 73    50.954 54783.09059556 32.80 301.794254 -27.244657 37.347
 74    49.121 54818.09061083 49.19 301.804351 -27.278706 18.913
 74    49.174 54818.09061148 51.53 301.803491 -27.275416 18.913
 74    49.283 54818.09061212 50.63 301.802641 -27.272136 18.913
 74    49.334 54818.09061276 49.21 301.801781 -27.268856 18.913
 74    49.089 54818.09061341 47.81 301.800925 -27.265568 30.458
 74    49.189 54818.09061405 36.41 301.800075 -27.262288 30.458
 74    49.086 54818.09061470 40.51 301.799215 -27.259008 30.458
 74    49.198 54818.09061534 49.12 301.798365 -27.255718 30.458
 74    49.173 54818.09061599 49.60 301.797505 -27.252438 30.458
 74    49.026 54818.09061663 47.79 301.796655 -27.249158 30.458
 74    49.072 54818.09061728 37.68 301.795795 -27.245868 30.458
 75    49.276 54853.09058691 49.64 301.802371 -27.278349 17.037
 75    49.370 54853.09058755 51.64 301.801521 -27.275059 17.037
 75    49.486 54853.09058820 50.70 301.800661 -27.271779 17.037
 75    49.493 54853.09058884 49.63 301.799811 -27.268499 17.037
 75    49.333 54853.09058949 48.65 301.798951 -27.265208 31.606
 75    49.176 54853.09059013 38.55 301.798101 -27.261928 31.606
 75    49.193 54853.09059078 41.61 301.797241 -27.258648 31.606
 75    49.376 54853.09059142 49.63 301.796391 -27.255358 31.606
 75    49.321 54853.09059207 49.62 301.795531 -27.252078 31.606
 75    49.178 54853.09059271 50.15 301.794681 -27.248798 31.606
 75    49.206 54853.09059336 48.97 301.793821 -27.245508 31.606
 76    49.535 54888.09061565 50.17 301.801407 -27.278095 16.363
 76    49.497 54888.09061630 52.10 301.800557 -27.274815 16.363
 76    49.735 54888.09061694 49.09 301.799697 -27.271535 16.363
 76    49.690 54888.09061759 48.05 301.798842 -27.268244 25.994
 76    49.487 54888.09061823 49.81 301.797992 -27.264964 25.994
 76    49.660 54888.09061888 37.03 301.797132 -27.261684 25.994
 76    49.386 54888.09061952 44.75 301.796282 -27.258394 25.994
 76    49.572 54888.09062017 47.28 301.795422 -27.255114 25.994
 76    49.516 54888.09062081 44.36 301.794572 -27.251834 25.994
 76    49.496 54888.09062145 37.38 301.793712 -27.248544 25.994
 76    49.310 54888.09062210 29.83 301.792862 -27.245264 25.994
 77    49.463 54923.09058632 28.59 301.797881 -27.278735  8.044
 77    49.140 54923.09058697 22.13 301.797021 -27.275455  8.044
 77    48.981 54923.09058761 17.08 301.796171 -27.272165  8.044
 77    48.792 54923.09058826 16.63 301.795311 -27.268885  8.044
 77    49.242 54923.09058890 17.65 301.794461 -27.265605  8.044
 77    49.414 54923.09058955 25.43 301.793608 -27.262315 20.515
 77    49.349 54923.09059019 36.84 301.792748 -27.259035 20.515
 77    49.152 54923.09059084 37.00 301.791898 -27.255755 20.515
 77    49.081 54923.09059148 23.58 301.791038 -27.252465 20.515
 77    48.920 54923.09059213 21.16 301.790188 -27.249185 20.515
 77    49.161 54923.09059277 27.44 301.789338 -27.245905 20.515
 78    48.749 54958.09061273 47.51 301.802800 -27.278968 13.361
 78    48.626 54958.09061338 51.68 301.801950 -27.275688 13.361
 78    48.584 54958.09061402 51.18 301.801090 -27.272408 13.361
 78    48.533 54958.09061467 51.94 301.800233 -27.269120 25.243
 78    48.438 54958.09061531 49.49 301.799383 -27.265840 25.243
 78    48.426 54958.09061596 41.92 301.798523 -27.262560 25.243
 78    48.581 54958.09061660 38.72 301.797673 -27.259270 25.243
 78    48.524 54958.09061725 45.07 301.796813 -27.255990 25.243
 78    48.485 54958.09061789 43.68 301.795963 -27.252710 25.243
 78    48.343 54958.09061854 47.17 301.795103 -27.249420 25.243
 78    48.375 54958.09061918 44.43 301.794253 -27.246140 25.243
 79    48.799 54993.09063595 48.35 301.799447 -27.276631 13.030
 79    48.531 54993.09063659 52.18 301.798587 -27.273351 13.030
 79    48.747 54993.09063724 38.50 301.797733 -27.270061 23.168
 79    48.937 54993.09063788 44.36 301.796883 -27.266781 23.168
 79    48.610 54993.09063853 46.23 301.796023 -27.263501 23.168
 79    48.740 54993.09063917 37.28 301.795173 -27.260211 23.168
 79    48.904 54993.09063982 40.81 301.794313 -27.256931 23.168
 79    48.775 54993.09064046 43.98 301.793463 -27.253651 23.168
 79    48.704 54993.09064111 28.77 301.792603 -27.250361 23.168
 79    48.339 54993.09064175 25.08 301.791753 -27.247081 23.168
 80    50.090 55028.09062561 49.29 301.801931 -27.276907 14.747
 80    50.210 55028.09062626 51.06 301.801071 -27.273627 14.747
 80    50.306 55028.09062690 47.46 301.800211 -27.270347 14.747
 80    50.101 55028.09062755 51.65 301.799360 -27.267057 27.103
 80    50.147 55028.09062819 45.05 301.798510 -27.263777 27.103
 80    50.229 55028.09062884 46.06 301.797650 -27.260497 27.103
 80    50.208 55028.09062948 46.78 301.796800 -27.257207 27.103
 80    50.178 55028.09063013 53.37 301.795940 -27.253927 27.103
 80    50.162 55028.09063077 52.98 301.795090 -27.250647 27.103
 80    50.125 55028.09063142 50.59 301.794230 -27.247357 27.103
 80    50.168 55028.09063206 47.51 301.793380 -27.244077 27.103
 81    50.259 55063.09061771 28.61 301.802956 -27.279173 14.317
 81    49.991 55063.09061835 23.92 301.802096 -27.275883 14.317
 81    50.036 55063.09061900 22.87 301.801246 -27.272603 14.317
 81    49.911 55063.09061964 23.52 301.800386 -27.269323 14.317
 81    50.038 55063.09062029 26.17 301.799533 -27.266034 21.116
 81    50.070 55063.09062093 34.91 301.798683 -27.262754 21.116
 81    50.053 55063.09062158 43.10 301.797823 -27.259474 21.116
 81    49.790 55063.09062222 42.39 301.796973 -27.256184 21.116
 81    49.664 55063.09062287 25.78 301.796113 -27.252904 21.116
 81    49.476 55063.09062351 22.92 301.795263 -27.249624 21.116
 81    50.066 55063.09062416 26.86 301.794403 -27.246334 21.116
 82    50.767 55098.09056503 50.66 301.797711 -27.277090 12.770
 82    50.895 55098.09056568 41.95 301.796861 -27.273800 12.770
 82    50.674 55098.09056632 29.91 301.796001 -27.270520 12.770
 82    50.715 55098.09056697 29.18 301.795151 -27.267240 12.770
 82    51.119 55098.09056761 35.30 301.794298 -27.263948 18.291
 82    50.911 55098.09056826 49.39 301.793438 -27.260668 18.291
 82    51.196 55098.09056890 48.69 301.792588 -27.257388 18.291
 82    51.041 55098.09056955 29.16 301.791728 -27.254098 18.291
 82    50.592 55098.09057019 28.55 301.790878 -27.250818 18.291
 82    50.603 55098.09057084 27.97 301.790018 -27.247538 18.291
 82    50.877 55098.09057148 43.84 301.789168 -27.244248 18.291
 83    53.426 55133.09056144 54.87 301.802993 -27.276943 17.966
 83    53.633 55133.09056208 51.63 301.802143 -27.273663 17.966
 83    53.619 55133.09056273 51.73 301.801283 -27.270383 17.966
 83    53.634 55133.09056337 52.35 301.800426 -27.267093 44.403
 83    53.562 55133.09056402 52.16 301.799576 -27.263813 44.403
 83    53.682 55133.09056466 51.51 301.798716 -27.260533 44.403
 83    53.562 55133.09056530 49.75 301.797866 -27.257243 44.403
 83    53.655 55133.09056595 53.86 301.797006 -27.253963 44.403
 83    53.684 55133.09056659 52.10 301.796156 -27.250683 44.403
 83    53.618 55133.09056724 52.77 301.795296 -27.247393 44.403
 83    53.614 55133.09056788 51.34 301.794446 -27.244113 44.403
 84    51.853 55168.09052650 51.65 301.802871 -27.277560 31.518
 84    51.889 55168.09052715 46.97 301.802011 -27.274280 31.518
 84    51.851 55168.09052779 47.51 301.801161 -27.270990 31.518
 84    51.988 55168.09052844 44.99 301.800301 -27.267710 31.518
 84    52.019 55168.09052908 48.41 301.799451 -27.264430 31.518
 84    51.871 55168.09052973 49.52 301.798593 -27.261140 33.868
 84    51.828 55168.09053037 47.43 301.797743 -27.257860 33.868
 84    51.630 55168.09053102 31.18 301.796883 -27.254580 33.868
 84    51.255 55168.09053166 25.03 301.796033 -27.251290 33.868
 84    51.396 55168.09053231 24.89 301.795173 -27.248010 33.868
 84    51.875 55168.09053295 27.83 301.794323 -27.244730 33.868
 85    52.776 55203.09055433 51.45 301.802720 -27.277379 16.889
 85    52.729 55203.09055498 53.03 301.801870 -27.274099 16.889
 85    52.793 55203.09055562 50.89 301.801010 -27.270819 16.889
 85    52.687 55203.09055627 49.75 301.800153 -27.267529 44.345
 85    52.879 55203.09055691 50.25 301.799303 -27.264249 44.345
 85    52.740 55203.09055756 49.13 301.798443 -27.260969 44.345
 85    52.659 55203.09055820 49.28 301.797593 -27.257679 44.345
 85    52.841 55203.09055885 49.33 301.796733 -27.254399 44.345
 85    52.737 55203.09055949 48.53 301.795883 -27.251119 44.345
 85    52.643 55203.09056013 40.48 301.795023 -27.247829 44.345
 85    52.976 55203.09056078 38.22 301.794173 -27.244549 44.345
 86    53.217 55238.09053444 52.01 301.800010 -27.277805 18.353
 86    53.167 55238.09053508 54.07 301.799160 -27.274515 18.353
 86    53.204 55238.09053573 49.78 301.798300 -27.271235 18.353
 86    53.278 55238.09053637 50.56 301.797450 -27.267955 18.353
 86    53.144 55238.09053701 52.19 301.796592 -27.264672 41.654
 86    53.099 55238.09053766 51.76 301.795732 -27.261382 41.654
 86    53.205 55238.09053830 51.15 301.794882 -27.258102 41.654
 86    53.186 55238.09053895 50.91 301.794022 -27.254812 41.654
 86    53.217 55238.09053959 50.96 301.793172 -27.251532 41.654
 86    53.124 55238.09054024 47.13 301.792322 -27.248252 41.654
 86    53.233 55238.09054088 41.09 301.791462 -27.244962 41.654
 87    51.260 55273.09054738 38.72 301.801970 -27.277234 12.002
 87    51.164 55273.09054803 26.42 301.801110 -27.273944 12.002
 87    51.429 55273.09054867 30.67 301.800260 -27.270664 12.002
 87    51.420 55273.09054932 31.34 301.799400 -27.267384 12.002
 87    51.462 55273.09054996 46.06 301.798548 -27.264095 28.454
 87    51.119 55273.09055061 52.12 301.797698 -27.260815 28.454
 87    51.063 55273.09055125 47.92 301.796838 -27.257535 28.454
 87    51.041 55273.09055190 31.89 301.795988 -27.254245 28.454
 87    50.690 55273.09055254 27.16 301.795128 -27.250965 28.454
 87    50.869 55273.09055319 25.98 301.794278 -27.247685 28.454
 87    51.334 55273.09055383 31.62 301.793418 -27.244395 28.454
 88    51.066 55308.09051719 38.16 301.800620 -27.278092 11.042
 88    50.734 55308.09051784 36.93 301.799770 -27.274802 11.042
 88    50.606 55308.09051848 27.43 301.798910 -27.271522 11.042
 88    50.884 55308.09051913 26.42 301.798060 -27.268242 11.042
 88    51.212 55308.09051977 32.20 301.797205 -27.264953 28.092
 88    50.889 55308.09052042 48.23 301.796345 -27.261673 28.092
 88    51.023 55308.09052106 49.43 301.795495 -27.258393 28.092
 88    50.826 55308.09052171 33.39 301.794635 -27.255103 28.092
 88    50.532 55308.09052235 27.94 301.793785 -27.251823 28.092
 88    50.553 55308.09052300 25.85 301.792935 -27.248543 28.092
 88    50.928 55308.09052364 28.84 301.792075 -27.245253 28.092
 89    51.147 55343.09051754 53.20 301.803611 -27.278060 26.816
 89    51.047 55343.09051818 43.80 301.802751 -27.274770 26.816
 89    51.345 55343.09051883 36.41 301.801901 -27.271490 26.816
 89    51.177 55343.09051947 42.12 301.801041 -27.268210 26.816
 89    51.315 55343.09052012 44.59 301.800187 -27.264919 34.169
 89    51.039 55343.09052076 49.30 301.799337 -27.261639 34.169
 89    51.008 55343.09052140 49.22 301.798477 -27.258359 34.169
 89    50.918 55343.09052205 33.06 301.797627 -27.255069 34.169
 89    50.630 55343.09052269 26.09 301.796767 -27.251789 34.169
 89    50.563 55343.09052334 28.61 301.795917 -27.248509 34.169
 89    51.139 55343.09052398 28.54 301.795057 -27.245219 34.169
 90    49.514 55378.09051087 49.03 301.802304 -27.279544 27.571
 90    49.612 55378.09051151 50.63 301.801454 -27.276254 27.571
 90    49.577 55378.09051215 49.47 301.800594 -27.272974 27.571
 90    49.558 55378.09051280 50.18 301.799744 -27.269694 27.571
 90    49.562 55378.09051344 49.82 301.798884 -27.266403 38.519
 90    49.250 55378.09051409 41.87 301.798034 -27.263123 38.519
 90    49.533 55378.09051473 39.89 301.797174 -27.259843 38.519
 90    49.648 55378.09051538 46.76 301.796324 -27.256553 38.519
 90    49.454 55378.09051602 53.12 301.795464 -27.253273 38.519
 90    49.462 55378.09051667 51.07 301.794614 -27.249993 38.519
 90    49.508 55378.09051731 51.74 301.793754 -27.246703 38.519
 91    49.305 55413.09053559 47.12 301.804294 -27.277586 25.390
 91    49.185 55413.09053623 39.94 301.803444 -27.274306 25.390
 91    49.429 55413.09053688 34.17 301.802584 -27.271026 25.390
 91    49.233 55413.09053752 45.70 301.801727 -27.267738 35.273
 91    49.134 55413.09053817 39.80 301.800877 -27.264458 35.273
 91    49.591 55413.09053881 40.32 301.800017 -27.261178 35.273
 91    49.318 55413.09053946 43.50 301.799167 -27.257888 35.273
 91    49.155 55413.09054010 45.32 301.798307 -27.254608 35.273
 91    49.210 55413.09054074 32.71 301.797457 -27.251328 35.273
 91    49.441 55413.09054139 25.74 301.796597 -27.248038 35.273
 91    50.014 55413.09054203 28.70 301.795747 -27.244758 35.273
 92    48.831 55448.09052527 49.49 301.802927 -27.279149 26.540
 92    48.890 55448.09052591 49.13 301.802067 -27.275869 26.540
 92    48.795 55448.09052656 53.69 301.801217 -27.272579 26.540
 92    48.924 55448.09052720 47.66 301.800357 -27.269299 26.540
 92    48.925 55448.09052785 48.35 301.799507 -27.266019 26.540
 92    48.605 55448.09052849 39.59 301.798647 -27.262728 37.656
 92    48.798 55448.09052914 41.10 301.797797 -27.259448 37.656
 92    48.997 55448.09052978 49.40 301.796937 -27.256168 37.656
 92    48.774 55448.09053042 52.07 301.796087 -27.252878 37.656
 92    48.852 55448.09053107 50.84 301.795227 -27.249598 37.656
 92    48.790 55448.09053171 47.57 301.794377 -27.246318 37.656
 93    50.390 55483.09045400 24.77 301.799805 -27.276960 20.423
 93    50.128 55483.09045465 20.91 301.798945 -27.273680 20.423
 93    49.733 55483.09045529 20.37 301.798095 -27.270390 20.423
 93    49.963 55483.09045594 22.07 301.797235 -27.267110 20.423
 93    50.211 55483.09045658 32.77 301.796385 -27.263820 20.423
 93    50.152 55483.09045723 41.04 301.795533 -27.260547 32.113
 93    50.020 55483.09045787 43.43 301.794673 -27.257257 32.113
 93    49.769 55483.09045852 28.77 301.793823 -27.253977 32.113
 93    49.530 55483.09045916 23.19 301.792963 -27.250687 32.113
 93    50.013 55483.09045981 23.70 301.792113 -27.247407 32.113
 93    50.339 55483.09046045 35.94 301.791263 -27.244127 32.113
