# NaN NaN NaN ;Mean Elev.(m), Avg Gradient(m/km), RMS Gradient(m/km) - SRTM1     
#    5.351  -0.182   4.397 ;Mean Elev.(m), Avg Gradient(m/km), RMS Gradient(m/km) - ASTER GDEM
#    5.320   0.364   1.823 ;Mean Elev.(m), Avg Gradient(m/km), RMS Gradient(m/km) - GMTED2010 
  7     9.086 52466.57037935 46.64 299.225370 -32.490754 27.896
  7     8.921 52466.57038000 32.69 299.224450 -32.494024 27.896
  7     8.670 52466.57038064 27.70 299.223530 -32.497304 27.896
  7     8.579 52466.57038129 27.43 299.222600 -32.500574 27.896
  7     8.746 52466.57038193 26.58 299.221680 -32.503854 27.896
  7     9.023 52466.57038258 26.71 299.220760 -32.507124 27.896
  7     8.994 52466.57038322 27.13 299.219830 -32.510404 27.896
  7     9.044 52466.57038387 35.60 299.218910 -32.513674 27.896
  7     9.043 52466.57038451 40.45 299.217990 -32.516954 27.896
  8     8.013 52501.57037190 41.11 299.227121 -32.489671 39.822
  8     7.967 52501.57037254 30.84 299.226201 -32.492941 39.822
  8     7.728 52501.57037319 21.47 299.225281 -32.496221 39.822
  8     7.339 52501.57037383 20.68 299.224351 -32.499491 39.822
  8     6.861 52501.57037448 21.67 299.223425 -32.502768 22.173
  8     7.664 52501.57037512 20.90 299.222505 -32.506038 22.173
  8     7.644 52501.57037577 20.11 299.221585 -32.509318 22.173
  8     8.074 52501.57037641 19.80 299.220655 -32.512588 22.173
  8     8.054 52501.57037706 20.11 299.219735 -32.515868 22.173
  8     8.126 52501.57037770 24.45 299.218815 -32.519138 22.173
  9     7.481 52536.57035926 24.74 299.218607 -32.493717 28.052
  9     7.339 52536.57035990 19.96 299.217687 -32.496997 28.052
  9     7.020 52536.57036054 24.77 299.216757 -32.500267 28.052
  9     7.364 52536.57036119 18.66 299.215837 -32.503547 28.052
  9     7.392 52536.57036183 19.50 299.214907 -32.506817 28.052
  9     7.537 52536.57036248 19.41 299.213987 -32.510097 28.052
  9     7.715 52536.57036312 18.69 299.213057 -32.513367 28.052
 10     8.864 52571.57039433 47.09 299.222995 -32.491014 43.799
 10     8.895 52571.57039497 52.44 299.222075 -32.494284 43.799
 10     8.903 52571.57039562 52.56 299.221145 -32.497564 43.799
 10     8.813 52571.57039626 52.58 299.220225 -32.500834 43.799
 10     8.784 52571.57039691 53.62 299.219305 -32.504114 43.799
 10     8.754 52571.57039755 51.53 299.218375 -32.507384 43.799
 10     8.765 52571.57039820 53.74 299.217455 -32.510664 43.799
 10     8.615 52571.57039884 42.54 299.216525 -32.513934 43.799
 11     8.768 52606.57035640 40.35 299.230255 -32.487712 30.656
 11     8.713 52606.57035704 37.46 299.229335 -32.490982 30.656
 11     8.510 52606.57035769 24.10 299.228405 -32.494262 30.656
 11     8.091 52606.57035833 19.02 299.227485 -32.497532 30.656
 11     7.726 52606.57035898 20.01 299.226565 -32.500812 30.656
 11     7.185 52606.57035962 20.17 299.225635 -32.504082 30.656
 11     7.813 52606.57036027 19.15 299.224715 -32.507362 30.656
 11     7.178 52606.57036091 19.25 299.223795 -32.510632 30.656
 11     8.451 52606.57036156 19.49 299.222865 -32.513912 30.656
 11     8.555 52606.57036220 18.89 299.221945 -32.517182 30.656
 11     8.105 52606.57036285 22.01 299.221015 -32.520462 30.656
 12     9.898 52641.57035194 43.40 299.221321 -32.491361 41.883
 12     9.784 52641.57035258 29.26 299.220401 -32.494631 41.883
 12     9.729 52641.57035322 30.34 299.219481 -32.497911 41.883
 12     9.299 52641.57035387 26.96 299.218551 -32.501181 41.883
 12     9.043 52641.57035451 26.80 299.217631 -32.504461 41.883
 12     9.051 52641.57035516 27.95 299.216711 -32.507731 41.883
 12     9.505 52641.57035580 28.55 299.215781 -32.511011 41.883
 12     9.944 52641.57035645 46.13 299.214861 -32.514281 41.883
 13     9.041 52676.57033961 37.23 299.230059 -32.488189 28.461
 13     9.080 52676.57034025 41.14 299.229129 -32.491459 28.461
 13     8.813 52676.57034090 25.17 299.228209 -32.494739 28.461
 13     8.495 52676.57034154 21.33 299.227289 -32.498009 28.461
 13     8.208 52676.57034219 17.79 299.226359 -32.501289 28.461
 13     7.864 52676.57034283 19.11 299.225439 -32.504559 28.461
 13     8.250 52676.57034348 18.51 299.224519 -32.507839 28.461
 13     8.555 52676.57034412 19.22 299.223589 -32.511109 28.461
 13     8.933 52676.57034477 21.22 299.222669 -32.514389 28.461
 13     8.912 52676.57034541 18.88 299.221749 -32.517659 28.461
 13     8.642 52676.57034605 21.96 299.220819 -32.520939 28.461
 14     9.885 52711.57036879 41.33 299.221202 -32.492358 32.665
 14     9.520 52711.57036944 34.03 299.220282 -32.495638 32.665
 14     9.714 52711.57037008 35.59 299.219362 -32.498908 32.665
 14     9.794 52711.57037072 38.72 299.218432 -32.502188 32.665
 14     9.784 52711.57037137 38.88 299.217512 -32.505458 32.665
 14     9.767 52711.57037201 38.81 299.216592 -32.508728 32.665
 14     9.756 52711.57037266 42.15 299.215662 -32.512008 32.665
 14     9.816 52711.57037330 40.54 299.214742 -32.515278 32.665
 15     9.752 52746.57039604 39.04 299.218350 -32.493663 34.537
 15     9.339 52746.57039669 29.85 299.217430 -32.496943 34.537
 15     9.667 52746.57039733 32.17 299.216510 -32.500213 34.537
 15     9.640 52746.57039797 37.82 299.215580 -32.503493 34.537
 15     9.578 52746.57039862 34.98 299.214660 -32.506763 34.537
 15     9.538 52746.57039926 33.12 299.213740 -32.510043 34.537
 15     9.693 52746.57039991 32.52 299.212810 -32.513313 34.537
 16     9.397 52781.57033402 30.49 299.219304 -32.492448 39.441
 16     9.242 52781.57033466 26.76 299.218374 -32.495718 39.441
 16     9.100 52781.57033531 25.29 299.217454 -32.498998 39.441
 16     8.789 52781.57033595 25.61 299.216524 -32.502268 39.441
 16     9.186 52781.57033660 21.62 299.215604 -32.505538 39.441
 16     9.275 52781.57033724 23.03 299.214684 -32.508818 39.441
 16     9.490 52781.57033789 29.62 299.213754 -32.512088 39.441
 17     7.797 52816.57041468 25.15 299.217997 -32.493944 34.332
 17     7.642 52816.57041533 19.30 299.217067 -32.497214 34.332
 17     7.759 52816.57041597 17.05 299.216147 -32.500494 34.332
 17     8.214 52816.57041662 17.24 299.215227 -32.503764 34.332
 17     8.261 52816.57041726 19.36 299.214297 -32.507044 34.332
 17     8.031 52816.57041791 22.09 299.213377 -32.510314 34.332
 17     7.937 52816.57041855 23.17 299.212447 -32.513594 34.332
 18     7.233 52851.57046465 42.16 299.224470 -32.489054 27.780
 18     7.341 52851.57046529 40.70 299.223550 -32.492334 27.780
 18     7.173 52851.57046594 26.12 299.222620 -32.495604 27.780
 18     7.174 52851.57046658 24.15 299.221700 -32.498884 27.780
 18     7.177 52851.57046723 24.39 299.220780 -32.502154 27.780
 18     7.128 52851.57046787 27.25 299.219850 -32.505434 27.780
 18     7.176 52851.57046852 29.00 299.218930 -32.508704 27.780
 18     7.174 52851.57046916 26.38 299.218000 -32.511984 27.780
 18     7.203 52851.57046981 21.90 299.217080 -32.515254 27.780
 19     7.138 52886.57049932 32.19 299.221764 -32.490155 24.206
 19     6.867 52886.57049996 25.47 299.220844 -32.493435 24.206
 19     6.931 52886.57050061 21.28 299.219914 -32.496705 24.206
 19     6.834 52886.57050125 22.69 299.218994 -32.499985 24.206
 19     6.788 52886.57050189 16.61 299.218074 -32.503255 24.206
 19     6.916 52886.57050254 17.05 299.217144 -32.506535 24.206
 19     7.251 52886.57050318 15.76 299.216224 -32.509805 24.206
 19     7.214 52886.57050383 16.96 299.215294 -32.513085 24.206
 20     7.558 52921.57045469 39.65 299.228350 -32.490355 28.016
 20     7.461 52921.57045533 29.00 299.227430 -32.493625 28.016
 20     7.309 52921.57045598 23.83 299.226500 -32.496905 28.016
 20     7.072 52921.57045662 21.59 299.225580 -32.500175 28.016
 20     7.043 52921.57045726 23.32 299.224660 -32.503455 28.016
 20     7.301 52921.57045791 22.70 299.223740 -32.506725 28.016
 20     7.437 52921.57045855 26.51 299.222810 -32.510005 28.016
 20     7.385 52921.57045920 34.79 299.221890 -32.513275 28.016
 20     7.433 52921.57045984 26.86 299.220960 -32.516555 28.016
 20     7.365 52921.57046049 35.09 299.220040 -32.519825 28.016
 21     7.599 52956.57041958 37.50 299.228409 -32.489778 31.149
 21     7.549 52956.57042023 39.15 299.227489 -32.493058 31.149
 21     7.535 52956.57042087 35.09 299.226559 -32.496328 31.149
 21     7.616 52956.57042151 33.44 299.225639 -32.499608 31.149
 21     7.475 52956.57042216 25.31 299.224709 -32.502878 31.149
 21     7.525 52956.57042280 22.49 299.223789 -32.506158 31.149
 21     7.659 52956.57042345 24.22 299.222869 -32.509428 31.149
 21     7.632 52956.57042409 25.44 299.221939 -32.512708 31.149
 21     7.530 52956.57042474 24.45 299.221019 -32.515978 31.149
 21     6.890 52956.57042538 24.73 299.220089 -32.519258 31.149
 22     7.829 52991.57043782 31.22 299.230632 -32.488469 36.398
 22     7.829 52991.57043847 35.36 299.229702 -32.491749 36.398
 22     7.456 52991.57043911 18.87 299.228782 -32.495019 36.398
 22     7.336 52991.57043976 16.51 299.227862 -32.498299 36.398
 22     6.895 52991.57044040 17.15 299.226932 -32.501569 36.398
 22     6.976 52991.57044105 18.04 299.226012 -32.504849 36.398
 22     7.403 52991.57044169 17.47 299.225092 -32.508119 36.398
 22     7.739 52991.57044234 17.60 299.224166 -32.511396 19.745
 22     7.667 52991.57044298 19.10 299.223246 -32.514666 19.745
 22     7.576 52991.57044363 17.06 299.222316 -32.517946 19.745
 22     7.638 52991.57044427 17.07 299.221396 -32.521216 19.745
 23     9.100 53026.57040273 42.94 299.238320 -32.483787 21.516
 23     9.092 53026.57040338 44.55 299.237400 -32.487067 21.516
 23     8.922 53026.57040402 28.85 299.236480 -32.490337 21.516
 23     8.697 53026.57040467 21.87 299.235550 -32.493617 21.516
 23     8.444 53026.57040531 20.16 299.234630 -32.496887 21.516
 23     7.942 53026.57040596 18.54 299.233710 -32.500167 21.516
 23     7.959 53026.57040660 19.64 299.232780 -32.503437 21.516
 23     8.360 53026.57040725 18.01 299.231860 -32.506717 21.516
 23     8.312 53026.57040789 23.05 299.230940 -32.509987 21.516
 23     8.473 53026.57040853 21.89 299.230010 -32.513267 21.516
 23     8.472 53026.57040918 18.90 299.229090 -32.516537 21.516
 23     8.197 53026.57040982 19.09 299.228170 -32.519817 21.516
 23     8.150 53026.57041047 21.16 299.227240 -32.523087 21.516
 23     8.421 53026.57041111 23.25 299.226320 -32.526367 21.516
 24     7.903 53061.57041313 34.22 299.233117 -32.486792 29.324
 24     7.398 53061.57041378 38.02 299.232197 -32.490062 29.324
 24     7.291 53061.57041442 39.23 299.231267 -32.493342 29.324
 24     7.202 53061.57041506 38.84 299.230347 -32.496612 29.324
 24     7.178 53061.57041571 41.68 299.229417 -32.499892 29.324
 24     7.356 53061.57041635 44.61 299.228497 -32.503162 29.324
 24     7.379 53061.57041700 47.68 299.227577 -32.506442 29.324
 24     7.352 53061.57041764 48.45 299.226647 -32.509712 29.324
 24     7.369 53061.57041829 50.21 299.225727 -32.512992 29.324
 24     7.329 53061.57041893 50.61 299.224807 -32.516262 29.324
 24     7.275 53061.57041958 51.13 299.223879 -32.519537 35.492
 24     7.292 53061.57042022 52.30 299.222949 -32.522817 35.492
 25     7.207 53096.57044023 32.77 299.222733 -32.490344 30.030
 25     7.184 53096.57044087 20.03 299.221803 -32.493614 30.030
 25     6.983 53096.57044152 19.51 299.220883 -32.496894 30.030
 25     6.810 53096.57044216 21.15 299.219963 -32.500164 30.030
 25     6.692 53096.57044281 19.10 299.219043 -32.503444 30.030
 25     7.136 53096.57044345 16.59 299.218113 -32.506714 30.030
 25     7.252 53096.57044410 20.22 299.217193 -32.509994 30.030
 25     7.276 53096.57044474 19.64 299.216273 -32.513264 30.030
 26     7.983 53131.57041223 39.24 299.232875 -32.488559 31.163
 26     7.903 53131.57041288 42.85 299.231955 -32.491839 31.163
 26     7.643 53131.57041352 18.28 299.231035 -32.495109 31.163
 26     7.184 53131.57041417 23.59 299.230105 -32.498389 31.163
 26     6.896 53131.57041481 24.56 299.229185 -32.501659 31.163
 26     7.111 53131.57041546 21.97 299.228265 -32.504939 31.163
 26     7.513 53131.57041610 19.50 299.227335 -32.508209 31.163
 26     7.581 53131.57041675 18.77 299.226415 -32.511489 31.163
 26     7.565 53131.57041739 21.18 299.225485 -32.514759 31.163
 26     7.666 53131.57041804 19.27 299.224565 -32.518039 31.163
 26     7.432 53131.57041868 18.49 299.223645 -32.521309 31.163
 26     7.380 53131.57041933 26.60 299.222715 -32.524589 31.163
 28     7.775 53201.57048972 40.45 299.224672 -32.489763 36.311
 28     7.759 53201.57049037 26.43 299.223752 -32.493043 36.311
 28     7.107 53201.57049101 16.30 299.222832 -32.496313 36.311
 28     7.252 53201.57049166 19.48 299.221902 -32.499593 36.311
 28     7.155 53201.57049230 19.56 299.220982 -32.502863 36.311
 28     7.526 53201.57049295 17.35 299.220052 -32.506143 36.311
 28     7.885 53201.57049359 18.32 299.219132 -32.509413 36.311
 28     7.850 53201.57049424 19.36 299.218212 -32.512693 36.311
 28     7.649 53201.57049488 20.65 299.217282 -32.515963 36.311
 29     8.361 53236.57045757 45.03 299.236868 -32.485103 27.075
 29     8.374 53236.57045821 41.07 299.235948 -32.488373 27.075
 29     8.240 53236.57045886 28.14 299.235018 -32.491653 27.075
 29     7.940 53236.57045950 24.04 299.234098 -32.494923 27.075
 29     7.528 53236.57046015 19.54 299.233178 -32.498203 27.075
 29     7.737 53236.57046079 19.41 299.232258 -32.501473 27.075
 29     7.789 53236.57046144 18.38 299.231328 -32.504753 27.075
 29     7.782 53236.57046208 20.02 299.230408 -32.508023 27.075
 29     7.981 53236.57046272 20.10 299.229478 -32.511303 27.075
 29     7.926 53236.57046337 18.59 299.228558 -32.514573 27.075
 29     7.820 53236.57046401 18.76 299.227638 -32.517853 27.075
 29     7.546 53236.57046466 19.35 299.226708 -32.521123 27.075
 29     7.697 53236.57046530 24.06 299.225788 -32.524403 27.075
 29     7.798 53236.57046595 28.98 299.224868 -32.527673 27.075
 30     6.929 53271.57041729 37.30 299.223216 -32.489684 27.956
 30     6.999 53271.57041793 40.27 299.222286 -32.492954 27.956
 30     6.938 53271.57041857 28.81 299.221366 -32.496234 27.956
 30     6.718 53271.57041922 23.52 299.220436 -32.499504 27.956
 30     6.577 53271.57041986 21.50 299.219516 -32.502784 27.956
 30     6.828 53271.57042051 28.17 299.218596 -32.506054 27.956
 30     6.798 53271.57042115 25.33 299.217666 -32.509334 27.956
 30     7.001 53271.57042180 19.52 299.216746 -32.512604 27.956
 30     7.347 53271.57042244 19.31 299.215816 -32.515874 27.956
 31     7.113 53306.57048269 26.80 299.216613 -32.494528 28.733
 31     6.988 53306.57048334 18.61 299.215683 -32.497798 28.733
 31     6.967 53306.57048398 20.07 299.214763 -32.501078 28.733
 31     7.134 53306.57048462 19.41 299.213843 -32.504348 28.733
 31     7.095 53306.57048527 18.98 299.212916 -32.507623 11.905
 31     7.008 53306.57048591 17.67 299.211996 -32.510893 11.905
 32     9.220 53341.57044921 47.76 299.226826 -32.490827 44.030
 32     8.903 53341.57044986 38.58 299.225896 -32.494097 44.030
 32     9.007 53341.57045050 40.06 299.224976 -32.497377 44.030
 32     9.108 53341.57045115 43.11 299.224056 -32.500647 44.030
 32     9.117 53341.57045179 43.14 299.223126 -32.503927 44.030
 32     9.154 53341.57045244 43.61 299.222206 -32.507197 44.030
 32     9.204 53341.57045308 46.44 299.221286 -32.510474 37.018
 32     9.185 53341.57045372 46.94 299.220356 -32.513744 37.018
 32     9.154 53341.57045437 37.18 299.219436 -32.517024 37.018
 33     9.045 53376.57038035 42.65 299.233155 -32.487200 40.106
 33     8.957 53376.57038099 36.84 299.232235 -32.490480 40.106
 33     8.663 53376.57038164 25.19 299.231305 -32.493750 40.106
 33     8.297 53376.57038228 20.17 299.230385 -32.497028 31.662
 33     7.963 53376.57038293 22.65 299.229465 -32.500298 31.662
 33     7.359 53376.57038357 20.15 299.228545 -32.503578 31.662
 33     7.146 53376.57038422 21.47 299.227615 -32.506848 31.662
 33     7.683 53376.57038486 22.57 299.226695 -32.510128 31.662
 33     8.214 53376.57038551 20.09 299.225775 -32.513398 31.662
 33     8.384 53376.57038615 20.54 299.224845 -32.516678 31.662
 33     8.275 53376.57038679 24.07 299.223925 -32.519948 31.662
 33     8.492 53376.57038744 30.30 299.223005 -32.523228 31.662
 34     9.183 53411.57042417 41.26 299.229223 -32.489872 42.034
 34     8.875 53411.57042481 25.87 299.228293 -32.493142 42.034
 34     8.438 53411.57042546 23.20 299.227373 -32.496422 42.034
 34     7.984 53411.57042610 22.56 299.226453 -32.499692 42.034
 34     7.433 53411.57042675 22.14 299.225523 -32.502972 42.034
 34     7.148 53411.57042739 21.22 299.224603 -32.506242 42.034
 34     8.206 53411.57042804 20.91 299.223679 -32.509518 36.209
 34     8.784 53411.57042868 21.20 299.222749 -32.512798 36.209
 34     8.930 53411.57042932 22.08 299.221829 -32.516068 36.209
 34     8.583 53411.57042997 26.53 299.220909 -32.519338 36.209
 35     8.834 53446.57040728 37.86 299.220082 -32.491102 38.090
 35     8.660 53446.57040793 27.62 299.219152 -32.494372 38.090
 35     8.344 53446.57040857 23.41 299.218232 -32.497652 38.090
 35     7.915 53446.57040922 23.39 299.217302 -32.500922 38.090
 35     7.938 53446.57040986 23.64 299.216378 -32.504196 32.539
 35     8.481 53446.57041051 22.88 299.215458 -32.507476 32.539
 35     8.619 53446.57041115 22.68 299.214528 -32.510746 32.539
 35     8.605 53446.57041180 24.14 299.213608 -32.514026 32.539
 36     8.593 53481.57049284 39.82 299.216398 -32.493373 42.638
 36     8.214 53481.57049349 24.94 299.215478 -32.496653 42.638
 36     8.156 53481.57049413 21.64 299.214558 -32.499923 42.638
 36     8.480 53481.57049478 17.68 299.213632 -32.503200 26.048
 36     8.537 53481.57049542 22.55 299.212712 -32.506470 26.048
 36     8.229 53481.57049606 25.04 299.211782 -32.509750 26.048
 36     8.142 53481.57049671 25.23 299.210862 -32.513020 26.048
 37     7.880 53516.57049530 38.97 299.226776 -32.491196 38.644
 37     7.818 53516.57049594 21.27 299.225856 -32.494476 38.644
 37     7.622 53516.57049659 17.74 299.224926 -32.497746 38.644
 37     7.144 53516.57049723 19.84 299.224006 -32.501026 38.644
 37     7.593 53516.57049788 18.67 299.223086 -32.504296 38.644
 37     7.911 53516.57049852 20.08 299.222165 -32.507571 32.805
 37     7.793 53516.57049917 21.96 299.221235 -32.510851 32.805
 37     7.904 53516.57049981 25.19 299.220315 -32.514121 32.805
 37     7.923 53516.57050046 25.20 299.219395 -32.517391 32.805
 38     8.650 53551.57051629 43.98 299.220360 -32.490995 41.202
 38     8.352 53551.57051693 28.26 299.219440 -32.494265 41.202
 38     8.217 53551.57051757 28.20 299.218510 -32.497545 41.202
 38     8.197 53551.57051822 26.59 299.217590 -32.500815 41.202
 38     8.047 53551.57051886 27.67 299.216671 -32.504090 28.007
 38     7.976 53551.57051951 27.19 299.215741 -32.507370 28.007
 38     8.048 53551.57052015 26.93 299.214821 -32.510640 28.007
 38     8.374 53551.57052080 26.74 299.213901 -32.513910 28.007
 39     7.674 53586.57047080 38.75 299.231727 -32.487336 38.239
 39     7.666 53586.57047144 38.33 299.230807 -32.490606 38.239
 39     7.559 53586.57047209 35.75 299.229887 -32.493886 38.239
 39     7.310 53586.57047273 26.48 299.228957 -32.497156 38.239
 39     6.879 53586.57047338 19.25 299.228037 -32.500436 38.239
 39     7.144 53586.57047402 19.13 299.227117 -32.503706 38.239
 39     7.389 53586.57047467 18.86 299.226187 -32.506986 38.239
 39     7.634 53586.57047531 24.25 299.225267 -32.510256 38.239
 39     7.523 53586.57047596 27.33 299.224347 -32.513533 30.341
 39     7.510 53586.57047660 27.46 299.223417 -32.516803 30.341
 39     7.444 53586.57047725 26.46 299.222497 -32.520083 30.341
 39     7.920 53586.57047789 28.47 299.221577 -32.523353 30.341
 40     6.494 53621.57043601 28.27 299.213570 -32.495271 20.698
 40     7.301 53621.57043665 21.35 299.212650 -32.498541 20.698
 40     6.655 53621.57043730 21.87 299.211730 -32.501821 20.698
 40     8.032 53621.57043794 18.99 299.210800 -32.505091 20.698
 40     7.805 53621.57043859 25.04 299.209880 -32.508371 20.698
 40     7.927 53621.57043923 18.81 299.208950 -32.511641 20.698
 41     7.557 53656.57046344 29.08 299.221989 -32.491002 40.883
 41     7.491 53656.57046408 30.02 299.221059 -32.494272 40.883
 41     7.428 53656.57046473 22.00 299.220139 -32.497542 40.883
 41     7.066 53656.57046537 18.92 299.219219 -32.500822 40.883
 41     7.310 53656.57046601 15.36 299.218292 -32.504097 18.614
 41     7.544 53656.57046666 21.03 299.217372 -32.507367 18.614
 41     7.525 53656.57046730 19.76 299.216442 -32.510647 18.614
 41     7.549 53656.57046795 18.14 299.215522 -32.513917 18.614
 42     9.109 53691.57045107 44.30 299.224999 -32.491440 36.607
 42     9.125 53691.57045171 41.74 299.224069 -32.494710 36.607
 42     9.040 53691.57045236 39.13 299.223149 -32.497990 36.607
 42     9.083 53691.57045300 37.15 299.222229 -32.501260 36.607
 42     9.069 53691.57045365 38.60 299.221299 -32.504540 36.607
 42     9.003 53691.57045429 36.81 299.220379 -32.507810 36.607
 42     9.035 53691.57045494 38.70 299.219458 -32.511086 29.110
 42     9.039 53691.57045558 40.71 299.218528 -32.514366 29.110
 43     7.813 53726.57037383 39.36 299.233709 -32.488028 36.908
 43     7.792 53726.57037448 40.85 299.232789 -32.491298 36.908
 43     7.690 53726.57037512 19.71 299.231869 -32.494578 36.908
 43     7.049 53726.57037577 20.28 299.230939 -32.497848 36.908
 43     6.770 53726.57037641 20.34 299.230019 -32.501128 36.908
 43     7.140 53726.57037706 20.20 299.229099 -32.504398 36.908
 43     7.361 53726.57037770 20.81 299.228169 -32.507678 36.908
 43     7.589 53726.57037835 19.73 299.227249 -32.510948 36.908
 43     7.653 53726.57037899 24.62 299.226325 -32.514226 30.574
 43     7.604 53726.57037964 22.81 299.225405 -32.517496 30.574
 43     7.622 53726.57038028 22.37 299.224485 -32.520776 30.574
 43     7.672 53726.57038093 25.64 299.223555 -32.524046 30.574
 44     7.883 53761.57032527 39.84 299.230691 -32.488683 36.780
 44     7.876 53761.57032592 34.83 299.229771 -32.491963 36.780
 44     7.603 53761.57032656 20.26 299.228841 -32.495233 36.780
 44     7.116 53761.57032721 17.22 299.227921 -32.498513 36.780
 44     6.841 53761.57032785 19.02 299.226991 -32.501783 36.780
 44     7.489 53761.57032850 18.66 299.226071 -32.505058 31.586
 44     7.456 53761.57032914 20.61 299.225151 -32.508338 31.586
 44     7.873 53761.57032978 25.99 299.224221 -32.511608 31.586
 44     7.893 53761.57033043 26.25 299.223301 -32.514878 31.586
 44     7.867 53761.57033107 22.31 299.222371 -32.518158 31.586
 44     7.577 53761.57033172 22.50 299.221451 -32.521428 31.586
 45     7.433 53796.57033869 31.88 299.233222 -32.487247 39.393
 45     7.375 53796.57033933 41.02 299.232302 -32.490527 39.393
 45     7.345 53796.57033998 37.84 299.231372 -32.493797 39.393
 45     7.192 53796.57034062 23.46 299.230452 -32.497077 39.393
 45     6.784 53796.57034127 25.25 299.229532 -32.500347 39.393
 45     6.624 53796.57034191 21.33 299.228602 -32.503627 39.393
 45     7.047 53796.57034256 19.68 299.227682 -32.506897 39.393
 45     7.143 53796.57034320 20.31 299.226765 -32.510175 29.088
 45     7.184 53796.57034385 23.28 299.225835 -32.513445 29.088
 45     7.158 53796.57034449 25.22 299.224915 -32.516725 29.088
 45     7.183 53796.57034513 19.90 299.223985 -32.519995 29.088
 45     7.461 53796.57034578 18.48 299.223065 -32.523275 29.088
 47     8.385 53866.57039770 44.72 299.220993 -32.492739 30.186
 47     7.684 53866.57039834 34.50 299.220073 -32.496009 30.186
 47     8.144 53866.57039899 40.67 299.219143 -32.499289 30.186
 47     8.224 53866.57039963 43.60 299.218223 -32.502559 30.186
 47     8.323 53866.57040028 46.00 299.217303 -32.505839 30.186
 47     8.239 53866.57040092 44.76 299.216373 -32.509109 30.186
 47     8.160 53866.57040157 45.09 299.215453 -32.512379 30.186
 48     7.768 53901.57042571 40.41 299.225100 -32.489142 44.715
 48     7.745 53901.57042635 35.35 299.224180 -32.492412 44.715
 48     7.553 53901.57042700 16.62 299.223260 -32.495688 29.031
 48     7.556 53901.57042764 20.26 299.222330 -32.498958 29.031
 48     7.809 53901.57042829 19.59 299.221410 -32.502238 29.031
 48     7.626 53901.57042893 19.31 299.220490 -32.505508 29.031
 48     7.838 53901.57042958 27.19 299.219560 -32.508788 29.031
 48     7.759 53901.57043022 31.32 299.218640 -32.512058 29.031
 48     7.728 53901.57043087 27.32 299.217710 -32.515338 29.031
 49     7.043 53936.57046668 28.62 299.214252 -32.494844 33.214
 49     7.079 53936.57046732 22.38 299.213332 -32.498124 33.214
 49     7.097 53936.57046797 25.05 299.212402 -32.501394 33.214
 49     7.184 53936.57046861 35.20 299.211482 -32.504674 33.214
 49     7.254 53936.57046926 27.65 299.210552 -32.507944 33.214
 49     7.463 53936.57046990 20.25 299.209632 -32.511214 33.214
 50     7.035 53971.57043169 35.81 299.223962 -32.489949 25.644
 50     6.941 53971.57043233 33.35 299.223032 -32.493219 25.644
 50     6.789 53971.57043298 25.60 299.222112 -32.496499 25.644
 50     6.671 53971.57043362 20.67 299.221192 -32.499769 25.644
 50     6.698 53971.57043426 19.82 299.220272 -32.503049 25.644
 50     7.335 53971.57043491 18.21 299.219342 -32.506319 25.644
 50     7.332 53971.57043555 18.43 299.218422 -32.509599 25.644
 50     6.827 53971.57043620 21.40 299.217492 -32.512869 25.644
 50     7.138 53971.57043684 18.68 299.216572 -32.516149 25.644
 51     7.060 54006.57041361 38.05 299.224253 -32.490184 38.896
 51     7.088 54006.57041425 34.15 299.223333 -32.493454 38.896
 51     6.966 54006.57041490 31.38 299.222403 -32.496734 38.896
 51     6.790 54006.57041554 27.97 299.221483 -32.500004 38.896
 51     6.701 54006.57041619 18.97 299.220553 -32.503284 38.896
 51     7.340 54006.57041683 18.75 299.219633 -32.506554 38.896
 51     7.159 54006.57041748 21.96 299.218713 -32.509824 38.896
 51     7.328 54006.57041812 18.19 299.217783 -32.513104 38.896
 51     7.361 54006.57041877 15.06 299.216858 -32.516378 14.093
 52     7.939 54041.57044067 44.94 299.228855 -32.487946 34.100
 52     7.865 54041.57044132 39.85 299.227925 -32.491216 34.100
 52     7.712 54041.57044196 21.56 299.227005 -32.494496 34.100
 52     7.058 54041.57044260 17.86 299.226085 -32.497766 34.100
 52     6.966 54041.57044325 15.63 299.225155 -32.501046 34.100
 52     7.194 54041.57044389 18.43 299.224235 -32.504316 34.100
 52     7.726 54041.57044454 17.06 299.223315 -32.507596 34.100
 52     7.906 54041.57044518 25.63 299.222385 -32.510866 34.100
 52     7.790 54041.57044583 30.83 299.221465 -32.514136 34.100
 52     7.827 54041.57044647 29.43 299.220535 -32.517416 34.100
 53     8.134 54076.57043515 40.89 299.228099 -32.490366 26.151
 53     7.856 54076.57043579 25.27 299.227179 -32.493636 26.151
 53     7.702 54076.57043644 24.43 299.226249 -32.496916 26.151
 53     7.840 54076.57043708 23.19 299.225329 -32.500186 26.151
 53     7.777 54076.57043773 24.16 299.224409 -32.503466 26.151
 53     7.651 54076.57043837 24.09 299.223479 -32.506736 26.151
 53     7.812 54076.57043902 24.97 299.222559 -32.510016 26.151
 53     8.006 54076.57043966 34.85 299.221639 -32.513286 26.151
 53     8.044 54076.57044031 33.51 299.220709 -32.516566 26.151
 53     8.108 54076.57044095 29.01 299.219789 -32.519836 26.151
 54     8.824 54111.57037514 41.35 299.231024 -32.487608 26.493
 54     8.639 54111.57037578 30.30 299.230104 -32.490878 26.493
 54     8.452 54111.57037643 22.25 299.229184 -32.494158 26.493
 54     7.936 54111.57037707 16.05 299.228264 -32.497428 26.493
 54     7.890 54111.57037772 17.43 299.227334 -32.500708 26.493
 54     7.888 54111.57037836 16.86 299.226414 -32.503978 26.493
 54     8.037 54111.57037901 17.32 299.225494 -32.507258 26.493
 54     8.427 54111.57037965 16.69 299.224564 -32.510528 26.493
 54     8.530 54111.57038030 20.42 299.223644 -32.513808 26.493
 54     8.541 54111.57038094 17.17 299.222724 -32.517078 26.493
 54     8.164 54111.57038158 18.82 299.221794 -32.520358 26.493
 55     9.581 54146.57037684 38.27 299.223643 -32.491159 39.133
 55     9.432 54146.57037749 26.51 299.222723 -32.494429 39.133
 55     9.051 54146.57037813 24.63 299.221793 -32.497709 39.133
 55     8.831 54146.57037878 22.63 299.220873 -32.500979 39.133
 55     8.594 54146.57037942 21.64 299.219953 -32.504259 39.133
 55     8.820 54146.57038007 22.15 299.219023 -32.507529 39.133
 55     9.276 54146.57038071 23.00 299.218103 -32.510809 39.133
 55     9.603 54146.57038136 40.46 299.217173 -32.514079 39.133
 56    10.651 54181.57036311 39.09 299.229744 -32.489827 32.393
 56    10.355 54181.57036375 26.73 299.228814 -32.493107 32.393
 56    10.220 54181.57036439 24.45 299.227894 -32.496377 32.393
 56     9.742 54181.57036504 23.09 299.226974 -32.499657 32.393
 56     8.929 54181.57036568 26.54 299.226044 -32.502927 32.393
 56     8.681 54181.57036633 29.41 299.225124 -32.506207 32.393
 56     9.185 54181.57036697 27.77 299.224204 -32.509477 32.393
 56     9.965 54181.57036762 26.73 299.223284 -32.512757 32.393
 56    10.185 54181.57036826 29.82 299.222354 -32.516027 32.393
 56    10.319 54181.57036891 30.64 299.221428 -32.519305 32.881
 57     9.711 54216.57038441 35.96 299.223091 -32.491104 30.699
 57     9.321 54216.57038505 24.98 299.222171 -32.494374 30.699
 57     9.187 54216.57038570 23.13 299.221241 -32.497654 30.699
 57     8.797 54216.57038634 24.44 299.220321 -32.500924 30.699
 57     8.625 54216.57038699 24.17 299.219401 -32.504204 30.699
 57     8.991 54216.57038763 23.40 299.218471 -32.507474 30.699
 57     9.438 54216.57038828 24.47 299.217551 -32.510754 30.699
 57     9.716 54216.57038892 37.49 299.216621 -32.514024 30.699
 58     9.409 54251.57041053 44.94 299.224971 -32.489304 36.675
 58     9.339 54251.57041118 40.08 299.224051 -32.492584 36.675
 58     9.162 54251.57041182 34.73 299.223131 -32.495854 36.675
 58     9.295 54251.57041247 36.37 299.222201 -32.499134 36.675
 58     9.235 54251.57041311 34.57 299.221281 -32.502404 36.675
 58     9.142 54251.57041376 32.17 299.220361 -32.505684 36.675
 58     9.108 54251.57041440 28.15 299.219431 -32.508954 36.675
 58     9.309 54251.57041505 35.79 299.218511 -32.512224 36.675
 58     9.345 54251.57041569 43.77 299.217591 -32.515504 36.675
 59     8.587 54286.57041643 46.37 299.228959 -32.488106 31.138
 59     8.439 54286.57041708 29.94 299.228029 -32.491386 31.138
 59     8.263 54286.57041772 29.30 299.227109 -32.494656 31.138
 59     8.194 54286.57041837 30.26 299.226189 -32.497936 31.138
 59     8.142 54286.57041901 31.99 299.225259 -32.501206 31.138
 59     8.222 54286.57041966 33.04 299.224339 -32.504486 31.138
 59     8.451 54286.57042030 34.26 299.223409 -32.507756 31.138
 59     8.517 54286.57042094 35.66 299.222489 -32.511036 31.138
 59     8.538 54286.57042159 37.68 299.221569 -32.514306 31.138
 59     8.550 54286.57042223 40.48 299.220645 -32.517580 21.660
 60     7.867 54321.57041333 35.96 299.228323 -32.488983 34.640
 60     7.760 54321.57041397 32.19 299.227403 -32.492263 34.640
 60     7.629 54321.57041462 21.69 299.226483 -32.495533 34.640
 60     6.919 54321.57041526 17.01 299.225553 -32.498813 34.640
 60     6.835 54321.57041591 17.72 299.224633 -32.502083 34.640
 60     7.543 54321.57041655 17.08 299.223713 -32.505363 34.640
 60     7.816 54321.57041720 21.32 299.222783 -32.508633 34.640
 60     7.746 54321.57041784 29.08 299.221863 -32.511913 34.640
 60     7.748 54321.57041849 31.89 299.220943 -32.515183 34.640
 60     7.770 54321.57041913 25.41 299.220017 -32.518458 25.334
 61     8.116 54356.57037288 34.90 299.231991 -32.487466 28.737
 61     7.541 54356.57037353 38.57 299.231071 -32.490746 28.737
 61     7.756 54356.57037417 30.45 299.230151 -32.494016 28.737
 61     7.461 54356.57037482 26.80 299.229221 -32.497296 28.737
 61     6.995 54356.57037546 24.53 299.228301 -32.500566 28.737
 61     6.515 54356.57037611 25.89 299.227381 -32.503846 28.737
 61     7.068 54356.57037675 22.84 299.226451 -32.507116 28.737
 61     7.397 54356.57037740 21.77 299.225531 -32.510396 28.737
 61     7.563 54356.57037804 21.36 299.224611 -32.513666 28.737
 61     7.551 54356.57037869 27.22 299.223681 -32.516946 28.737
 61     7.679 54356.57037933 22.11 299.222761 -32.520216 28.737
 61     7.591 54356.57037998 22.16 299.221843 -32.523493 27.770
 62     7.368 54391.57035413 41.96 299.227212 -32.488553 36.846
 62     7.236 54391.57035478 44.75 299.226292 -32.491833 36.846
 62     7.317 54391.57035542 51.44 299.225372 -32.495103 36.846
 62     7.322 54391.57035607 50.48 299.224442 -32.498383 36.846
 62     7.322 54391.57035671 50.54 299.223522 -32.501653 36.846
 62     7.288 54391.57035736 49.80 299.222592 -32.504933 36.846
 62     7.273 54391.57035800 49.51 299.221672 -32.508203 36.846
 62     7.092 54391.57035865 42.09 299.220752 -32.511483 36.846
 62     7.168 54391.57035929 37.71 299.219822 -32.514753 36.846
 62     7.263 54391.57035993 34.53 299.218902 -32.518033 36.846
 63     7.808 54426.57032357 39.37 299.229178 -32.488727 34.534
 63     7.784 54426.57032422 43.19 299.228258 -32.491997 34.534
 63     7.424 54426.57032486 23.00 299.227338 -32.495277 34.534
 63     0.993 54426.57032551 20.69 299.226408 -32.498547 34.534
 63     6.407 54426.57032615 17.25 299.225488 -32.501827 34.534
 63     7.486 54426.57032679 18.10 299.224568 -32.505097 34.534
 63     7.583 54426.57032744 22.83 299.223638 -32.508377 34.534
 63     7.607 54426.57032808 28.41 299.222718 -32.511647 34.534
 63     7.641 54426.57032873 32.76 299.221798 -32.514927 34.534
 63     7.697 54426.57032937 28.68 299.220868 -32.518197 34.534
 64     7.724 54461.57033165 40.74 299.225179 -32.490688 36.491
 64     7.653 54461.57033229 30.19 299.224249 -32.493958 36.491
 64     7.269 54461.57033293 20.65 299.223329 -32.497238 36.491
 64     6.575 54461.57033358 18.99 299.222409 -32.500508 36.491
 64     7.484 54461.57033422 16.79 299.221479 -32.503788 36.491
 64     7.700 54461.57033487 17.69 299.220559 -32.507058 36.491
 64     7.772 54461.57033551 24.51 299.219629 -32.510338 36.491
 64     7.767 54461.57033616 25.40 299.218709 -32.513608 36.491
 64     7.741 54461.57033680 20.03 299.217789 -32.516888 36.491
 65     7.885 54496.57033094 43.80 299.229561 -32.489089 38.331
 65     7.956 54496.57033158 46.77 299.228641 -32.492369 38.331
 65     7.493 54496.57033222 20.86 299.227711 -32.495639 38.331
 65     6.761 54496.57033287 19.73 299.226791 -32.498919 38.331
 65     6.674 54496.57033351 17.01 299.225871 -32.502189 38.331
 65     7.618 54496.57033416 17.36 299.224941 -32.505469 38.331
 65     7.823 54496.57033480 18.16 299.224021 -32.508739 38.331
 65     7.778 54496.57033545 29.56 299.223102 -32.512016 27.933
 65     7.803 54496.57033609 33.27 299.222172 -32.515286 27.933
 65     7.939 54496.57033674 21.80 299.221252 -32.518566 27.933
 66     7.948 54531.57034419 42.28 299.227542 -32.488964 40.663
 66     7.956 54531.57034483 43.66 299.226622 -32.492234 40.663
 66     7.530 54531.57034548 21.09 299.225700 -32.495511 29.471
 66     7.235 54531.57034612 20.16 299.224770 -32.498781 29.471
 66     7.057 54531.57034677 16.80 299.223850 -32.502061 29.471
 66     7.573 54531.57034741 15.18 299.222930 -32.505331 29.471
 66     7.874 54531.57034806 17.22 299.222000 -32.508611 29.471
 66     7.893 54531.57034870 33.66 299.221080 -32.511881 29.471
 66     7.848 54531.57034935 35.88 299.220150 -32.515161 29.471
 66     7.756 54531.57034999 24.08 299.219230 -32.518431 29.471
 67     7.975 54566.57033561 38.48 299.231148 -32.488224 25.972
 67     8.016 54566.57033626 44.71 299.230218 -32.491494 25.972
 67     7.810 54566.57033690 31.43 299.229298 -32.494774 25.972
 67     7.810 54566.57033755 32.56 299.228378 -32.498044 25.972
 67     7.679 54566.57033819 33.67 299.227458 -32.501324 25.972
 67     7.854 54566.57033884 35.63 299.226528 -32.504594 25.972
 67     7.976 54566.57033948 39.01 299.225605 -32.507872 35.836
 67     7.942 54566.57034013 41.95 299.224685 -32.511142 35.836
 67     7.924 54566.57034077 47.33 299.223765 -32.514422 35.836
 67     8.003 54566.57034142 46.10 299.222835 -32.517692 35.836
 67     7.925 54566.57034206 37.35 299.221915 -32.520972 35.836
 68     8.560 54601.57034002 44.08 299.225208 -32.491069 50.090
 68     8.483 54601.57034066 30.20 299.224288 -32.494349 50.090
 68     8.304 54601.57034131 23.98 299.223368 -32.497623 34.835
 68     7.783 54601.57034195 22.34 299.222438 -32.500903 34.835
 68     7.163 54601.57034260 24.21 299.221518 -32.504173 34.835
 68     6.610 54601.57034324 23.87 299.220598 -32.507453 34.835
 68     8.616 54601.57034388 28.15 299.219668 -32.510723 34.835
 68     8.535 54601.57034453 37.91 299.218748 -32.513993 34.835
 68     8.638 54601.57034517 34.96 299.217818 -32.517273 34.835
 69     7.674 54636.57035188 40.55 299.225174 -32.490557 44.624
 69     7.572 54636.57035253 31.71 299.224254 -32.493827 44.624
 69     7.241 54636.57035317 21.03 299.223336 -32.497103 29.822
 69     6.977 54636.57035381 19.18 299.222406 -32.500373 29.822
 69     7.164 54636.57035446 13.95 299.221486 -32.503653 29.822
 69     7.700 54636.57035510 16.62 299.220556 -32.506923 29.822
 69     7.652 54636.57035575 20.49 299.219636 -32.510203 29.822
 69     7.551 54636.57035639 23.16 299.218716 -32.513473 29.822
 69     7.641 54636.57035704 23.10 299.217786 -32.516753 29.822
 70     7.541 54671.57035473 32.26 299.226659 -32.488590 36.792
 70     7.446 54671.57035538 31.81 299.225739 -32.491860 36.792
 70     7.332 54671.57035602 20.23 299.224809 -32.495140 36.792
 70     6.938 54671.57035667 18.77 299.223889 -32.498410 36.792
 70     6.849 54671.57035731 25.38 299.222971 -32.501686 31.431
 70     7.070 54671.57035796 21.99 299.222041 -32.504966 31.431
 70     7.221 54671.57035860 28.75 299.221121 -32.508236 31.431
 70     7.353 54671.57035925 30.79 299.220191 -32.511506 31.431
 70     7.355 54671.57035989 25.10 299.219271 -32.514786 31.431
 70     7.400 54671.57036054 23.44 299.218351 -32.518056 31.431
 71     8.258 54706.57031540 43.71 299.230613 -32.489830 37.878
 71     8.052 54706.57031604 32.40 299.229683 -32.493100 37.878
 71     7.767 54706.57031669 24.28 299.228763 -32.496380 37.878
 71     7.323 54706.57031733 26.25 299.227843 -32.499650 37.878
 71     7.036 54706.57031798 25.54 299.226913 -32.502930 37.878
 71     6.518 54706.57031862 18.44 299.225993 -32.506200 37.878
 71     7.585 54706.57031927 20.08 299.225065 -32.509476 30.910
 71     8.048 54706.57031991 27.12 299.224145 -32.512746 30.910
 71     8.115 54706.57032055 26.60 299.223225 -32.516026 30.910
 71     8.109 54706.57032120 23.65 299.222295 -32.519296 30.910
 71     7.792 54706.57032184 20.63 299.221375 -32.522576 30.910
 72     7.691 54741.57032041 29.91 299.224739 -32.491686 30.099
 72     7.233 54741.57032106 31.58 299.223817 -32.494961 29.381
 72     6.867 54741.57032170 28.98 299.222887 -32.498231 29.381
 72     6.691 54741.57032235 27.24 299.221967 -32.501511 29.381
 72     6.859 54741.57032299 27.32 299.221047 -32.504781 29.381
 72     6.825 54741.57032364 31.72 299.220117 -32.508061 29.381
 72     6.760 54741.57032428 28.67 299.219197 -32.511331 29.381
 72     6.960 54741.57032493 23.94 299.218267 -32.514611 29.381
 73     8.319 54776.57029669 47.33 299.230108 -32.488075 37.336
 73     8.377 54776.57029733 46.11 299.229188 -32.491355 37.336
 73     8.016 54776.57029798 28.28 299.228268 -32.494625 37.336
 73     7.749 54776.57029862 21.62 299.227338 -32.497905 37.336
 73     7.566 54776.57029927 22.44 299.226418 -32.501175 37.336
 73     7.079 54776.57029991 21.07 299.225490 -32.504453 27.849
 73     7.741 54776.57030056 19.49 299.224570 -32.507723 27.849
 73     8.012 54776.57030120 20.52 299.223650 -32.511003 27.849
 73     8.161 54776.57030185 30.64 299.222720 -32.514273 27.849
 73     8.111 54776.57030249 30.43 299.221800 -32.517553 27.849
 73     8.114 54776.57030314 19.34 299.220880 -32.520823 27.849
 74     7.865 54811.57031288 37.27 299.223914 -32.489817 29.341
 74     7.753 54811.57031353 25.61 299.222994 -32.493097 29.341
 74     7.622 54811.57031417 18.84 299.222064 -32.496367 29.341
 74     7.406 54811.57031482 17.02 299.221144 -32.499647 29.341
 74     7.419 54811.57031546 15.44 299.220224 -32.502917 29.341
 74     7.717 54811.57031610 17.47 299.219294 -32.506197 29.341
 74     7.830 54811.57031675 19.33 299.218374 -32.509467 29.341
 74     7.876 54811.57031739 24.50 299.217444 -32.512747 29.341
 74     7.930 54811.57031804 22.28 299.216524 -32.516017 29.341
 75     6.402 54846.57029699 34.67 299.228595 -32.489644 24.434
 75     6.314 54846.57029763 44.65 299.227675 -32.492914 24.434
 75     6.262 54846.57029828 48.63 299.226745 -32.496194 24.434
 75     6.217 54846.57029892 42.56 299.225825 -32.499464 24.434
 75     6.208 54846.57029957 41.05 299.224899 -32.502740 27.595
 75     6.378 54846.57030021 43.62 299.223979 -32.506010 27.595
 75     6.301 54846.57030086 37.18 299.223059 -32.509290 27.595
 75     6.196 54846.57030150 36.24 299.222129 -32.512560 27.595
 75     6.060 54846.57030215 35.70 299.221209 -32.515840 27.595
 75     5.990 54846.57030279 34.16 299.220289 -32.519110 27.595
 76     7.175 54881.57031728 39.87 299.223505 -32.491860 19.648
 76     7.165 54881.57031792 41.93 299.222575 -32.495130 19.648
 76     6.938 54881.57031857 23.03 299.221655 -32.498410 19.648
 76     6.759 54881.57031921 24.09 299.220735 -32.501680 19.648
 76     7.064 54881.57031986 25.40 299.219805 -32.504960 19.648
 76     7.002 54881.57032050 29.51 299.218885 -32.508230 19.648
 76     7.029 54881.57032115 28.64 299.217955 -32.511510 19.648
 76     6.868 54881.57032179 27.30 299.217035 -32.514780 19.648
 77     7.393 54916.57029953 31.88 299.228208 -32.489165 32.843
 77     7.505 54916.57030018 49.01 299.227288 -32.492445 32.843
 77     7.458 54916.57030082 54.86 299.226368 -32.495715 32.843
 77     7.325 54916.57030147 51.50 299.225448 -32.498995 32.843
 77     7.323 54916.57030211 52.48 299.224518 -32.502265 32.843
 77     7.308 54916.57030276 51.09 299.223594 -32.505545 27.933
 77     7.320 54916.57030340 50.56 299.222674 -32.508815 27.933
 77     7.316 54916.57030405 44.83 299.221754 -32.512095 27.933
 77     7.332 54916.57030469 45.31 299.220824 -32.515365 27.933
 77     7.332 54916.57030534 47.69 299.219904 -32.518645 27.933
 78     6.915 54951.57030952 32.77 299.224356 -32.490617 25.960
 78     6.937 54951.57031016 30.08 299.223426 -32.493897 25.960
 78     6.575 54951.57031081 20.33 299.222506 -32.497167 25.960
 78     6.576 54951.57031145 21.13 299.221584 -32.500443 21.824
 78     6.692 54951.57031209 21.32 299.220654 -32.503713 21.824
 78     6.730 54951.57031274 21.18 299.219734 -32.506993 21.824
 78     6.806 54951.57031338 20.79 299.218804 -32.510263 21.824
 78     6.605 54951.57031403 21.13 299.217884 -32.513543 21.824
 78     6.557 54951.57031467 20.06 299.216964 -32.516813 21.824
 79     6.747 54986.57033502 35.56 299.222766 -32.491906 28.681
 79     6.663 54986.57033567 27.68 299.221846 -32.495181 14.966
 79     6.524 54986.57033631 22.63 299.220916 -32.498451 14.966
 79     6.588 54986.57033695 18.91 299.219996 -32.501731 14.966
 79     6.669 54986.57033760 18.62 299.219076 -32.505001 14.966
 79     6.962 54986.57033824 19.65 299.218146 -32.508281 14.966
 79     6.673 54986.57033889 17.40 299.217226 -32.511551 14.966
 79     6.617 54986.57033953 18.35 299.216296 -32.514831 14.966
 80     7.010 55021.57032714 31.49 299.228706 -32.490450 29.439
 80     7.082 55021.57032778 32.58 299.227776 -32.493730 29.439
 80     6.949 55021.57032843 21.61 299.226856 -32.497000 29.439
 80     6.563 55021.57032907 21.35 299.225938 -32.500276 17.086
 80     6.780 55021.57032972 20.86 299.225008 -32.503556 17.086
 80     6.890 55021.57033036 22.39 299.224088 -32.506826 17.086
 80     7.081 55021.57033101 21.37 299.223158 -32.510096 17.086
 80     7.009 55021.57033165 22.55 299.222238 -32.513376 17.086
 80     7.087 55021.57033230 22.94 299.221318 -32.516646 17.086
 80     7.093 55021.57033294 22.39 299.220388 -32.519926 17.086
 81     8.018 55056.57032366 45.08 299.228031 -32.491077 40.377
 81     8.027 55056.57032431 42.27 299.227111 -32.494347 40.377
 81     8.079 55056.57032495 39.06 299.226181 -32.497627 40.377
 81     7.899 55056.57032559 37.75 299.225261 -32.500897 40.377
 81     8.001 55056.57032624 37.80 299.224342 -32.504173 23.523
 81     8.023 55056.57032688 41.94 299.223412 -32.507443 23.523
 81     8.027 55056.57032753 35.91 299.222492 -32.510723 23.523
 81     8.031 55056.57032817 37.61 299.221562 -32.513993 23.523
 81     8.069 55056.57032882 37.39 299.220642 -32.517273 23.523
 81     8.076 55056.57032946 39.97 299.219722 -32.520543 23.523
 82     7.843 55091.57028118 41.64 299.229222 -32.489428 37.256
 82     7.746 55091.57028182 39.67 299.228292 -32.492698 37.256
 82     7.612 55091.57028246 23.56 299.227372 -32.495978 37.256
 82     6.808 55091.57028311 20.14 299.226452 -32.499248 37.256
 82     7.085 55091.57028375 20.42 299.225532 -32.502528 37.256
 82     7.644 55091.57028440 22.63 299.224602 -32.505798 37.256
 82     7.923 55091.57028504 24.79 299.223677 -32.509074 35.941
 82     7.875 55091.57028569 35.30 299.222757 -32.512354 35.941
 82     7.780 55091.57028633 39.26 299.221837 -32.515624 35.941
 82     7.749 55091.57028698 29.16 299.220907 -32.518894 35.941
 83     8.626 55126.57026361 46.46 299.225904 -32.490747 47.547
 83     8.568 55126.57026425 27.34 299.224984 -32.494024 34.543
 83     8.613 55126.57026490 32.06 299.224054 -32.497294 34.543
 83     8.578 55126.57026554 23.91 299.223134 -32.500574 34.543
 83     8.492 55126.57026619 21.41 299.222204 -32.503844 34.543
 83     8.392 55126.57026683 21.74 299.221284 -32.507124 34.543
 83     8.774 55126.57026748 26.99 299.220364 -32.510394 34.543
 83     8.635 55126.57026812 40.16 299.219434 -32.513674 34.543
 83     8.605 55126.57026877 36.67 299.218514 -32.516944 34.543
 84     9.717 55161.57024237 35.09 299.227671 -32.490188 40.769
 84     9.593 55161.57024302 34.49 299.226751 -32.493468 40.769
 84     9.061 55161.57024366 32.05 299.225831 -32.496738 40.769
 84     8.561 55161.57024431 29.41 299.224901 -32.500018 40.769
 84     7.950 55161.57024495 28.85 299.223981 -32.503288 40.769
 84     7.753 55161.57024560 28.97 299.223062 -32.506566 30.266
 84     8.319 55161.57024624 27.50 299.222132 -32.509836 30.266
 84     9.127 55161.57024688 26.77 299.221212 -32.513116 30.266
 84     9.461 55161.57024753 28.31 299.220292 -32.516386 30.266
 84     9.502 55161.57024817 34.66 299.219362 -32.519666 30.266
 85    10.446 55196.57025432 37.80 299.223487 -32.491291 45.449
 85    10.225 55196.57025497 30.23 299.222563 -32.494566 34.412
 85    10.058 55196.57025561 29.91 299.221633 -32.497846 34.412
 85     9.672 55196.57025625 24.11 299.220713 -32.501116 34.412
 85     9.528 55196.57025690 24.07 299.219793 -32.504386 34.412
 85     9.787 55196.57025754 24.83 299.218863 -32.507666 34.412
 85    10.140 55196.57025819 25.27 299.217943 -32.510936 34.412
 85    10.527 55196.57025883 37.61 299.217023 -32.514216 34.412
 86    10.764 55231.57024652 35.73 299.228104 -32.490985 37.636
 86    10.671 55231.57024717 27.29 299.227184 -32.494255 37.636
 86    10.432 55231.57024781 24.33 299.226264 -32.497535 37.636
 86     9.757 55231.57024846 23.83 299.225334 -32.500805 37.636
 86     9.060 55231.57024910 25.06 299.224410 -32.504083 32.128
 86     9.321 55231.57024975 26.06 299.223490 -32.507353 32.128
 86     9.673 55231.57025039 28.22 299.222570 -32.510633 32.128
 86    10.229 55231.57025103 27.87 299.221640 -32.513903 32.128
 86    10.451 55231.57025168 28.49 299.220720 -32.517183 32.128
 86    10.531 55231.57025232 33.56 299.219800 -32.520453 32.128
 87    10.560 55266.57024842 44.64 299.226715 -32.488857 48.219
 87    10.535 55266.57024906 41.10 299.225795 -32.492127 48.219
 87    10.517 55266.57024971 39.57 299.224874 -32.495405 31.932
 87    10.473 55266.57025035 31.47 299.223944 -32.498675 31.932
 87    10.160 55266.57025100 30.29 299.223024 -32.501955 31.932
 87     9.985 55266.57025164 30.87 299.222104 -32.505225 31.932
 87    10.101 55266.57025229 30.47 299.221174 -32.508505 31.932
 87    10.500 55266.57025293 29.90 299.220254 -32.511775 31.932
 87    10.569 55266.57025358 34.60 299.219324 -32.515055 31.932
 87    10.628 55266.57025422 39.38 299.218404 -32.518325 31.932
 88    10.011 55301.57022618 34.79 299.231285 -32.489402 30.490
 88     9.901 55301.57022683 24.37 299.230365 -32.492682 30.490
 88     9.537 55301.57022747 24.16 299.229435 -32.495952 30.490
 88     9.325 55301.57022812 20.05 299.228515 -32.499232 30.490
 88     8.639 55301.57022876 19.81 299.227595 -32.502502 30.490
 88     8.678 55301.57022940 19.93 299.226675 -32.505782 30.490
 88     9.209 55301.57023005 19.45 299.225745 -32.509052 30.490
 88     9.506 55301.57023069 20.32 299.224820 -32.512329 32.591
 88     9.522 55301.57023134 23.71 299.223900 -32.515599 32.591
 88     9.514 55301.57023198 26.15 299.222980 -32.518879 32.591
 88     9.584 55301.57023263 30.92 299.222050 -32.522149 32.591
 89     9.915 55336.57022374 41.15 299.227230 -32.488381 45.108
 89     9.731 55336.57022438 36.70 299.226310 -32.491651 45.108
 89     9.523 55336.57022503 31.85 299.225380 -32.494931 45.108
 89     9.342 55336.57022567 23.05 299.224460 -32.498201 45.108
 89     8.872 55336.57022631 21.07 299.223532 -32.501476 29.780
 89     8.716 55336.57022696 19.88 299.222612 -32.504746 29.780
 89     9.310 55336.57022760 20.05 299.221692 -32.508026 29.780
 89     9.670 55336.57022825 21.68 299.220762 -32.511296 29.780
 89     9.750 55336.57022889 25.84 299.219842 -32.514576 29.780
 89     9.655 55336.57022954 29.40 299.218922 -32.517846 29.780
 90     9.044 55371.57021388 34.53 299.228437 -32.489157 35.024
 90     8.966 55371.57021453 26.56 299.227517 -32.492427 35.024
 90     8.754 55371.57021517 23.30 299.226587 -32.495707 35.024
 90     8.527 55371.57021582 21.02 299.225667 -32.498977 35.024
 90     8.095 55371.57021646 19.38 299.224748 -32.502254 31.912
 90     8.407 55371.57021711 18.62 299.223818 -32.505524 31.912
 90     9.015 55371.57021775 16.02 299.222898 -32.508804 31.912
 90     9.084 55371.57021840 18.52 299.221978 -32.512074 31.912
 90     9.087 55371.57021904 23.95 299.221048 -32.515354 31.912
 90     8.826 55371.57021969 25.86 299.220128 -32.518624 31.912
 91     8.103 55406.57023321 42.34 299.226571 -32.490832 38.997
 91     7.850 55406.57023385 29.90 299.225651 -32.494112 38.997
 91     8.089 55406.57023450 34.20 299.224731 -32.497382 38.997
 91     8.123 55406.57023514 41.07 299.223808 -32.500658 31.472
 91     8.081 55406.57023579 36.29 299.222878 -32.503928 31.472
 91     8.040 55406.57023643 30.35 299.221958 -32.507208 31.472
 91     8.050 55406.57023708 31.70 299.221038 -32.510478 31.472
 91     7.988 55406.57023772 29.70 299.220108 -32.513758 31.472
 91     7.796 55406.57023836 25.71 299.219188 -32.517028 31.472
 92     7.749 55441.57023292 36.08 299.228487 -32.490256 36.666
 92     7.509 55441.57023357 31.86 299.227567 -32.493526 36.666
 92     7.348 55441.57023421 25.75 299.226637 -32.496806 36.666
 92     6.860 55441.57023486 24.61 299.225717 -32.500076 36.666
 92     6.488 55441.57023550 22.91 299.224789 -32.503352 26.194
 92     7.064 55441.57023615 20.85 299.223869 -32.506622 26.194
 92     7.714 55441.57023679 18.14 299.222949 -32.509902 26.194
 92     7.883 55441.57023743 18.79 299.222019 -32.513172 26.194
 92     7.668 55441.57023808 23.46 299.221099 -32.516452 26.194
 92     7.798 55441.57023872 24.91 299.220179 -32.519722 26.194
 93     7.827 55476.57017519 29.89 299.231831 -32.488963 34.078
 93     7.277 55476.57017583 24.77 299.230911 -32.492233 34.078
 93     7.133 55476.57017648 26.40 299.229981 -32.495513 34.078
 93     6.728 55476.57017712 28.92 299.229061 -32.498783 34.078
 93     6.354 55476.57017777 26.02 299.228141 -32.502063 34.078
 93     5.971 55476.57017841 25.56 299.227211 -32.505333 34.078
 93     6.954 55476.57017905 23.30 299.226288 -32.508611 26.831
 93     7.676 55476.57017970 21.39 299.225368 -32.511881 26.831
 93     7.832 55476.57018034 21.28 299.224448 -32.515161 26.831
 93     7.750 55476.57018099 21.57 299.223518 -32.518431 26.831
 93     7.505 55476.57018163 27.99 299.222598 -32.521711 26.831
