# NaN NaN NaN ;Mean Elev.(m), Avg Gradient(m/km), RMS Gradient(m/km) - SRTM1     
#   18.991  -0.248   1.421 ;Mean Elev.(m), Avg Gradient(m/km), RMS Gradient(m/km) - ASTER GDEM
#   28.210   0.040   0.886 ;Mean Elev.(m), Avg Gradient(m/km), RMS Gradient(m/km) - GMTED2010 
  7    27.592 52460.09614629 40.12 300.333450 -29.853108 39.058
  7    27.137 52460.09614694 45.89 300.332560 -29.849828 39.058
  7    27.184 52460.09614758 47.95 300.331670 -29.846548 39.058
  7    27.200 52460.09614823 50.79 300.330790 -29.843268 39.058
  7    27.208 52460.09614887 50.78 300.329900 -29.839988 39.058
  7    27.239 52460.09614952 42.19 300.329010 -29.836718 39.058
  9    25.387 52530.09612353 16.16 300.332638 -29.850932 35.328
  9    25.772 52530.09612417 18.15 300.331758 -29.847652 35.328
  9    25.819 52530.09612482 19.86 300.330868 -29.844372 35.328
  9    26.075 52530.09612546 22.89 300.329978 -29.841092 35.328
  9    26.218 52530.09612611 26.02 300.329098 -29.837812 35.328
 10    26.964 52565.09613926 26.52 300.342774 -29.861102 31.400
 10    26.701 52565.09613990 22.56 300.341884 -29.857822 31.400
 10    26.560 52565.09614055 23.02 300.340994 -29.854542 31.400
 10    26.869 52565.09614119 22.37 300.340114 -29.851272 31.400
 10    26.825 52565.09614184 21.45 300.339224 -29.847992 31.400
 10    26.911 52565.09614248 22.04 300.338334 -29.844712 31.400
 10    26.753 52565.09614313 23.50 300.337454 -29.841432 31.400
 10    26.773 52565.09614377 23.39 300.336568 -29.838146 35.166
 10    26.951 52565.09614442 24.69 300.335678 -29.834876 35.166
 10    27.119 52565.09614506 25.91 300.334798 -29.831596 35.166
 10    27.237 52565.09614571 27.90 300.333908 -29.828316 35.166
 10    27.301 52565.09614635 33.85 300.333018 -29.825036 35.166
 10    27.357 52565.09614699 34.79 300.332138 -29.821756 35.166
 11    26.808 52600.09616634 28.89 300.324723 -29.860974 31.272
 11    26.858 52600.09616699 29.31 300.323833 -29.857694 31.272
 12    27.759 52635.09612429 29.25 300.330520 -29.854454 43.648
 12    27.639 52635.09612493 28.37 300.329640 -29.851174 43.648
 12    27.844 52635.09612557 35.75 300.328750 -29.847904 43.648
 13    26.915 52670.09613361 24.84 300.328961 -29.856788 28.759
 13    26.991 52670.09613425 25.90 300.328071 -29.853508 28.759
 13    27.120 52670.09613490 28.93 300.327181 -29.850228 28.759
 14    27.824 52705.09612420 25.00 300.335007 -29.851912 36.174
 14    27.635 52705.09612484 25.95 300.334127 -29.848632 36.174
 14    27.897 52705.09612548 25.72 300.333238 -29.845346 40.812
 14    28.011 52705.09612613 27.88 300.332348 -29.842066 40.812
 14    28.148 52705.09612677 33.15 300.331468 -29.838786 40.812
 14    28.253 52705.09612742 32.61 300.330578 -29.835516 40.812
 14    28.298 52705.09612806 41.98 300.329688 -29.832236 40.812
 15    27.155 52740.09615760 30.33 300.329002 -29.860241 27.190
 15    27.168 52740.09615824 28.20 300.328112 -29.856961 27.190
 15    27.360 52740.09615889 28.36 300.327232 -29.853691 27.190
 15    27.299 52740.09615953 31.22 300.326342 -29.850411 27.190
 16    26.556 52775.09610593 47.93 300.331626 -29.856066 47.180
 16    26.558 52775.09610658 49.36 300.330736 -29.852786 47.180
 16    26.659 52775.09610722 52.37 300.329846 -29.849506 47.180
 16    26.676 52775.09610786 51.92 300.328966 -29.846226 47.180
 17    26.392 52810.09618011 22.41 300.331094 -29.857113 31.171
 17    26.340 52810.09618075 20.94 300.330214 -29.853843 31.171
 17    26.250 52810.09618140 25.97 300.329324 -29.850563 31.171
 17    26.319 52810.09618204 28.94 300.328434 -29.847283 31.171
 18    25.905 52845.09623705 15.62 300.331933 -29.852881 22.829
 18    25.955 52845.09623770 16.67 300.331043 -29.849601 22.829
 18    26.212 52845.09623834 18.47 300.330153 -29.846331 22.829
 18    26.333 52845.09623899 22.01 300.329273 -29.843051 22.829
 19    25.807 52880.09627366 21.83 300.329544 -29.857889 30.359
 19    26.220 52880.09627430 18.65 300.328654 -29.854609 30.359
 19    26.117 52880.09627495 21.09 300.327774 -29.851329 30.359
 20    26.292 52915.09623206 50.78 300.331563 -29.853300 52.399
 20    26.321 52915.09623271 51.95 300.330673 -29.850020 52.399
 20    26.336 52915.09623335 52.15 300.329793 -29.846740 52.399
 20    26.300 52915.09623400 47.10 300.328903 -29.843460 52.399
 21    26.532 52950.09619061 46.63 300.340090 -29.856844 40.205
 21    26.562 52950.09619126 50.00 300.339200 -29.853564 40.205
 21    26.540 52950.09619190 52.41 300.338320 -29.850284 40.205
 21    26.507 52950.09619255 52.20 300.337430 -29.847004 40.205
 21    26.461 52950.09619319 53.21 300.336540 -29.843724 40.205
 21    26.465 52950.09619384 52.27 300.335660 -29.840454 40.205
 21    26.486 52950.09619448 51.94 300.334770 -29.837174 40.205
 21    26.521 52950.09619512 50.35 300.333880 -29.833894 40.205
 21    26.569 52950.09619577 54.92 300.333000 -29.830614 40.205
 21    26.610 52950.09619641 54.30 300.332112 -29.827329 39.047
 21    26.656 52950.09619706 47.89 300.331222 -29.824049 39.047
 22    26.364 52985.09621546 17.78 300.337224 -29.854994 27.675
 22    26.238 52985.09621611 14.83 300.336344 -29.851714 27.675
 22    26.219 52985.09621675 14.16 300.335454 -29.848434 27.675
 22    26.208 52985.09621740 16.52 300.334564 -29.845154 27.675
 22    26.388 52985.09621804 21.48 300.333684 -29.841874 27.675
 22    26.590 52985.09621869 23.54 300.332794 -29.838594 27.675
 22    26.680 52985.09621933 24.35 300.331914 -29.835314 27.675
 22    26.723 52985.09621998 27.74 300.331024 -29.832044 27.675
 22    26.778 52985.09622062 28.58 300.330144 -29.828766 39.348
 23    27.356 53020.09620618 35.50 300.331311 -29.856321 34.675
 23    27.256 53020.09620683 23.71 300.330431 -29.853041 34.675
 23    27.278 53020.09620747 22.68 300.329541 -29.849761 34.675
 23    27.644 53020.09620811 32.61 300.328651 -29.846481 34.675
 24    26.166 53055.09619322 20.32 300.337772 -29.855227 26.875
 24    25.617 53055.09619386 21.84 300.336882 -29.851947 26.875
 24    25.686 53055.09619451 23.08 300.335992 -29.848667 26.875
 24    25.833 53055.09619515 21.54 300.335112 -29.845387 26.875
 24    26.125 53055.09619580 22.12 300.334222 -29.842117 26.875
 24    26.288 53055.09619644 24.41 300.333332 -29.838837 26.875
 24    26.371 53055.09619709 28.17 300.332452 -29.835557 26.875
 24    26.385 53055.09619773 30.15 300.331567 -29.832269 39.530
 24    26.338 53055.09619838 32.14 300.330677 -29.828989 39.530
 24    26.350 53055.09619902 41.09 300.329787 -29.825719 39.530
 26    26.154 53125.09620137 18.16 300.333598 -29.852028 29.949
 26    26.313 53125.09620201 19.11 300.332708 -29.848748 29.949
 26    26.522 53125.09620266 21.98 300.331828 -29.845468 29.949
 26    26.584 53125.09620330 26.33 300.330938 -29.842198 29.949
 26    26.656 53125.09620395 29.81 300.330048 -29.838918 29.949
 26    26.675 53125.09620459 38.16 300.329168 -29.835638 29.949
 27    27.313 53160.09626065 52.06 300.326583 -29.861625 42.620
 27    27.306 53160.09626130 52.36 300.325693 -29.858345 42.620
 27    27.341 53160.09626194 51.47 300.324803 -29.855065 42.620
 28    26.227 53195.09625839 37.88 300.332766 -29.853217 37.789
 28    26.201 53195.09625903 35.05 300.331876 -29.849937 37.789
 28    26.250 53195.09625968 35.34 300.330996 -29.846657 37.789
 28    26.763 53195.09626032 35.61 300.330106 -29.843387 37.789
 28    26.605 53195.09626096 34.34 300.329224 -29.840100 35.642
 29    26.479 53230.09624647 25.53 300.334331 -29.852536 29.292
 29    26.507 53230.09624711 28.49 300.333441 -29.849256 29.292
 29    26.745 53230.09624776 29.04 300.332561 -29.845976 29.292
 29    26.964 53230.09624840 29.78 300.331671 -29.842696 29.292
 29    27.177 53230.09624905 31.13 300.330781 -29.839416 29.292
 29    27.069 53230.09624969 35.95 300.329901 -29.836136 29.292
 29    27.094 53230.09625033 44.10 300.329011 -29.832866 29.292
 30    25.849 53265.09621588 44.82 300.326463 -29.861640 48.131
 30    25.867 53265.09621653 43.74 300.325573 -29.858360 48.131
 30    25.814 53265.09621717 53.03 300.324693 -29.855080 48.131
 31    25.716 53300.09626366 28.58 300.324312 -29.860930 28.920
 31    25.932 53300.09626430 28.92 300.323422 -29.857650 28.920
 32    27.883 53335.09623402 44.37 300.330748 -29.857911 46.694
 32    27.928 53335.09623466 42.47 300.329858 -29.854631 46.694
 32    27.953 53335.09623530 46.35 300.328978 -29.851351 46.694
 32    27.976 53335.09623595 48.63 300.328088 -29.848071 46.694
 33    27.269 53370.09617355 52.96 300.329496 -29.856595 53.990
 33    27.294 53370.09617420 53.43 300.328606 -29.853315 53.990
 33    27.304 53370.09617484 51.84 300.327716 -29.850035 53.990
 35    26.466 53440.09619343 43.19 300.329260 -29.859373 43.417
 35    26.546 53440.09619407 40.86 300.328380 -29.856093 43.417
 35    26.599 53440.09619472 41.61 300.327490 -29.852813 43.417
 35    26.667 53440.09619536 45.88 300.326610 -29.849533 43.417
 36    26.619 53475.09625635 26.24 300.328652 -29.859254 31.896
 36    26.791 53475.09625700 27.19 300.327762 -29.855974 31.896
 36    26.960 53475.09625764 33.15 300.326882 -29.852694 31.896
 37    26.398 53510.09627389 21.86 300.330450 -29.854892 36.065
 37    26.530 53510.09627454 24.42 300.329560 -29.851612 36.065
 37    26.550 53510.09627518 26.04 300.328680 -29.848332 36.065
 38    27.257 53545.09628969 51.66 300.326591 -29.860471 49.068
 38    27.309 53545.09629033 50.53 300.325701 -29.857191 49.068
 38    27.359 53545.09629098 49.32 300.324821 -29.853911 49.068
 40    26.356 53615.09622042 19.90 300.325834 -29.861142 26.680
 40    26.537 53615.09622107 22.63 300.324954 -29.857862 26.680
 40    26.446 53615.09622171 31.00 300.324064 -29.854582 26.680
 41    26.255 53650.09623204 25.88 300.333012 -29.851367 35.927
 41    26.581 53650.09623269 29.67 300.332122 -29.848097 35.927
 41    26.600 53650.09623333 25.00 300.331232 -29.844817 35.927
 41    26.355 53650.09623398 26.14 300.330352 -29.841537 35.927
 41    26.523 53650.09623462 26.41 300.329467 -29.838251 38.582
 42    27.696 53685.09624128 31.17 300.326342 -29.859632 31.961
 42    27.788 53685.09624193 31.83 300.325462 -29.856352 31.961
 42    27.920 53685.09624257 34.42 300.324572 -29.853072 31.961
 43    26.694 53720.09616798 47.21 300.331285 -29.857385 45.864
 43    26.732 53720.09616862 50.58 300.330405 -29.854105 45.864
 43    26.648 53720.09616927 48.94 300.329515 -29.850825 45.864
 43    26.603 53720.09616991 47.90 300.328635 -29.847545 45.864
 44    26.060 53755.09609118 19.59 300.342759 -29.860967 30.790
 44    26.347 53755.09609182 17.89 300.341869 -29.857687 30.790
 44    26.206 53755.09609247 19.42 300.340989 -29.854407 30.790
 44    26.016 53755.09609311 20.53 300.340099 -29.851127 30.790
 44    26.225 53755.09609375 22.41 300.339209 -29.847847 30.790
 44    26.418 53755.09609440 24.09 300.338329 -29.844567 30.790
 44    26.405 53755.09609504 25.67 300.337439 -29.841297 30.790
 44    26.412 53755.09609569 27.64 300.336549 -29.838017 30.790
 44    26.435 53755.09609633 29.28 300.335669 -29.834737 30.790
 44    26.446 53755.09609698 30.32 300.334783 -29.831451 27.882
 44    26.637 53755.09609762 28.39 300.333893 -29.828171 27.882
 44    26.909 53755.09609827 29.17 300.333013 -29.824901 27.882
 44    27.023 53755.09609891 30.44 300.332123 -29.821621 27.882
 45    26.415 53790.09612317 25.31 300.332885 -29.850520 33.265
 45    26.339 53790.09612382 22.42 300.331995 -29.847240 33.265
 45    26.762 53790.09612446 22.97 300.331105 -29.843960 33.265
 45    26.668 53790.09612510 23.23 300.330225 -29.840690 33.265
 45    26.590 53790.09612575 28.72 300.329335 -29.837410 33.265
 46    27.021 53825.09607779 24.55 300.340971 -29.857720 26.067
 46    26.748 53825.09607844 22.58 300.340091 -29.854440 26.067
 46    27.033 53825.09607908 24.27 300.339201 -29.851160 26.067
 46    27.069 53825.09607973 24.95 300.338311 -29.847880 26.067
 46    27.238 53825.09608037 25.79 300.337431 -29.844600 26.067
 46    27.285 53825.09608102 28.60 300.336541 -29.841330 26.067
 46    27.103 53825.09608166 29.95 300.335651 -29.838050 26.067
 46    27.198 53825.09608231 31.77 300.334771 -29.834770 26.067
 46    27.318 53825.09608295 32.73 300.333881 -29.831490 26.067
 46    27.477 53825.09608359 33.23 300.332991 -29.828210 26.067
 46    27.624 53825.09608424 38.46 300.332111 -29.824930 26.067
 47    26.760 53860.09617159 52.53 300.329586 -29.859138 53.790
 47    26.781 53860.09617223 50.88 300.328706 -29.855858 53.790
 47    26.807 53860.09617288 51.28 300.327816 -29.852578 53.790
 47    26.828 53860.09617352 52.25 300.326926 -29.849298 53.790
 48    26.794 53895.09619059 25.47 300.333290 -29.852538 36.238
 48    26.713 53895.09619124 24.80 300.332400 -29.849268 36.238
 48    26.879 53895.09619188 25.40 300.331520 -29.845988 36.238
 48    26.959 53895.09619253 30.27 300.330630 -29.842708 36.238
 48    26.992 53895.09619317 31.80 300.329747 -29.839423 46.355
 48    26.965 53895.09619382 43.52 300.328857 -29.836143 46.355
 50    26.157 53965.09622144 18.05 300.324366 -29.862210 28.657
 50    26.557 53965.09622208 19.17 300.323476 -29.858930 28.657
 51    26.458 54000.09617857 23.07 300.338073 -29.854099 24.905
 51    26.484 54000.09617921 28.35 300.337183 -29.850819 24.905
 51    26.133 54000.09617986 21.49 300.336303 -29.847539 24.905
 51    25.871 54000.09618050 21.62 300.335413 -29.844259 24.905
 51    25.872 54000.09618115 23.96 300.334523 -29.840979 24.905
 51    25.976 54000.09618179 23.83 300.333643 -29.837699 24.905
 51    26.188 54000.09618244 23.63 300.332753 -29.834429 24.905
 51    26.268 54000.09618308 25.90 300.331863 -29.831149 24.905
 51    26.415 54000.09618373 27.24 300.330983 -29.827869 24.905
 51    26.594 54000.09618437 31.54 300.330092 -29.824584 38.279
 52    25.622 54035.09622340 23.12 300.333364 -29.850733 43.043
 52    26.434 54035.09622405 22.99 300.332474 -29.847453 43.043
 52    26.798 54035.09622469 25.67 300.331594 -29.844173 43.043
 52    26.799 54035.09622534 30.50 300.330704 -29.840893 43.043
 52    26.954 54035.09622598 35.72 300.329824 -29.837613 43.043
 52    27.039 54035.09622663 41.70 300.328934 -29.834333 43.043
 53    26.911 54070.09621653 25.92 300.331590 -29.853682 47.171
 53    26.783 54070.09621717 29.96 300.330700 -29.850402 47.171
 53    27.035 54070.09621782 29.90 300.329810 -29.847122 47.171
 53    27.132 54070.09621846 39.81 300.328930 -29.843842 47.171
 54    27.245 54105.09617018 28.89 300.327143 -29.858027 33.946
 54    27.294 54105.09617083 27.58 300.326263 -29.854747 33.946
 54    27.735 54105.09617147 33.67 300.325373 -29.851467 33.946
 55    28.346 54140.09614875 27.35 300.331532 -29.853724 40.521
 55    28.257 54140.09614939 27.22 300.330642 -29.850444 40.521
 55    28.382 54140.09615004 30.83 300.329762 -29.847164 40.521
 55    28.543 54140.09615068 38.36 300.328872 -29.843884 40.521
 56    28.322 54175.09615003 31.53 300.329125 -29.859335 26.860
 56    28.363 54175.09615067 30.39 300.328245 -29.856055 26.860
 56    28.463 54175.09615131 29.37 300.327355 -29.852775 26.860
 56    28.612 54175.09615196 30.18 300.326475 -29.849495 26.860
 57    27.566 54210.09615408 39.90 300.331374 -29.856829 43.429
 57    27.549 54210.09615473 38.45 300.330484 -29.853549 43.429
 57    27.524 54210.09615537 34.59 300.329604 -29.850279 43.429
 57    27.531 54210.09615602 35.12 300.328714 -29.846999 43.429
 58    27.878 54245.09618533 39.29 300.331225 -29.856504 41.371
 58    27.913 54245.09618598 34.04 300.330335 -29.853224 41.371
 58    27.881 54245.09618662 36.41 300.329455 -29.849944 41.371
 58    27.877 54245.09618727 36.52 300.328565 -29.846674 41.371
 59    26.915 54280.09619704 24.88 300.331203 -29.856582 37.873
 59    26.801 54280.09619769 21.04 300.330313 -29.853302 37.873
 59    26.836 54280.09619833 22.79 300.329433 -29.850022 37.873
 59    27.252 54280.09619898 31.73 300.328543 -29.846742 37.873
 60    26.375 54315.09619647 18.06 300.331233 -29.853610 33.182
 60    26.447 54315.09619712 20.70 300.330353 -29.850330 33.182
 60    26.905 54315.09619776 25.25 300.329463 -29.847050 33.182
 60    26.833 54315.09619841 28.73 300.328573 -29.843770 33.182
 61    26.146 54350.09616450 47.69 300.329141 -29.857290 44.248
 61    26.151 54350.09616515 46.40 300.328251 -29.854010 44.248
 61    26.155 54350.09616579 46.07 300.327361 -29.850730 44.248
 62    26.322 54385.09613512 19.32 300.332309 -29.852795 32.315
 62    26.591 54385.09613577 20.43 300.331419 -29.849515 32.315
 62    26.932 54385.09613641 23.06 300.330529 -29.846235 32.315
 62    26.692 54385.09613705 30.86 300.329649 -29.842955 32.315
 62    26.691 54385.09613770 38.50 300.328759 -29.839675 32.315
 63    26.231 54420.09611370 22.14 300.329343 -29.859037 38.055
 63    26.124 54420.09611434 22.55 300.328463 -29.855757 38.055
 63    26.501 54420.09611498 25.83 300.327573 -29.852477 38.055
 64    26.836 54455.09610713 49.06 300.333428 -29.850689 46.100
 64    26.764 54455.09610778 53.51 300.332538 -29.847409 46.100
 64    26.725 54455.09610842 52.56 300.331658 -29.844129 46.100
 64    26.698 54455.09610906 52.49 300.330768 -29.840849 46.100
 64    26.746 54455.09610971 53.29 300.329878 -29.837569 46.100
 64    26.728 54455.09611035 47.60 300.328998 -29.834299 46.100
 65    26.562 54490.09611433 22.79 300.331223 -29.856981 38.962
 65    26.138 54490.09611497 21.96 300.330333 -29.853701 38.962
 65    26.417 54490.09611562 24.67 300.329453 -29.850421 38.962
 65    26.676 54490.09611626 26.45 300.328563 -29.847141 38.962
 66    26.841 54525.09611958 32.85 300.333182 -29.852453 24.827
 66    26.643 54525.09612023 30.65 300.332292 -29.849173 24.827
 66    26.624 54525.09612087 28.04 300.331412 -29.845893 24.827
 66    26.730 54525.09612152 30.30 300.330527 -29.842607 39.554
 66    26.904 54525.09612216 36.46 300.329637 -29.839337 39.554
 66    26.919 54525.09612281 44.50 300.328757 -29.836057 39.554
 67    27.063 54560.09612290 36.25 300.329449 -29.858773 41.120
 67    27.018 54560.09612354 32.09 300.328569 -29.855493 41.120
 67    26.989 54560.09612419 32.92 300.327679 -29.852213 41.120
 68    27.437 54595.09611526 30.09 300.330909 -29.857492 36.622
 68    27.284 54595.09611590 22.58 300.330019 -29.854222 36.622
 68    27.392 54595.09611655 24.44 300.329139 -29.850942 36.622
 68    27.688 54595.09611719 31.18 300.328249 -29.847662 36.622
 69    26.732 54630.09612939 52.52 300.330151 -29.857049 46.876
 69    26.761 54630.09613003 51.20 300.329261 -29.853769 46.876
 69    26.797 54630.09613068 51.69 300.328381 -29.850499 46.876
 70    26.432 54665.09613553 21.37 300.329726 -29.858142 27.688
 70    26.431 54665.09613617 21.46 300.328846 -29.854862 27.688
 70    26.472 54665.09613682 21.23 300.327956 -29.851582 27.688
 71    27.120 54700.09610623 29.19 300.330364 -29.858026 36.809
 71    26.973 54700.09610687 22.21 300.329484 -29.854746 36.809
 71    27.283 54700.09610752 27.75 300.328594 -29.851476 36.809
 71    27.269 54700.09610816 30.91 300.327714 -29.848196 36.809
 72    26.168 54735.09609543 21.86 300.332521 -29.854336 34.433
 72    25.828 54735.09609607 22.53 300.331631 -29.851066 34.433
 72    25.891 54735.09609672 24.50 300.330751 -29.847786 34.433
 72    26.923 54735.09609736 26.21 300.329863 -29.844499 39.843
 72    26.785 54735.09609801 27.33 300.328973 -29.841229 39.843
 73    27.121 54770.09608663 48.66 300.330846 -29.855060 47.741
 73    27.151 54770.09608728 47.21 300.329956 -29.851780 47.741
 73    27.183 54770.09608792 49.06 300.329066 -29.848500 47.741
 74    26.045 54805.09608828 21.65 300.331657 -29.855080 33.724
 74    26.376 54805.09608893 24.01 300.330767 -29.851800 33.724
 74    26.462 54805.09608957 26.10 300.329877 -29.848520 33.724
 74    27.092 54805.09609022 35.41 300.328997 -29.845240 33.724
 75    25.262 54840.09608172 23.09 300.331146 -29.855467 39.246
 75    25.327 54840.09608237 29.88 300.330256 -29.852187 39.246
 75    25.604 54840.09608301 37.93 300.329366 -29.848907 39.246
 75    25.647 54840.09608366 38.14 300.328486 -29.845637 39.246
 76    25.288 54875.09608923 23.93 300.331119 -29.855871 31.402
 76    26.047 54875.09608988 23.99 300.330229 -29.852591 31.402
 76    26.253 54875.09609052 28.15 300.329349 -29.849321 31.402
 76    26.380 54875.09609117 29.18 300.328463 -29.846033 42.554
 77    26.058 54910.09608665 20.37 300.327282 -29.857662 25.326
 77    26.509 54910.09608730 22.20 300.326402 -29.854382 25.326
 77    26.614 54910.09608794 28.13 300.325512 -29.851102 25.326
 78    25.965 54945.09608158 22.06 300.331310 -29.857274 37.759
 78    25.626 54945.09608222 26.82 300.330420 -29.853994 37.759
 78    25.880 54945.09608287 30.91 300.329530 -29.850714 37.759
 78    26.016 54945.09608351 38.01 300.328650 -29.847434 37.759
 79    25.630 54980.09610842 12.31 300.330044 -29.858721 22.889
 79    25.544 54980.09610906 14.79 300.329154 -29.855441 22.889
 79    25.710 54980.09610971 13.09 300.328274 -29.852171 22.889
 79    25.805 54980.09611035 17.73 300.327384 -29.848891 22.889
 80    26.179 55015.09611137 21.97 300.330583 -29.856471 39.218
 80    26.013 55015.09611202 23.00 300.329693 -29.853191 39.218
 80    26.126 55015.09611266 27.68 300.328803 -29.849921 39.218
 81    27.112 55050.09610581 39.78 300.331013 -29.853876 47.766
 81    27.101 55050.09610646 28.95 300.330123 -29.850606 47.766
 81    27.138 55050.09610710 37.87 300.329243 -29.847326 47.766
 81    27.130 55050.09610775 45.67 300.328353 -29.844046 47.766
 82    26.482 55085.09607217 26.77 300.328237 -29.859428 36.522
 82    26.365 55085.09607281 27.09 300.327347 -29.856148 36.522
 82    26.807 55085.09607346 32.70 300.326467 -29.852868 36.522
 83    26.934 55120.09603872 22.51 300.333409 -29.852666 37.401
 83    27.075 55120.09603937 23.40 300.332519 -29.849386 37.401
 83    27.215 55120.09604001 25.14 300.331639 -29.846116 37.401
 83    27.373 55120.09604066 28.91 300.330752 -29.842838 47.683
 83    27.570 55120.09604130 34.35 300.329862 -29.839558 47.683
 83    27.564 55120.09604194 41.33 300.328982 -29.836278 47.683
 84    27.905 55155.09603132 29.21 300.328981 -29.857496 28.812
 84    27.897 55155.09603197 27.94 300.328101 -29.854216 28.812
 84    28.101 55155.09603261 30.04 300.327211 -29.850936 28.812
 85    28.423 55190.09602809 27.72 300.331547 -29.853296 32.908
 85    28.174 55190.09602873 26.84 300.330657 -29.850026 32.908
 85    28.470 55190.09602937 27.62 300.329777 -29.846746 32.908
 85    28.581 55190.09603002 32.18 300.328890 -29.843460 47.410
 86    28.786 55225.09603151 40.47 300.329993 -29.858780 40.195
 86    28.674 55225.09603215 30.47 300.329113 -29.855500 40.195
 86    28.626 55225.09603280 30.93 300.328223 -29.852220 40.195
 86    28.907 55225.09603344 36.68 300.327333 -29.848940 40.195
 87    28.504 55260.09602298 35.46 300.331959 -29.855004 44.167
 87    28.437 55260.09602362 31.86 300.331069 -29.851724 44.167
 87    28.405 55260.09602427 32.52 300.330189 -29.848454 44.167
 87    28.656 55260.09602491 37.87 300.329299 -29.845174 44.167
 87    28.704 55260.09602556 45.30 300.328416 -29.841887 42.091
 88    27.961 55295.09601762 28.28 300.328708 -29.856797 34.636
 88    27.902 55295.09601826 25.82 300.327828 -29.853517 34.636
 88    28.188 55295.09601890 28.19 300.326938 -29.850237 34.636
 89    28.278 55330.09600543 33.16 300.328790 -29.856548 44.155
 89    28.264 55330.09600607 34.22 300.327900 -29.853278 44.155
 89    28.262 55330.09600672 38.12 300.327020 -29.849998 44.155
 90    27.330 55365.09599868 25.42 300.330199 -29.857343 29.618
 90    27.228 55365.09599932 20.91 300.329309 -29.854063 29.618
 90    27.260 55365.09599997 24.08 300.328419 -29.850783 29.618
 91    26.280 55400.09601024 22.18 300.332475 -29.854807 35.442
 91    26.495 55400.09601088 17.98 300.331585 -29.851537 35.442
 91    26.760 55400.09601153 26.07 300.330695 -29.848257 35.442
 91    26.953 55400.09601217 30.84 300.329815 -29.844977 35.442
 91    26.988 55400.09601282 33.49 300.328928 -29.841692 43.860
 92    26.214 55435.09601610 22.41 300.331463 -29.853905 38.397
 92    26.382 55435.09601675 29.26 300.330573 -29.850625 38.397
 92    26.490 55435.09601739 31.07 300.329693 -29.847355 38.397
 92    26.937 55435.09601804 36.16 300.328803 -29.844075 38.397
 93    26.335 55470.09596923 19.38 300.328527 -29.857716 25.564
 93    26.443 55470.09596987 23.65 300.327647 -29.854436 25.564
 93    26.493 55470.09597051 28.88 300.326757 -29.851156 25.564
