# NaN NaN NaN ;Mean Elev.(m), Avg Gradient(m/km), RMS Gradient(m/km) - SRTM1     
#   11.456  -0.367   5.662 ;Mean Elev.(m), Avg Gradient(m/km), RMS Gradient(m/km) - ASTER GDEM
#    8.075  -0.061   3.469 ;Mean Elev.(m), Avg Gradient(m/km), RMS Gradient(m/km) - GMTED2010 
  7 299.304601 -32.209097    10.316    10.185 11 52466.57032391 36.010
  8 299.305870 -32.209646     9.664     9.588 10 52501.57031678 34.133
  9 299.296972 -32.215349    10.210     9.876  5 52536.57030446 17.793
 10 299.303153 -32.206081    10.046    10.092 11 52571.57033824 33.345
 11 299.308079 -32.210959     9.840     9.841 10 52606.57030192 23.416
 12 299.301965 -32.204787    11.060    11.129 12 52641.57029553 33.697
 13 299.307878 -32.211435    10.341    10.281 10 52676.57028513 34.289
 14 299.301841 -32.205801    11.022    11.060 12 52711.57031238 37.691
 15 299.299862 -32.203814    10.696    10.666 12 52746.57033899 33.568
 16 299.297190 -32.215706    10.299    10.262  4 52781.57027954 22.949
 17 299.300030 -32.202467     9.690     9.541 13 52816.57035731 20.725
 18 299.303722 -32.207405     8.930     8.801 11 52851.57040921 29.956
 19 299.301912 -32.205226     8.836     8.825 11 52886.57044323 23.680
 20 299.307091 -32.210328     8.913     8.902 10 52921.57039957 39.744
 21 299.306752 -32.211401     8.841     8.870 11 52956.57036478 23.518
 22 299.308489 -32.211723     8.925     8.958 10 52991.57038335 24.309
 23 299.313379 -32.216868     9.986    10.069 10 53026.57035019 43.262
 24 299.310051 -32.213322     8.986     8.816 10 53061.57035930 44.853
 25 299.299858 -32.216041     9.515     9.404  4 53096.57038624 20.099
 26 299.309827 -32.215094     9.191     9.180 10 53131.57035840 33.290
 28 299.303905 -32.208113     9.082     9.179 11 53201.57043428 28.703
 29 299.312853 -32.214901     9.325     9.394 10 53236.57040438 34.304
 30 299.302952 -32.206395     8.585     8.624 12 53271.57036152 21.796
 31 299.299081 -32.201408     8.657     8.686 12 53306.57042499 17.208
 32 299.306033 -32.209160    10.287    10.351 11 53341.57039377 28.434
 33 299.310042 -32.213724     9.944     9.903 10 53376.57032652 33.394
 34 299.307530 -32.211490    10.161    10.189 11 53411.57036937 40.691
 35 299.297981 -32.214361    10.071    10.033  6 53446.57035281 26.336
 36 299.298413 -32.201891     9.779     9.689 13 53481.57043547 23.081
 37 299.304161 -32.216096     9.892     9.565  7 53516.57044115 29.264
 38 299.300957 -32.204426     9.996    10.006 12 53551.57045988 44.196
 39 299.308638 -32.213860     9.112     8.998 10 53586.57041697 37.280
 40 299.296991 -32.198883     8.796     8.755 14 53621.57037767 19.015
 41 299.302615 -32.204432     9.218     9.196 12 53656.57040703 23.183
 42 299.304670 -32.208135    10.254    10.240 12 53691.57039530 34.062
 43 299.310593 -32.214547    10.796    10.502 10 53726.57032000 28.522
 44 299.308571 -32.211943     9.400     9.375 10 53761.57027080 30.360
 45 299.310122 -32.213773     8.801     8.587 10 53796.57028486 35.966
 47 299.302084 -32.204530     9.475     9.421 11 53866.57034097 40.743
 48 299.302494 -32.214031    12.853    10.705  7 53901.57037156 24.632
 49 299.297162 -32.200091     8.804     8.780 13 53936.57040866 16.907
 50 299.303625 -32.206647     8.603     8.588 12 53971.57037592 26.999
 51 299.303986 -32.206894     8.624     8.626 12 54006.57035784 24.889
 52 299.306720 -32.211203     9.086     9.157 10 54041.57038620 31.165
 53 299.306850 -32.210333     9.474     9.495 10 54076.57038003 35.375
 54 299.308366 -32.212483     9.711     9.740 11 54111.57032098 26.463
 55 299.303810 -32.206228    10.616    10.771 11 54146.57032076 29.112
 56 299.308007 -32.211436    11.682    11.693 11 54181.57030831 43.266
 57 299.303259 -32.206167    10.756    10.777 11 54216.57032832 35.707
 58 299.304207 -32.207656    10.694    10.701 11 54251.57035509 40.727
 59 299.306790 -32.211369    10.088     9.939 10 54286.57036196 45.820
 60 299.306633 -32.210600     9.677     9.631 11 54321.57035853 34.449
 61 299.305666 -32.225457    18.791    15.421  3 54356.57032131 30.492
 62 299.305524 -32.210170     8.966     8.770 11 54391.57029933 45.583
 63 299.307474 -32.210334     9.160     9.105 11 54426.57026877 30.958
 64 299.304425 -32.209029     9.125     9.149 11 54461.57027620 35.571
 65 299.307390 -32.212341     9.079     9.169 10 54496.57027646 33.990
 66 299.305862 -32.210577     9.101     9.096 11 54531.57028939 29.540
 67 299.308495 -32.213106     9.370     9.409 11 54566.57028146 31.677
 68 299.304444 -32.209421     9.712     9.750 11 54601.57028457 25.921
 69 299.304403 -32.208896     9.018     9.065 11 54636.57029644 26.320
 70 299.304957 -32.210203     9.857     9.959 11 54671.57029994 20.465
 71 299.308433 -32.213080     9.285     9.370 10 54706.57026092 27.653
 72 299.301223 -32.219860     9.151     8.789  3 54741.57026691 27.047
 73 299.307942 -32.211320     9.489     9.538 10 54776.57024221 33.974
 74 299.303634 -32.206525     9.244     9.314 12 54811.57025712 33.815
 75 299.306883 -32.211259     8.143     8.066 11 54846.57024219 38.055
 76 299.303660 -32.206927     8.524     8.498 11 54881.57026119 32.114
 77 299.306484 -32.210767     8.488     8.573 11 54916.57024474 38.009
 78 299.304046 -32.207327     8.373     8.331 12 54951.57025375 36.843
 79 299.302460 -32.208619     8.853     8.704 10 54986.57027926 18.555
 80 299.307002 -32.212066     8.339     8.374 11 55021.57027234 26.602
 81 299.306787 -32.211053     9.342     9.334 10 55056.57026854 34.964
 82 299.305194 -32.219231     9.523     9.370  6 55091.57022799 29.790
 83 299.305138 -32.209089     9.797     9.852 11 55126.57020817 32.338
 84 299.306426 -32.210160    10.931    11.031 10 55161.57018725 40.674
 85 299.303654 -32.206364    11.542    11.591 11 55196.57019823 41.604
 86 299.304088 -32.220781    12.171    12.026  4 55231.57019334 36.737
 87 299.305030 -32.210464    11.718    11.692 11 55266.57019362 37.460
 88 299.305880 -32.224115    11.406    11.121  3 55301.57017396 33.413
 89 299.305527 -32.210004    10.905    10.879 11 55336.57016894 36.561
 90 299.305356 -32.215681    10.888    10.654  8 55371.57016005 37.323
 91 299.305817 -32.209178     9.712     9.589 11 55406.57017777 41.819
 92 299.304481 -32.220061     9.944     9.630  6 55441.57017974 26.621
 93 299.307337 -32.220400    10.035     9.756  5 55476.57012232 32.099
