-171551.695    14.787     0.00    1.23
-171177.611    14.655    -0.35    1.22
-170803.509    14.407    -0.66    1.23
-170429.388    14.248    -0.43    1.25
-170055.248    14.070    -0.48    1.26
-169681.090    14.502     1.15    1.45
-169306.914    14.704     0.54    1.49
-168932.719    14.589    -0.31    1.48
-168558.506    14.385    -0.55    1.23
-168184.274    14.331    -0.14    1.48
-167810.024    13.953    -1.01    1.68
-167435.755    13.755    -0.53    1.56
-167061.467    13.817     0.16    1.50
-166687.161    13.728    -0.24    1.43
-166312.837    13.339    -1.04    1.46
-165938.494    13.044    -0.79    1.30
-165564.133    12.885    -0.42    1.17
-165189.752    12.748    -0.36    0.93
-164815.354    12.830     0.22    1.27
-164440.937    12.930     0.27    1.18
-164066.501    12.889    -0.11    1.26
-163692.047    12.947     0.15    1.18
-163317.574    12.813    -0.36    1.10
-162943.083    12.610    -0.54    1.14
-162568.573    12.430    -0.48    1.08
-162194.044    12.430     0.00    1.33
-161819.497    12.203    -0.61    1.15
-161444.932    12.401     0.53    1.24
-161070.348    12.302    -0.26    1.19
-160695.745    12.480     0.47    0.97
-160321.123    12.517     0.10    1.07
-159946.483    12.453    -0.17    0.99
-159571.825    12.398    -0.15    1.00
-159197.147    12.430     0.09    0.94
-158822.452    12.494     0.17    0.91
-158447.737    12.569     0.20    0.86
-158073.004    12.725     0.42    0.80
-157698.252    12.752     0.07    0.89
-157323.482    12.589    -0.43    0.94
-156948.693    12.505    -0.22    0.93
-156573.885    12.430    -0.20    0.92
-156199.059    12.271    -0.42    1.04
-155824.214    12.203    -0.18    1.13
-155449.350    12.125    -0.21    1.34
-155074.468    12.109    -0.04    1.52
-154699.567    12.180     0.19    1.66
-154324.648    12.144    -0.10    1.63
-153949.709    12.021    -0.33    1.29
-153574.752    12.145     0.33    1.14
-153199.777    12.044    -0.27    1.14
-152824.782    12.125     0.22    0.94
-152449.769    12.095    -0.08    1.14
-152074.738    12.191     0.26    1.10
-151699.687    12.109    -0.22    1.42
-151324.618    12.236     0.34    1.69
-150949.530    12.191    -0.12    1.67
-150574.424    12.013    -0.47    1.75
-150199.298    11.791    -0.59    1.63
-149824.154    11.442    -0.93    1.25
-149448.992    11.258    -0.49    1.16
-149073.810    11.424     0.44    1.31
-148698.610    11.569     0.39    1.13
-148323.391    11.612     0.11    1.15
-147948.153    11.680     0.18    1.03
-147572.897    11.794     0.30    1.15
-147197.621    11.610    -0.49    1.37
-146822.327    11.525    -0.23    1.71
-146447.015    11.145    -1.01    1.79
-146071.683    10.771    -1.00    1.72
-145696.333    10.236    -1.43    1.36
-145320.964    10.006    -0.61    1.03
-144945.576     9.747    -0.69    1.37
-144570.169     9.794     0.13    1.53
-144194.744     9.703    -0.24    1.65
-143819.299     9.613    -0.24    1.54
-143443.836     9.976     0.96    1.53
-143068.354    10.169     0.52    1.31
-142692.853    10.430     0.70    1.20
-142317.334    10.213    -0.58    1.12
-141941.795    10.180    -0.09    1.11
-141566.238    10.226     0.12    1.09
-141190.662    10.058    -0.45    1.11
-140815.067     9.889    -0.45    1.15
-140439.453     9.724    -0.44    1.07
-140063.821     9.703    -0.06    1.07
-139688.169     9.544    -0.42    1.00
-139312.499     9.571     0.07    1.14
-138936.810     9.612     0.11    1.00
-138561.102     9.794     0.48    0.95
-138185.375     9.918     0.33    1.05
-137809.629     9.963     0.12    0.96
-137433.864     9.862    -0.27    0.87
-137058.081    10.013     0.40    1.07
-136682.278     9.953    -0.16    1.00
-136306.457    10.021     0.18    1.03
-135930.617    10.135     0.30    1.04
-135554.758    10.105    -0.08    1.20
-135178.879    10.236     0.35    1.10
-134802.982     9.959    -0.74    1.20
-134427.067     9.680    -0.74    1.08
-134051.132     9.498    -0.48    1.02
-133675.178     9.387    -0.29    0.98
-133299.205     9.407     0.05    0.90
-132923.213     9.205    -0.54    0.88
-132547.203     9.258     0.14    0.99
-132171.173     9.238    -0.05    1.30
-131795.125     9.180    -0.15    1.77
-131419.057     8.702    -1.27    2.01
-131042.971     8.192    -1.36    2.18
-130666.865     7.726    -1.24    1.94
-130290.741     7.363    -0.96    2.10
-129914.598     7.044    -0.85    2.05
-129538.435     7.203     0.42    2.41
-129162.254     7.262     0.16    2.43
-128786.054     7.836     1.53    2.46
-128409.834     8.405     1.51    2.01
-128033.596     8.907     1.33    1.55
-127657.339     9.135     0.60    1.35
-127281.062     9.112    -0.06    1.26
-126904.767     9.169     0.15    1.24
-126528.452     9.099    -0.19    1.18
-126152.119     8.637    -1.23    1.09
-125775.767     8.656     0.05    1.26
-125399.395     8.567    -0.24    1.50
-125023.005     8.636     0.18    1.52
-124646.595     8.593    -0.11    1.41
-124270.166     8.544    -0.13    1.49
-123893.719     8.294    -0.66    1.62
-123517.252     8.071    -0.59    1.73
-123140.766     7.424    -1.72    1.57
-122764.261     6.813    -1.62    1.52
-122387.737     6.547    -0.71    1.39
-122011.194     6.528    -0.05    1.40
-121634.632     6.813     0.76    1.65
-121258.051     6.963     0.40    1.76
-120881.450     6.680    -0.75    1.62
-120504.831     6.547    -0.35    1.56
-120128.193     6.203    -0.91    1.19
-119751.535     6.125    -0.21    1.22
-119374.858     6.407     0.75    1.52
-118998.162     7.236     2.20    2.11
-118621.447     8.332     2.91    2.29
-118244.713     9.112     2.07    2.06
-117867.960    10.067     2.53    1.56
-117491.188    10.513     1.19    1.67
-117114.396    10.289    -0.60    2.59
-116737.585    10.748     1.22    2.90
-116360.756    10.591    -0.42    3.29
-115983.907    11.029     1.16    3.24
-115607.038    10.839    -0.50    3.07
-115230.151    11.339     1.33    2.02
-114853.245    10.830    -1.35    1.75
-114476.319    10.325    -1.34    1.30
-114102.649    10.271    -0.14    1.63
-113729.487    10.680     1.10    1.58
-113356.307    10.703     0.06    1.52
-112983.108    10.412    -0.78    1.32
-112609.890    10.339    -0.19    1.14
-112236.654    10.080    -0.69    1.19
-111863.398    10.591     1.37    1.56
-111490.124    10.959     0.99    1.82
-111116.831    11.236     0.74    1.90
-110743.520    11.569     0.89    1.75
-110370.189    11.517    -0.14    1.85
-109996.840    11.726     0.56    1.89
-109623.471    11.805     0.21    2.16
-109250.084    11.339    -1.25    2.40
-108876.678    10.727    -1.64    2.57
-108503.253    10.436    -0.78    2.80
-108129.810    10.169    -0.71    3.17
-107756.347     9.750    -1.12    3.28
-107382.866     9.476    -0.73    2.91
-107009.366     9.655     0.48    2.73
-106635.847    10.248     1.59    2.76
-106262.309    10.537     0.77    2.51
-105888.752    10.547     0.03    2.46
-105515.176    10.325    -0.59    2.39
-105141.582     9.913    -1.10    2.21
-104767.968     9.525    -1.04    2.09
-104394.336     8.980    -1.46    1.49
-104020.685     8.407    -1.53    1.30
-103647.015     8.217    -0.51    1.32
-103273.326     7.902    -0.84    1.40
-102899.618     7.680    -0.59    1.84
-102525.891     8.067     1.03    2.08
-102152.145     8.013    -0.14    2.12
-101778.380     7.827    -0.50    2.06
-101404.596     7.567    -0.70    2.00
-101030.794     7.851     0.76    1.80
-100656.972     7.885     0.09    1.59
-100283.132     7.680    -0.55    1.89
 -99909.272     7.703     0.06    2.06
 -99535.394     7.747     0.12    1.91
 -99161.496     7.705    -0.11    2.16
 -98787.580     8.157     1.21    1.86
 -98413.645     8.656     1.33    1.85
 -98039.691     8.657     0.00    1.82
 -97665.717     7.902    -2.02    2.57
 -97291.725     6.930    -2.60    3.19
 -96917.714     6.147    -2.09    3.18
 -96543.683     5.823    -0.87    3.07
 -96169.634     6.311     1.30    2.94
 -95795.566     6.609     0.80    2.84
 -95421.479     7.013     1.08    2.64
 -95047.372     7.789     2.07    2.30
 -94673.247     8.028     0.64    2.18
 -94299.103     8.102     0.20    2.28
 -93924.939     8.517     1.11    1.85
 -93550.757     8.202    -0.84    2.47
 -93176.556     7.109    -2.92    3.13
 -92802.335     5.613    -4.00    2.97
 -92428.096     3.930    -4.50    0.84
 -92053.837     3.680    -0.67    0.00
 -91679.559     3.858     0.47    1.19
 -91305.263     5.271     3.78    5.92
 -90930.947    12.789    20.08   14.98
 -90556.612    23.794    29.40   17.46
 -90182.258    30.102    16.85   14.35
 -89807.885    33.907    10.16    9.88
 -89433.493    31.157    -7.34   10.74
 -89059.082    27.369   -10.12   11.65
 -88684.652    25.203    -5.78   14.70
 -88310.203    22.430    -7.40   16.52
 -87935.734    17.613   -12.86   17.50
 -87561.247    15.147    -6.59   17.74
 -87186.740    10.036   -13.65   13.83
 -86812.214     7.885    -5.74   10.26
 -86437.669     6.191    -4.52    4.37
 -86063.105     7.339     3.06    4.42
 -85688.522     7.836     1.33    3.95
 -85313.920     9.006     3.12    5.73
 -84939.298     9.748     1.98    7.12
 -84564.657     9.969     0.59    7.31
 -84189.998    11.076     2.95    9.08
 -83815.319    12.767     4.51   11.25
 -83440.621    15.021     6.01   13.20
 -83065.903    13.226    -4.79   11.46
 -82691.167    12.354    -2.33   10.72
 -82316.411     9.137    -8.58    5.67
 -81941.636     7.635    -4.01    2.41
 -81566.842     7.180    -1.21    1.82
 -81192.029     7.398     0.58    2.18
 -80817.197     7.966     1.52    1.63
 -80442.345     8.036     0.19    0.98
 -80067.475     8.089     0.14    0.92
 -79692.585     8.102     0.04    0.99
 -79317.675     7.998    -0.28    1.09
 -78942.747     7.918    -0.21    0.96
 -78567.799    12.998    13.55   10.89
 -78192.832    20.752    20.68   15.86
 -77817.846    25.436    12.49   16.24
 -77442.841    29.544    10.95   14.55
 -77067.816    30.907     3.64   11.64
 -76692.772    33.521     6.97    9.03
 -76317.709    38.252    12.61    7.58
 -75942.627    43.998    15.32    7.00
 -75567.525    49.252    14.00    7.25
 -75192.404    54.302    13.46    8.07
 -74817.264    61.236    18.48    8.00
 -74442.105    66.657    14.45    6.64
 -74066.926    69.169     6.70    5.01
 -73691.728    68.705    -1.24    6.00
 -73316.510    65.453    -8.67    8.01
 -72941.274    59.871   -14.88    7.85
 -72566.018    53.725   -16.38    8.22
 -72190.743    48.703   -13.38    7.66
 -71815.448    44.355   -11.59    6.32
 -71440.134    39.791   -12.16    7.21
 -71064.801    35.655   -11.02    7.32
 -70689.448    35.794     0.37    6.23
 -70314.076    39.169     8.99    7.77
 -69938.685    44.021    12.92    8.84
 -69563.275    50.725    17.86    8.07
 -69187.845    55.726    13.32    7.44
 -68812.396    58.637     7.75    7.93
 -68436.927    59.942     3.48    8.49
 -68061.439    61.413     3.92    7.91
 -67685.932    62.067     1.74    6.46
 -67310.405    65.202     8.35    6.28
 -66934.859    69.013    10.15    7.22
 -66559.293    72.771    10.00    6.81
 -66183.708    74.158     3.69    6.46
 -65808.104    72.498    -4.42    6.09
 -65432.481    70.880    -4.31    7.08
 -65056.837    66.771   -10.94    7.29
 -64681.175    63.502    -8.70    8.27
 -64305.493    59.325   -11.12    8.30
 -63929.792    54.430   -13.03    6.61
 -63554.071    53.748    -1.81    6.57
 -63178.331    52.362    -3.69    7.84
 -62802.571    53.476     2.96    8.27
 -62426.792    54.591     2.97    7.54
 -62050.994    54.112    -1.28    6.20
 -61675.176    56.050     5.16    7.18
 -61299.339    57.226     3.13    6.77
 -60923.482    55.013    -5.89    6.34
 -60547.606    53.771    -3.31    6.18
 -60171.710    50.907    -7.62    7.06
 -59795.795    47.725    -8.47    6.88
 -59419.860    46.436    -3.43    6.09
 -59043.906    45.376    -2.82    6.71
 -58667.932    45.569     0.51    6.84
 -58291.939    44.502    -2.84    7.19
 -57915.926    43.544    -2.55    6.71
 -57539.894    44.680     3.02    5.35
 -57163.843    43.680    -2.66    6.85
 -56787.771    40.130    -9.44    8.90
 -56411.681    34.525   -14.90   11.76
 -56035.570    26.885   -20.31   14.04
 -55659.441    18.567   -22.11   12.02
 -55283.291    11.613   -18.48    6.63
 -54907.123     8.144    -9.22    3.67
 -54530.934     7.067    -2.86    2.48
 -54154.727     6.461    -1.61    2.31
 -53778.499     6.248    -0.56    2.19
 -53402.252     6.271     0.06    2.24
 -53025.986     6.339     0.18    2.35
 -52649.699     6.480     0.37    2.78
 -52273.394     6.330    -0.40    3.14
 -51897.069     6.203    -0.34    3.28
 -51520.724     5.369    -2.22    3.46
 -51144.359     5.517     0.39    4.71
 -50767.975     6.613     2.91    8.42
 -50391.572    10.169     9.45   16.23
 -50015.148    13.811     9.67   19.76
 -49638.706    13.037    -2.05   18.32
 -49262.243    13.769     1.94   17.58
 -48885.761    12.112    -4.40   15.84
 -48509.260    14.115     5.32   19.33
 -48132.738    11.413    -7.17   18.11
 -47756.197     7.794    -9.61   13.56
 -47379.637     4.297    -9.29    8.42
 -47003.057     1.226    -8.16    1.76
 -46626.457     0.925    -0.80    1.15
 -46249.837     0.680    -0.65    0.00
 -45873.198     1.280     1.59    1.96
 -45496.539     2.044     2.03    3.31
 -45119.861     2.612     1.51    3.46
 -44743.163     3.213     1.60    3.83
 -44366.445     3.907     1.84    4.09
 -43989.707     3.748    -0.42    3.86
 -43612.950     5.191     3.83    4.49
 -43236.173     6.299     2.94    4.05
 -42859.377     6.811     1.36    3.44
 -42482.561     7.236     1.13    2.86
 -42105.725     7.485     0.66    1.83
 -41728.869     6.521    -2.56    1.46
 -41351.994     6.299    -0.59    1.46
 -40975.098     6.089    -0.56    1.56
 -40598.184     5.752    -0.90    1.67
 -40221.249     5.969     0.58    1.69
 -39844.295     5.880    -0.24    1.63
 -39468.600     5.680    -0.53    1.57
 -39095.509     6.169     1.31    1.66
 -38722.399     6.424     0.68    1.57
 -38349.269     6.271    -0.41    1.54
 -37976.120     6.013    -0.69    1.44
 -37602.952     5.213    -2.14    1.71
 -37229.765     4.953    -0.70    1.40
 -36856.558     4.902    -0.14    1.69
 -36483.331     5.680     2.08    1.81
 -36110.086     5.490    -0.51    2.36
 -35736.821     5.498     0.02    3.51
 -35363.537     4.541    -2.57    4.32
 -34990.233     3.407    -3.04    4.67
 -34616.910     2.567    -2.25    4.76
 -34243.567     2.413    -0.41    4.62
 -33870.205     3.480     2.86    5.33
 -33496.824     4.490     2.70    5.52
 -33123.424     4.636     0.39    5.53
 -32750.004     4.255    -1.02    5.03
 -32376.564     2.885    -3.67    4.32
 -32003.105     2.191    -1.86    3.90
 -31629.627     2.317     0.34    4.11
 -31256.129     3.169     2.28    4.06
 -30882.612     4.544     3.68    4.06
 -30509.076     5.289     1.99    3.49
 -30135.520     4.192    -2.94    3.58
 -29761.945     3.769    -1.13    3.46
 -29388.350     2.913    -2.29    3.14
 -29014.736     2.936     0.06    3.09
 -28641.102     3.463     1.41    3.19
 -28267.449     4.169     1.89    3.45
 -27893.776     3.978    -0.51    3.30
 -27520.084     4.037     0.16    3.19
 -27146.373     4.191     0.41    3.39
 -26772.642     4.145    -0.12    3.32
 -26398.891     4.391     0.66    3.39
 -26025.121     4.506     0.31    3.30
 -25651.332     5.137     1.69    3.07
 -25277.523     5.125    -0.03    2.92
 -24903.694     5.021    -0.28    2.76
 -24529.846     4.658    -0.97    1.84
 -24155.979     4.567    -0.25    1.40
 -23782.092     4.547    -0.05    1.08
 -23408.185     5.021     1.27    1.61
 -23034.259     5.525     1.35    1.80
 -22660.314     5.613     0.24    1.92
 -22286.349     5.862     0.66    2.07
 -21912.364     5.724    -0.37    2.38
 -21538.360     4.969    -2.02    2.18
 -21164.336     4.725    -0.65    1.99
 -20790.293     4.302    -1.13    2.93
 -20416.230     3.703    -1.60    3.11
 -20042.148     2.789    -2.44    3.46
 -19668.046     1.362    -3.81    3.11
 -19293.924     0.502    -2.30    2.21
 -18919.783    -0.059    -1.50    1.25
 -18545.622    -0.320    -0.70    0.00
 -18171.442    -0.320     0.00    0.00
 -17797.242    -0.087     0.62    1.02
 -17423.023     0.245     0.89    1.67
 -17048.783     0.355     0.29    1.76
 -16674.525     0.212    -0.38    1.64
 -16300.246     0.789     1.54    2.24
 -15925.949     1.591     2.14    2.83
 -15551.631     2.430     2.24    2.82
 -15177.294     2.820     1.04    2.60
 -14802.937     3.302     1.29    2.41
 -14428.561     2.633    -1.79    2.78
 -14054.164     1.441    -3.18    2.60
 -13679.749     0.680    -2.03    1.83
 -13305.313     0.880     0.53    1.94
 -12930.858     1.339     1.23    2.57
 -12556.384     1.936     1.59    2.67
 -12181.889     2.407     1.26    2.59
 -11807.375     2.755     0.93    2.60
 -11432.841     2.791     0.10    2.80
 -11058.288     2.494    -0.79    2.56
 -10683.715     1.791    -1.88    2.20
 -10309.122     1.613    -0.47    2.17
  -9934.510     1.704     0.24    2.47
  -9559.877     1.612    -0.25    2.19
  -9185.225     1.847     0.63    2.25
  -8810.554     1.885     0.10    2.57
  -8435.863     1.843    -0.11    2.66
  -8061.151     2.169     0.87    2.87
  -7686.421     2.858     1.84    3.02
  -7311.670     3.228     0.99    3.17
  -6936.900     4.036     2.16    3.15
  -6562.110     5.105     2.85    2.55
  -6187.300     5.726     1.66    1.90
  -5812.471     5.963     0.63    1.34
  -5437.621     6.203     0.64    1.37
  -5062.752     6.369     0.44    1.47
  -4687.864     6.362    -0.02    1.39
  -4312.955     6.289    -0.20    1.71
  -3938.027     6.299     0.03    1.65
  -3563.079     6.169    -0.35    1.66
  -3188.111     5.998    -0.46    1.65
  -2813.123     6.137     0.37    1.66
  -2438.115     6.013    -0.33    1.64
  -2063.088     6.067     0.14    1.48
  -1688.041     5.093    -2.60    2.67
  -1312.974     3.248    -4.92    3.37
   -937.887     1.169    -5.54    3.16
   -562.781    -0.475    -4.38    2.08
   -187.654    -1.320    -2.25    0.00
    187.492    -1.320     0.00    0.00
    562.658    -1.320     0.00    0.00
    937.844    -1.098     0.59    0.95
   1313.050    -0.276     2.19    2.82
   1688.275     0.880     3.08    3.67
   2063.521     2.280     3.73    3.79
   2438.786     2.953     1.79    3.71
   2814.071     4.224     3.39    3.17
   3189.376     4.748     1.40    2.56
   3564.701     4.571    -0.47    2.02
   3940.046     4.376    -0.52    2.03
   4315.411     4.180    -0.52    2.07
   4690.796     4.013    -0.44    2.16
   5066.200     4.085     0.19    2.37
   5441.625     3.485    -1.60    2.67
   5817.069     2.728    -2.02    3.03
   6192.533     3.615     2.36    6.86
   6568.017     6.180     6.83   10.30
   6943.522     9.791     9.62   12.40
   7319.046    13.817    10.72   12.98
   7694.590    17.843    10.72   11.65
   8070.153    23.567    15.24    9.14
   8445.737    27.656    10.89    5.78
   8821.341    28.902     3.32    3.45
   9196.965    28.502    -1.06    3.65
   9572.609    26.889    -4.29    3.39
   9948.272    25.325    -4.17    2.08
  10323.956    24.680    -1.72    1.09
  10699.660    24.407    -0.73    1.04
  11075.383    24.407     0.00    1.17
  11451.127    24.636     0.61    1.26
  11826.891    24.747     0.30    1.32
  12202.674    24.589    -0.42    1.36
  12578.478    24.419    -0.45    1.36
  12954.301    24.387    -0.08    1.31
  13330.145    23.702    -1.82    1.92
  13706.009    22.907    -2.12    2.39
  14081.892    22.391    -1.37    2.22
  14457.796    22.036    -0.95    2.19
  14833.720    22.591     1.48    2.79
  15209.663    22.919     0.87    3.13
  15585.627    23.635     1.90    3.28
  15961.611    23.747     0.30    2.67
  16337.615    24.102     0.95    2.28
  16713.639    24.453     0.93    1.75
  17089.683    24.789     0.89    1.83
  17465.747    25.203     1.10    1.77
  17841.831    25.569     0.97    1.72
  18217.935    25.832     0.70    1.62
  18594.060    26.302     1.25    1.34
  18970.204    26.591     0.77    1.38
  19346.369    26.913     0.85    1.27
  19722.553    27.180     0.71    1.21
  20098.758    27.453     0.72    1.29
  20474.983    27.725     0.72    1.33
  20851.228    27.791     0.18    1.30
  21227.493    27.829     0.10    1.22
  21603.778    27.969     0.37    1.22
  21980.083    27.948    -0.05    1.27
  22356.409    28.191     0.65    1.18
  22732.754    28.424     0.62    1.14
  23109.120    28.213    -0.56    0.99
  23485.506    28.436     0.59    1.03
  23861.912    28.634     0.53    1.02
  24238.338    28.817     0.49    1.11
  24614.784    28.966     0.40    1.17
  24991.251    28.817    -0.40    1.25
  25367.738    28.817     0.00    1.27
  25744.244    28.771    -0.12    1.34
  26120.771    28.571    -0.53    1.45
  26497.319    28.442    -0.34    1.41
  26873.886    28.028    -1.10    1.79
  27250.474    27.394    -1.68    1.89
  27627.082    26.747    -1.72    2.30
  28003.710    25.963    -2.08    2.39
  28380.358    25.615    -0.92    2.56
  28757.027    25.093    -1.39    2.50
  29133.715    24.567    -1.40    2.46
  29510.424    23.659    -2.41    1.59
  29887.154    23.271    -1.03    1.23
  30263.903    23.302     0.08    1.32
  30640.673    23.311     0.02    1.34
  31017.463    23.525     0.57    1.28
  31394.273    23.854     0.87    1.23
  31771.103    24.071     0.58    1.22
  32147.954    24.637     1.50    1.15
  32524.825    25.147     1.35    1.18
  32901.717    25.424     0.74    1.26
  33278.628    25.637     0.56    1.32
  33655.560    25.585    -0.14    1.34
  34032.512    25.637     0.14    1.23
  34409.485    25.544    -0.25    1.19
  34786.478    25.745     0.53    1.32
  35163.491    25.794     0.13    1.28
  35537.315    25.913     0.32    1.25
  35910.348    26.180     0.72    1.34
  36283.401    26.436     0.69    1.20
  36656.474    26.547     0.30    1.29
  37029.567    27.476     2.49    3.73
  37402.680    27.258    -0.58    1.47
  37775.812    27.702     1.19    1.51
  38148.965    27.634    -0.18    1.46
  38522.137    27.794     0.43    1.24
  38895.329    27.918     0.33    1.36
  39268.542    28.502     1.57    1.72
  39641.774    28.913     1.10    1.69
  40015.026    29.769     2.29    1.64
  40388.298    30.680     2.44    1.45
  40761.590    31.657     2.62    1.64
  41134.901    32.658     2.68    1.66
  41508.233    33.580     2.47    1.41
  41881.585    34.453     2.34    1.64
  42254.956    34.998     1.46    1.36
  42628.348    35.391     1.05    1.20
  43001.760    35.325    -0.18    1.05
  43375.191    35.294    -0.08    1.10
  43748.643    35.318     0.07    1.34
  44122.114    35.109    -0.56    1.33
  44495.606    35.080    -0.08    1.21
  44869.117    35.228     0.40    1.35
  45242.648    35.436     0.56    1.94
  45616.200    35.850     1.11    2.03
  45989.771    36.898     2.80    2.51
  46363.363    37.158     0.70    2.46
  46736.974    36.858    -0.80    2.17
  47110.605    35.854    -2.69    1.90
  47484.257    34.918    -2.50    1.66
  47857.928    34.963     0.12    1.68
  48231.620    35.089     0.34    1.98
  48605.331    35.294     0.55    2.10
  48979.063    35.376     0.22    1.92
  49352.815    35.289    -0.23    1.82
  49726.586    34.957    -0.89    1.66
  50100.378    35.125     0.45    1.75
  50474.190    35.115    -0.03    1.63
  50848.022    35.498     1.03    1.72
  51221.874    35.747     0.66    1.83
  51595.746    36.289     1.45    1.82
  51969.638    36.615     0.87    1.89
  52343.550    37.233     1.65    1.75
  52717.482    37.726     1.32    1.75
  53091.435    38.311     1.56    1.58
  53465.407    39.430     2.99    1.92
  53839.400    40.771     3.59    2.33
  54213.412    42.125     3.62    2.38
  54587.445    43.610     3.97    2.21
  54961.498    44.811     3.21    1.90
  55335.571    45.794     2.63    1.66
  55709.664    46.550     2.02    1.17
  56083.778    46.963     1.10    1.36
  56457.911    46.744    -0.58    1.59
  56832.065    45.791    -2.55    2.38
  57206.239    45.085    -1.89    2.64
  57580.433    44.376    -1.90    2.39
  57954.647    43.942    -1.16    2.18
  58328.881    44.593     1.74    2.31
  58703.135    45.476     2.36    2.19
  59077.410    46.125     1.73    2.16
  59451.705    46.147     0.06    2.11
  59826.020    46.052    -0.25    2.07
  60200.355    46.839     2.10    2.10
  60574.710    47.656     2.18    1.97
  60949.086    48.880     3.27    1.71
  61323.482    50.021     3.05    1.52
  61697.898    50.836     2.18    1.62
  62072.334    51.613     2.08    1.85
  62446.791    52.371     2.02    2.07
  62821.267    52.748     1.01    2.53
  63195.764    52.866     0.31    2.93
  63570.281    53.180     0.84    2.60
  63944.819    53.876     1.86    2.38
  64319.376    54.430     1.48    2.22
  64693.954    55.767     3.57    2.18
  65068.553    57.044     3.41    1.70
  65443.171    58.311     3.38    1.78
  65817.810    59.418     2.96    1.85
  66192.469    60.013     1.59    1.78
  66567.148    61.115     2.94    1.54
  66941.848    61.941     2.20    1.73
  67316.568    62.506     1.51    1.90
  67691.308    63.191     1.83    1.77
  68066.068    63.637     1.19    1.44
  68440.849    63.748     0.30    1.45
  68815.650    64.102     0.94    1.64
  69190.472    64.747     1.72    1.56
  69565.313    65.044     0.79    1.56
  69940.175    65.127     0.22    1.68
  70315.058    64.839    -0.77    1.95
  70689.961    64.058    -2.08    2.21
  71064.884    63.006    -2.81    2.46
  71439.827    61.593    -3.77    2.61
  71814.791    59.613    -5.28    2.61
  72189.775    57.930    -4.49    2.94
  72564.780    54.832    -8.26    3.84
  72939.805    51.959    -7.66    4.46
  73314.850    48.202   -10.02    4.66
  73689.915    44.854    -8.93    3.25
  74065.002    43.115    -4.64    1.94
  74440.108    43.112    -0.01    2.04
  74815.235    44.347     3.29    2.61
  75190.382    46.302     5.21    2.86
  75565.550    48.046     4.65    2.35
  75940.738    50.125     5.54    3.13
  76315.946    51.544     3.78    3.16
  76691.175    53.213     4.45    3.10
  77066.425    54.191     2.61    3.00
  77441.694    54.796     1.61    3.58
  77816.984    55.407     1.63    4.90
  78192.295    55.918     1.36    6.56
  78567.626    55.947     0.08    5.91
  78942.978    57.325     3.67    5.97
  79318.350    57.769     1.18    4.74
  79693.742    59.811     5.44    4.24
  80069.155    60.564     2.01    3.87
  80444.589    60.354    -0.56    4.01
  80820.043    59.990    -0.97    3.48
  81195.517    60.036     0.12    2.75
  81571.012    61.212     3.13    2.75
  81946.527    61.832     1.65    2.32
  82322.063    61.767    -0.17    2.65
  82697.620    61.112    -1.74    3.49
  83073.197    58.985    -5.66    3.92
  83448.794    56.430    -6.80    3.33
  83824.412    55.036    -3.71    3.90
  84200.050    53.747    -3.43    3.99
  84575.709    51.591    -5.74    3.73
  84951.389    50.382    -3.22    3.08
  85327.089    49.589    -2.11    1.78
  85702.810    50.147     1.48    2.15
  86078.551    51.637     3.97    2.68
  86454.313    53.071     3.82    2.92
  86830.095    54.569     3.99    2.53
  87205.898    55.885     3.50    2.58
  87581.722    57.093     3.22    2.36
  87957.566    58.430     3.56    2.52
  88333.430    60.832     6.39    3.10
  88709.316    62.813     5.27    2.77
  89085.221    64.382     4.17    2.27
  89461.148    65.213     2.21    1.95
  89837.095    65.238     0.07    2.40
  90213.063    65.280     0.11    2.53
  90589.051    65.418     0.37    2.53
  90965.060    66.102     1.82    2.58
  91341.089    66.880     2.07    2.59
  91717.139    67.843     2.56    2.74
  92093.210    69.502     4.41    2.74
  92469.302    70.871     3.64    2.42
  92845.414    72.021     3.06    2.08
  93221.547    73.170     3.05    1.49
  93597.700    73.836     1.77    1.40
  93973.874    74.311     1.26    1.42
  94350.069    74.636     0.86    1.28
  94726.284    75.050     1.10    1.36
  95102.521    75.331     0.75    1.25
  95478.777    75.436     0.28    1.45
  95855.055    75.544     0.29    1.64
  96231.353    75.258    -0.76    1.98
  96607.672    75.985     1.93    1.47
  96984.012    76.339     0.94    1.48
  97360.372    76.909     1.51    1.43
  97736.753    77.485     1.53    1.31
  98113.155    77.854     0.98    1.32
  98489.578    78.569     1.90    1.34
  98866.021    79.135     1.50    1.45
  99242.485    79.898     2.03    1.44
  99618.970    80.294     1.05    1.50
  99995.475    80.297     0.01    1.84
 100372.001    80.245    -0.14    2.54
 100748.548    80.382     0.36    3.61
 101125.116    79.013    -3.64    3.75
 101501.705    77.752    -3.35    3.36
 101878.314    76.093    -4.40    3.11
 102254.944    73.728    -6.28    3.29
 102631.595    71.325    -6.38    3.48
 103008.267    68.813    -6.67    3.06
 103384.959    66.936    -4.98    2.04
 103761.673    66.702    -0.62    1.74
 104138.407    67.252     1.46    2.11
 104515.162    69.044     4.76    2.53
 104891.938    71.616     6.83    2.60
 105268.734    73.339     4.57    2.23
 105645.552    75.071     4.60    2.24
 106022.390    76.907     4.87    2.07
 106399.249    77.919     2.69    1.93
 106776.129    78.752     2.21    1.72
 107153.030    78.898     0.39    1.99
 107529.952    78.854    -0.12    2.10
 107906.894    78.941     0.23    1.89
 108283.858    79.593     1.73    1.92
 108660.842    80.248     1.74    2.03
 109037.847    81.361     2.95    1.97
 109414.873    82.169     2.14    1.98
 109791.920    82.813     1.71    1.74
 110167.878    83.458     1.71    1.48
 110540.833    83.953     1.33    1.17
 110913.809    83.985     0.08    1.15
 111286.805    84.271     0.77    1.13
 111659.821    84.382     0.30    1.06
 112032.858    84.376    -0.02    1.05
 112405.915    84.425     0.13    0.99
 112778.993    84.458     0.09    0.90
 113152.091    84.294    -0.44    0.99
 113525.210    83.991    -0.81    1.08
 113898.349    83.823    -0.45    1.12
 114271.508    83.506    -0.85    1.16
 114644.688    83.458    -0.13    1.38
 115017.889    83.006    -1.21    1.55
 115391.110    82.726    -0.75    1.60
 115764.352    82.212    -1.38    2.06
 116137.614    81.726    -1.30    2.35
 116510.896    81.331    -1.06    2.66
 116884.199    81.157    -0.47    2.37
 117257.523    81.561     1.08    2.21
 117630.867    82.125     1.51    2.14
 118004.231    82.902     2.08    1.69
 118377.616    83.458     1.49    1.59
 118751.022    84.258     2.14    1.53
 119124.448    84.959     1.88    1.33
 119497.895    85.430     1.26    1.10
 119871.362    85.494     0.17    1.01
 120244.850    85.413    -0.22    1.10
 120618.358    85.028    -1.03    1.27
 120991.887    84.703    -0.87    1.44
 121365.437    84.137    -1.52    1.92
 121739.007    83.635    -1.34    2.10
 122112.598    82.224    -3.78    2.50
 122486.209    81.095    -3.02    2.29
 122859.841    80.369    -1.94    1.77
 123233.493    80.213    -0.42    1.24
 123607.166    80.702     1.31    1.32
 123980.860    81.361     1.76    1.53
 124354.574    81.876     1.38    1.42
 124728.309    82.201     0.87    1.40
 125102.065    82.339     0.37    1.49
 125475.841    82.616     0.74    1.51
 125849.638    82.953     0.90    1.48
 126223.455    83.458     1.35    1.62
 126597.293    84.115     1.76    1.36
 126971.152    84.854     1.98    1.40
 127345.031    85.255     1.07    1.41
 127718.931    85.817     1.50    1.11
 128092.852    86.006     0.51    1.10
 128466.793    86.180     0.47    1.11
 128840.755    86.191     0.03    1.16
 129214.738    86.458     0.71    0.97
 129588.741    86.498     0.11    0.99
 129962.766    86.745     0.66    1.04
 130336.810    86.703    -0.11    1.07
 130710.876    86.993     0.77    1.15
 131084.962    87.028     0.09    1.22
 131459.069    86.985    -0.12    1.19
 131833.197    86.907    -0.21    1.18
 132207.345    86.593    -0.84    1.19
 132581.514    86.458    -0.36    0.93
 132955.704    86.339    -0.32    0.82
 133329.915    85.919    -1.12    1.21
 133704.146    85.385    -1.43    1.21
 134078.398    85.058    -0.87    1.13
 134452.671    84.791    -0.71    1.07
 134826.964    84.657    -0.36    1.19
 135201.279    84.525    -0.35    1.24
 135575.614    84.561     0.10    1.21
 135949.970    84.317    -0.65    1.12
 136324.347    84.135    -0.49    1.07
 136698.744    84.147     0.03    0.92
 137073.162    84.436     0.77    1.07
 137447.602    84.839     1.08    0.89
 137822.061    85.311     1.26    1.02
 138196.542    85.728     1.11    0.94
 138571.044    85.769     0.11    0.90
 138945.566    85.750    -0.05    0.91
 139320.109    85.636    -0.30    0.93
 139694.673    85.467    -0.45    0.93
 140069.258    85.376    -0.24    0.99
 140443.864    85.361    -0.04    0.86
 140818.490    85.294    -0.18    0.87
 141193.138    85.382     0.24    1.21
 141567.806    85.544     0.43    1.23
 141942.495    85.547     0.01    1.38
 142317.205    85.502    -0.12    1.47
 142691.936    85.354    -0.40    1.10
 143066.688    85.446     0.25    1.25
 143441.460    85.385    -0.16    1.27
 143816.254    85.093    -0.78    1.17
 144191.068    84.811    -0.75    1.28
 144565.903    84.724    -0.23    1.59
 144940.760    84.591    -0.35    1.50
 145315.637    84.567    -0.07    1.63
 145690.535    84.202    -0.97    1.85
 146065.454    83.203    -2.66    1.64
 146440.394    82.723    -1.28    1.64
 146815.354    82.028    -1.85    1.42
 147190.336    81.658    -0.99    1.41
 147565.339    81.224    -1.16    1.29
 147940.363    80.771    -1.21    1.24
 148315.407    80.567    -0.55    1.47
 148690.473    80.401    -0.44    1.45
 149065.559    80.391    -0.03    1.52
 149440.667    80.930     1.44    2.00
 149815.795    81.191     0.70    2.24
 150190.945    81.236     0.12    2.47
 150566.115    81.347     0.30    2.54
 150941.307    81.569     0.59    2.46
 151316.519    81.362    -0.55    2.67
 151691.753    81.258    -0.28    2.35
 152067.007    81.255    -0.01    2.02
 152442.283    81.180    -0.20    1.59
 152817.579    80.999    -0.48    1.52
 153192.897    80.169    -2.21    2.01
 153568.236    79.441    -1.94    2.40
 153943.595    78.317    -3.00    2.62
 154318.976    78.147    -0.45    2.47
 154694.378    77.636    -1.36    2.79
 155069.800    77.658     0.06    2.93
 155445.244    76.850    -2.15    2.91
 155820.709    76.248    -1.60    2.67
 156196.195    75.289    -2.56    2.17
 156571.702    74.680    -1.62    1.70
 156947.230    74.510    -0.45    1.69
 157322.779    75.058     1.46    2.39
 157698.350    76.226     3.11    2.81
 158073.941    78.224     5.32    2.20
 158449.554    79.476     3.33    1.62
 158825.187    80.084     1.62    1.48
 159200.842    80.745     1.76    1.45
 159576.518    81.289     1.45    1.31
 159952.215    81.702     1.10    1.09
 160327.933    82.226     1.39    0.90
 160703.672    82.248     0.06    0.82
 161079.433    82.122    -0.34    1.45
 161455.214    81.836    -0.76    1.97
 161831.017    81.569    -0.71    2.26
 162206.841    82.302     1.95    2.48
 162582.686    82.637     0.89    2.09
 162958.552    83.394     2.02    2.11
 163334.439    83.876     1.28    2.02
 163710.348    84.362     1.29    1.93
 164086.277    85.236     2.32    1.69
 164462.228    86.021     2.09    1.39
 164838.200    86.550     1.41    1.64
 165214.194    87.106     1.48    1.56
 165590.208    87.226     0.32    1.72
 165966.244    86.202    -2.72    2.80
 166342.301    85.498    -1.87    2.81
 166718.379    85.102    -1.05    2.70
 167094.479    85.093    -0.02    2.24
 167470.599    85.789     1.85    2.09
 167846.741    86.680     2.37    1.65
 168222.904    87.476     2.11    1.41
 168599.089    88.297     2.18    1.50
 168975.294    89.050     2.00    1.48
 169351.521    89.854     2.14    1.37
 169727.769    90.702     2.26    1.36
 170104.039    91.299     1.59    1.21
 170480.329    92.485     3.15    1.72
 170856.641    93.226     1.97    1.63
 171232.975    93.854     1.67    1.87
 171609.329    94.480     1.66    2.06
 171985.705    94.658     0.47    2.05
 172362.102    94.725     0.18    2.34
 172738.521    94.680    -0.12    2.15
 173114.961    94.839     0.42    2.08
 173491.422    94.947     0.29    2.09
 173867.904    95.013     0.18    1.99
 174244.408    94.919    -0.25    1.54
 174620.933    94.880    -0.10    1.12
 174997.480    95.180     0.80    1.38
 175374.048    95.394     0.57    1.27
 175750.637    95.391    -0.01    1.04
 176127.248    95.224    -0.45    0.91
 176503.880    95.158    -0.17    0.94
 176880.533    94.999    -0.42    1.02
 177257.208    94.612    -1.03    1.07
 177633.904    94.347    -0.70    1.02
 178010.621    93.832    -1.37    1.15
 178387.360    93.212    -1.65    1.40
 178764.120    92.391    -2.18    1.50
 179140.902    91.703    -1.83    1.32
 179517.705    91.050    -1.73    1.32
 179894.530    90.794    -0.68    1.28
 180271.376    90.361    -1.15    1.11
 180648.243    90.093    -0.71    1.15
 181025.132    89.978    -0.31    1.16
 181402.042    89.789    -0.50    1.40
 181778.974    89.680    -0.29    1.50
 182155.927    89.502    -0.47    1.32
 182532.901    89.215    -0.76    1.10
 182909.898    88.991    -0.59    1.29
 183286.915    88.680    -0.83    1.52
 183663.954    88.339    -0.90    1.51
 184041.015    87.898    -1.17    1.53
 184418.097    87.875    -0.06    1.27
 184795.200    87.613    -0.69    1.14
 185169.182    87.467    -0.39    1.04
 185542.079    87.332    -0.36    1.12
 185914.997    87.425     0.25    1.33
 186287.935    87.506     0.22    1.37
 186660.895    87.638     0.35    1.29
 187033.876    87.862     0.60    1.26
 187406.877    88.212     0.94    1.10
 187779.900    88.567     0.95    1.19
 188152.944    89.036     1.26    1.28
 188526.008    89.767     1.96    1.46
 188899.094    90.441     1.81    1.42
 189272.201    90.829     1.04    1.30
 189645.329    91.021     0.51    1.33
 190018.478    90.966    -0.15    1.58
 190391.648    90.289    -1.81    1.67
 190764.839    89.999    -0.78    1.59
 191138.051    89.680    -0.86    1.40
 191511.284    89.347    -0.89    1.33
 191884.539    88.767    -1.55    1.59
 192257.814    88.498    -0.72    1.53
 192631.111    88.332    -0.44    1.40
 193004.428    88.362     0.08    1.20
 193377.767    88.553     0.51    1.48
 193751.127    88.876     0.87    1.68
 194124.508    88.829    -0.13    1.72
 194497.910    88.702    -0.34    1.67
 194871.333    88.362    -0.91    1.39
 195244.777    88.169    -0.52    1.34
 195618.243    88.070    -0.26    1.18
 195991.729    87.658    -1.10    1.41
 196365.237    86.726    -2.50    2.24
 196738.766    85.925    -2.14    2.66
 197112.316    85.147    -2.08    2.54
 197485.887    84.839    -0.82    2.52
 197859.479    84.969     0.35    2.56
 198233.093    85.799     2.22    2.30
 198606.728    86.226     1.14    1.72
 198980.384    86.191    -0.09    1.58
 199354.061    85.969    -0.59    1.47
 199727.759    85.765    -0.55    1.54
 200101.478    85.311    -1.22    1.54
 200475.219    85.255    -0.15    1.47
 200848.981    84.839    -1.11    1.40
 201222.764    84.811    -0.08    1.57
 201596.569    84.471    -0.91    1.46
 201970.394    84.102    -0.99    1.57
 202344.241    83.658    -1.19    1.71
 202718.109    83.158    -1.34    1.76
 203091.998    82.574    -1.56    1.91
 203465.909    82.157    -1.11    1.82
 203839.841    81.659    -1.33    1.76
 204213.794    80.854    -2.15    2.12
 204587.768    80.170    -1.83    2.68
 204961.764    78.991    -3.15    2.60
 205335.781    78.680    -0.83    2.68
 205709.819    78.506    -0.47    2.69
 206083.879    78.369    -0.37    2.98
 206457.959    79.042     1.80    3.40
 206832.061    79.636     1.59    3.43
 207206.185    80.446     2.17    3.04
 207580.330    80.441    -0.01    3.29
 207954.496    80.425    -0.04    3.44
 208328.683    79.413    -2.70    3.43
 208702.892    78.930    -1.29    3.20
 209077.122    78.485    -1.19    3.05
 209451.373    78.308    -0.47    2.50
 209825.646    78.550     0.65    2.32
 210199.940    78.998     1.20    2.15
 210574.255    79.413     1.11    2.31
 210948.592    78.680    -1.96    2.36
 211322.950    78.317    -0.97    2.54
 211697.330    77.976    -0.91    2.35
 212071.731    76.959    -2.72    2.00
 212446.153    76.302    -1.75    2.14
 212820.597    76.106    -0.53    1.95
 213195.062    75.413    -1.85    1.88
 213569.548    75.170    -0.65    1.65
 213944.056    75.080    -0.24    1.45
 214318.585    75.441     0.96    1.48
 214693.136    75.771     0.88    1.63
 215067.708    76.137     0.98    1.63
 215442.302    76.446     0.83    1.68
 215816.917    76.547     0.27    1.42
 216191.553    76.595     0.13    1.52
 216566.211    76.724     0.34    1.50
 216940.890    76.925     0.54    1.60
 217315.591    77.147     0.59    1.59
 217690.314    77.021    -0.34    1.65
 218065.057    76.567    -1.21    2.36
 218439.822    76.125    -1.18    2.12
 218814.609    75.787    -0.90    1.58
 219189.417    75.747    -0.11    1.47
 219564.247    75.361    -1.03    1.37
 219939.098    75.125    -0.63    1.39
 220313.971    74.531    -1.58    1.49
 220688.865    74.398    -0.36    1.50
 221063.781    74.276    -0.32    1.54
 221438.718    74.391     0.31    1.55
 221813.677    74.930     1.44    1.57
 222188.657    75.180     0.67    1.55
 222563.659    75.517     0.90    1.29
 222938.682    75.702     0.49    1.50
 223313.727    75.725     0.06    1.40
 223688.793    75.953     0.61    1.63
 224063.881    76.441     1.30    1.79
 224438.991    77.299     2.29    1.67
 224814.122    78.080     2.08    1.92
 225189.275    78.726     1.72    2.36
 225564.449    79.245     1.39    2.59
 225939.645    79.148    -0.26    2.55
 226314.863    78.919    -0.61    2.34
 226690.102    78.595    -0.86    1.60
 227065.362    78.203    -1.05    1.39
 227440.645    78.347     0.38    1.58
 227815.949    78.498     0.40    1.63
 228191.274    78.591     0.25    1.43
 228566.621    78.789     0.53    1.49
 228941.990    79.115     0.87    1.33
 229317.380    79.493     1.01    1.61
 229692.792    79.907     1.11    1.61
 230068.226    80.127     0.58    1.67
 230443.682    80.311     0.49    1.57
 230819.159    80.446     0.36    1.27
 231194.657    80.811     0.97    1.36
 231570.178    81.180     0.98    1.37
 231945.720    81.354     0.46    1.30
 232321.283    81.323    -0.08    1.36
 232696.869    81.340     0.04    1.34
 233072.476    81.771     1.15    1.38
 233448.105    82.325     1.47    1.64
 233823.755    82.398     0.19    1.75
 234199.428    82.044    -0.94    1.81
 234575.121    81.339    -1.88    1.35
 234950.837    81.226    -0.30    1.34
 235326.575    81.354     0.34    1.23
 235702.334    81.446     0.25    1.20
 236078.115    81.615     0.45    1.24
 236453.917    81.872     0.68    1.31
 236829.742    81.589    -0.75    1.76
 237205.588    81.441    -0.39    1.95
 237581.456    81.135    -0.82    2.03
 237957.345    80.413    -1.92    2.10
 238333.257    80.148    -0.71    1.84
 238709.190    80.289     0.37    2.03
 239085.145    80.034    -0.68    1.74
 239461.122    79.907    -0.34    2.24
 239837.120    78.744    -3.09    2.40
 240213.141    78.093    -1.73    2.18
 240589.183    77.616    -1.27    1.94
 240965.247    77.724     0.29    1.49
 241341.333    78.076     0.94    1.40
 241717.440    78.071    -0.01    1.50
 242093.570    78.135     0.17    1.47
 242469.721    78.593     1.22    2.61
 242845.894    78.430    -0.43    2.74
 243222.089    78.615     0.49    2.66
 243598.306    78.725     0.29    2.45
 243974.545    78.567    -0.42    1.62
 244350.806    78.317    -0.66    1.50
 244727.088    78.302    -0.04    1.45
 245103.392    78.245    -0.15    1.47
 245479.719    78.201    -0.12    1.44
 245856.067    78.289     0.23    1.47
 246232.437    78.388     0.26    1.30
 246608.829    78.089    -0.80    1.32
 246985.243    77.999    -0.24    1.37
 247361.678    78.089     0.24    1.34
 247738.136    77.858    -0.61    1.61
 248114.616    77.425    -1.15    1.69
 248491.117    77.398    -0.07    1.80
 248867.641    77.493     0.25    1.78
 249244.186    77.135    -0.95    1.92
 249620.753    76.935    -0.53    2.28
 249997.343    76.571    -0.97    2.08
 250373.954    76.744     0.46    2.05
 250750.587    76.791     0.13    2.16
 251127.242    77.180     1.03    2.27
 251503.919    77.550     0.98    2.23
 251880.618    77.635     0.23    2.06
 252257.340    77.463    -0.46    1.99
 252634.083    77.525     0.16    1.97
 253010.848    77.794     0.71    2.15
 253387.635    78.502     1.88    2.29
 253764.444    78.634     0.35    2.32
 254141.275    78.391    -0.64    2.52
 254518.128    77.829    -1.49    2.23
 254895.004    77.985     0.41    2.25
 255271.901    78.148     0.43    2.12
 255648.820    78.203     0.15    1.96
 256025.761    77.850    -0.94    1.93
 256402.725    77.332    -1.37    2.08
 256779.710    76.789    -1.44    2.22
 257156.718    76.280    -1.35    2.21
 257533.747    75.941    -0.90    2.15
 257910.799    76.034     0.25    2.10
 258287.873    76.157     0.33    2.05
 258664.968    76.467     0.82    2.06
 259042.086    76.202    -0.70    2.18
 259419.226    76.233     0.08    2.01
 259795.464    76.006    -0.60    2.29
 260168.285    76.476     1.26    2.15
 260541.127    76.093    -1.03    2.15
 260913.991    75.750    -0.92    2.16
 261286.876    76.202     1.21    2.19
 261659.783    75.998    -0.55    2.15
 262032.711    76.013     0.04    2.25
 262405.661    76.525     1.37    2.22
 262778.633    76.191    -0.89    2.38
 263151.626    75.969    -0.60    2.29
 263524.641    75.799    -0.46    2.14
 263897.677    76.058     0.69    2.05
 264270.736    76.191     0.36    2.29
 264643.815    76.115    -0.20    2.43
 265016.917    76.170     0.15    2.53
 265390.040    76.115    -0.15    2.66
 265763.184    76.404     0.77    2.24
 266136.351    76.658     0.68    2.24
 266509.539    76.571    -0.23    2.28
 266882.748    76.612     0.11    1.98
 267255.980    76.382    -0.62    2.24
 267629.233    76.311    -0.19    2.08
 268002.508    76.613     0.81    2.04
 268375.804    77.042     1.15    2.03
 268749.122    77.028    -0.04    1.77
 269122.462    77.072     0.12    2.46
 269495.823    77.157     0.23    2.81
 269869.207    77.616     1.23    2.97
 270242.612    77.745     0.35    2.72
 270616.038    77.850     0.28    2.71
 270989.487    77.325    -1.41    2.81
 271362.957    76.907    -1.12    2.77
 271736.449    77.311     1.08    2.18
 272109.962    77.044    -0.71    2.40
 272483.498    76.951    -0.25    2.20
 272857.055    77.354     1.08    2.26
 273230.634    77.170    -0.49    2.38
 273604.235    77.202     0.09    2.42
 273977.857    77.446     0.65    2.57
 274351.501    77.680     0.63    2.76
 274725.167    78.728     2.80    2.43
 275098.855    79.236     1.36    2.28
 275472.565    79.521     0.76    2.10
 275846.296    79.485    -0.10    1.95
 276220.049    78.398    -2.91    2.32
 276593.824    78.067    -0.89    2.48
 276967.621    77.808    -0.69    2.58
 277341.440    77.748    -0.16    2.56
 277715.281    78.028     0.75    2.55
 278089.143    78.180     0.41    2.73
 278463.027    78.213     0.09    2.36
 278836.933    77.680    -1.43    2.18
 279210.861    77.289    -1.05    2.05
 279584.811    77.318     0.08    2.08
 279958.783    77.789     1.26    2.37
 280332.776    78.368     1.55    2.20
 280706.792    78.930     1.50    2.50
 281080.829    78.744    -0.50    2.77
 281454.888    78.794     0.13    2.96
 281828.969    79.036     0.65    2.92
 282203.072    78.658    -1.01    2.63
 282577.197    78.093    -1.51    2.62
 282951.344    77.576    -1.38    2.74
 283325.513    77.226    -0.94    2.24
 283699.703    77.404     0.48    2.53
 284073.916    77.463     0.16    2.50
 284448.150    77.021    -1.18    2.61
 284822.407    76.966    -0.15    2.60
 285196.685    76.836    -0.35    2.36
