# NaN NaN NaN ;Mean Elev.(m), Avg Gradient(m/km), RMS Gradient(m/km) - SRTM1     
#   -1.353  -4.473  10.470 ;Mean Elev.(m), Avg Gradient(m/km), RMS Gradient(m/km) - ASTER GDEM
#    8.449  -4.277   8.996 ;Mean Elev.(m), Avg Gradient(m/km), RMS Gradient(m/km) - GMTED2010 
  8    51.215 52498.09977144  5.98 299.405316 -31.722272  5.375
  8    51.367 52498.09977209  5.78 299.404406 -31.719002  5.375
  8    46.306 52498.09977273  6.56 299.403496 -31.715722  5.375
 10    77.605 52568.09977711  7.68 299.419798 -31.758781  2.349
 10    74.635 52568.09977775  7.48 299.418888 -31.755501  2.349
 10    72.315 52568.09977840  7.21 299.417978 -31.752231  2.349
 10    69.167 52568.09977904  7.65 299.417069 -31.748952 10.170
 10    69.146 52568.09977969  7.76 299.416149 -31.745682 10.170
 10    65.743 52568.09978033  8.32 299.415239 -31.742402 10.170
 10    65.524 52568.09978098  8.04 299.414329 -31.739122 10.170
 10    62.889 52568.09978162  8.20 299.413419 -31.735852 10.170
 10    61.064 52568.09978227  8.38 299.412499 -31.732572 10.170
 10    59.125 52568.09978291  8.38 299.411589 -31.729302 10.170
 10    56.384 52568.09978356  8.42 299.410679 -31.726022 10.170
 10    53.945 52568.09978420  8.10 299.409769 -31.722742 10.170
 10    52.829 52568.09978485  8.39 299.408859 -31.719472 10.170
 10    49.156 52568.09978549  8.64 299.407939 -31.716192 10.170
 10    46.860 52568.09978613  8.36 299.407029 -31.712922 10.170
 11    46.943 52603.09977965  9.72 299.400780 -31.725909  4.199
 11    45.206 52603.09978029  9.54 299.399860 -31.722629  4.199
 11    42.052 52603.09978094 10.69 299.398950 -31.719359  4.199
 13    53.484 52673.09975335  5.27 299.404011 -31.725447  7.619
 13    51.364 52673.09975399  5.63 299.403101 -31.722167  7.619
 13    49.210 52673.09975464  5.86 299.402191 -31.718897  7.619
 14    71.189 52708.09975441  6.07 299.417968 -31.759944  2.220
 14    69.389 52708.09975506  5.65 299.417048 -31.756674  2.220
 14    66.020 52708.09975570  6.10 299.416138 -31.753394  2.220
 14    55.886 52708.09976086  6.20 299.408838 -31.727184  2.220
 14    54.441 52708.09976150  6.21 299.407928 -31.723914  2.220
 14    52.858 52708.09976215  6.17 299.407018 -31.720634  2.220
 14    49.787 52708.09976279  6.53 299.406108 -31.717364  2.220
 14    46.557 52708.09976344  6.23 299.405188 -31.714084  2.220
 15    13.447 52743.09979164 24.72 299.399349 -31.724001 28.919
 15    13.647 52743.09979228 29.12 299.398439 -31.720721 28.919
 15    13.816 52743.09979293 44.88 299.397529 -31.717441 28.919
 17    34.236 52813.09981181 19.69 299.406147 -31.724494  8.968
 17    13.011 52813.09981310 45.45 299.404327 -31.717944  8.968
 17    12.382 52813.09981374 53.54 299.403417 -31.714664  8.968
 18    72.608 52848.09985839  8.46 299.418232 -31.761126  3.869
 18    70.705 52848.09985904  8.72 299.417322 -31.757856  3.869
 18    68.643 52848.09985968  8.59 299.416412 -31.754576  3.869
 18    52.864 52848.09986549  9.62 299.408192 -31.725096  3.869
 18    51.460 52848.09986613  9.46 299.407282 -31.721816  3.869
 18    48.277 52848.09986677  9.78 299.406372 -31.718546  3.869
 18    46.852 52848.09986742  9.62 299.405462 -31.715266  3.869
 18    44.784 52848.09986806  9.36 299.404552 -31.711996  3.869
 19    51.609 52883.09990166  5.64 299.402767 -31.724941  7.262
 19    49.765 52883.09990231  5.89 299.401847 -31.721661  7.262
 20    33.573 52918.09985856 21.00 299.404678 -31.723618  7.507
 20    33.440 52918.09985921 22.34 299.403768 -31.720338  7.507
 20    12.619 52918.09986050 48.34 299.401938 -31.713788  7.507
 21    73.966 52953.09981449  6.08 299.422952 -31.753719  4.386
 21    73.691 52953.09981513  6.78 299.422042 -31.750449  4.386
 21    72.114 52953.09981578  7.06 299.421122 -31.747169  4.386
 21    65.237 52953.09981642 10.27 299.420212 -31.743899  4.386
 21    48.997 52953.09981707 13.19 299.419302 -31.740619  4.386
 21    47.423 52953.09981771 14.80 299.418392 -31.737339  4.386
 21    53.806 52953.09981836 12.32 299.417472 -31.734069  4.386
 21    60.697 52953.09981900  9.12 299.416562 -31.730789  4.386
 21    33.225 52953.09982029 19.48 299.414742 -31.724239  4.386
 21    33.328 52953.09982094 19.23 299.413822 -31.720959  4.386
 21    33.297 52953.09982158 18.56 299.412912 -31.717689  4.386
 21    33.831 52953.09982223 15.96 299.411998 -31.714409 14.284
 21    13.281 52953.09982352 37.51 299.410178 -31.707859 14.284
 22    72.463 52988.09982580  6.01 299.422599 -31.750900  2.136
 22    70.513 52988.09982644  6.32 299.421689 -31.747620  2.136
 22    69.082 52988.09982709  6.26 299.420779 -31.744350  2.136
 22    68.418 52988.09982773  6.54 299.419859 -31.741070  2.136
 22    66.860 52988.09982838  6.42 299.418949 -31.737800  2.136
 22    66.148 52988.09982902  6.92 299.418039 -31.734520  2.136
 22    64.728 52988.09982966  6.59 299.417129 -31.731240  2.136
 22    63.540 52988.09983031  6.66 299.416209 -31.727970  2.136
 22    62.199 52988.09983095  6.38 299.415299 -31.724690  2.136
 22    59.911 52988.09983160  6.16 299.414389 -31.721420  2.136
 22    58.449 52988.09983224  6.64 299.413479 -31.718140  2.136
 22    56.657 52988.09983289  6.11 299.412569 -31.714860  2.136
 22    54.611 52988.09983353  6.17 299.411659 -31.711590  2.136
 22    51.182 52988.09983418  5.80 299.410743 -31.708309 19.313
 23    73.057 53023.09981223  5.54 299.419274 -31.758218  4.126
 23    70.107 53023.09981287  6.01 299.418354 -31.754938  4.126
 23    68.570 53023.09981352  5.84 299.417444 -31.751658  4.126
 23    67.696 53023.09981416  5.85 299.416534 -31.748388  4.126
 23    65.554 53023.09981481  6.24 299.415624 -31.745108  4.126
 23    60.873 53023.09981739  6.27 299.411974 -31.732008  4.126
 23    58.780 53023.09981803  6.26 299.411064 -31.728728  4.126
 23    49.217 53023.09981868 10.75 299.410154 -31.725458  4.126
 23    35.064 53023.09981932 13.81 299.409244 -31.722178  4.126
 23    43.854 53023.09981996 11.56 299.408324 -31.718908  4.126
 23    51.089 53023.09982061  6.41 299.407414 -31.715628  4.126
 23    45.906 53023.09982125  8.27 299.406504 -31.712348  4.126
 24    71.511 53058.09980776  6.07 299.422351 -31.751698  4.937
 24    73.370 53058.09980840  6.21 299.421441 -31.748428  4.937
 24    71.619 53058.09980905  6.26 299.420521 -31.745148  4.937
 24    69.045 53058.09980969  6.40 299.419611 -31.741878  4.937
 24    69.053 53058.09981034  6.24 299.418701 -31.738598  4.937
 24    65.963 53058.09981098  6.77 299.417791 -31.735318  4.937
 24    64.689 53058.09981163  6.58 299.416881 -31.732048  4.937
 24    63.374 53058.09981227  6.22 299.415961 -31.728768  4.937
 24    62.507 53058.09981292  6.39 299.415051 -31.725498  4.937
 24    59.950 53058.09981356  6.58 299.414141 -31.722218  4.937
 24    58.626 53058.09981421  6.45 299.413231 -31.718938  4.937
 24    56.727 53058.09981485  6.57 299.412311 -31.715668  4.937
 24    54.763 53058.09981549  6.33 299.411401 -31.712388  4.937
 24    48.836 53058.09981614  6.11 299.410491 -31.709118  4.937
 25    10.697 53093.09985068 21.83 299.396062 -31.726334 31.473
 25    11.368 53093.09985132 17.84 299.395152 -31.723054 31.473
 25    11.558 53093.09985197 25.24 299.394242 -31.719774 31.473
 26    72.509 53128.09981588  7.97 299.421195 -31.755201  2.250
 26    73.202 53128.09981653  6.82 299.420275 -31.751921  2.250
 26    71.833 53128.09981717  6.63 299.419365 -31.748641  2.250
 26    68.165 53128.09981782  6.90 299.418455 -31.745371  2.250
 26    66.776 53128.09981846  7.11 299.417545 -31.742094  9.915
 26    65.734 53128.09981911  6.99 299.416625 -31.738814  9.915
 26    65.741 53128.09981975  7.06 299.415715 -31.735544  9.915
 26    63.199 53128.09982040  7.20 299.414805 -31.732264  9.915
 26    61.494 53128.09982104  7.23 299.413895 -31.728994  9.915
 26    60.681 53128.09982169  7.10 299.412985 -31.725714  9.915
 26    58.568 53128.09982233  7.04 299.412065 -31.722444  9.915
 26    56.916 53128.09982298  6.64 299.411155 -31.719164  9.915
 26    55.125 53128.09982362  6.87 299.410245 -31.715884  9.915
 26    53.028 53128.09982427  7.14 299.409335 -31.712614  9.915
 26    46.526 53128.09982491  7.05 299.408415 -31.709334  9.915
 28    56.143 53198.09988799  6.47 299.407221 -31.725291  4.258
 28    53.752 53198.09988863  6.36 299.406311 -31.722021  4.258
 28    52.129 53198.09988928  6.24 299.405391 -31.718741  4.258
 28    51.672 53198.09988992  6.76 299.404481 -31.715471  4.258
 28    47.413 53198.09989056  6.68 299.403571 -31.712191  4.258
 29    70.185 53233.09985615  5.82 299.421429 -31.756658  5.603
 29    70.174 53233.09985680  6.14 299.420519 -31.753378  5.603
 29    69.729 53233.09985744  6.21 299.419609 -31.750098  5.603
 29    68.528 53233.09985809  6.55 299.418699 -31.746828  5.603
 29    66.796 53233.09985873  6.42 299.417779 -31.743548  5.603
 29    66.427 53233.09985938  6.64 299.416869 -31.740278  5.603
 29    64.852 53233.09986002  6.86 299.415959 -31.736998  5.603
 29    63.749 53233.09986067  6.51 299.415049 -31.733718  5.603
 29    62.402 53233.09986131  6.86 299.414139 -31.730448  5.603
 29    60.974 53233.09986195  6.40 299.413219 -31.727168  5.603
 29    59.197 53233.09986260  6.37 299.412309 -31.723898  5.603
 29    57.482 53233.09986324  6.61 299.411399 -31.720618  5.603
 29    55.905 53233.09986389  6.63 299.410489 -31.717338  5.603
 29    54.033 53233.09986453  6.62 299.409579 -31.714068  5.603
 29    51.893 53233.09986518  6.51 299.408669 -31.710788  5.603
 30    50.628 53268.09983057  5.29 299.400554 -31.725863  3.500
 30    49.467 53268.09983121  5.43 299.399644 -31.722583  3.500
 30    45.680 53268.09983186  5.32 299.398724 -31.719313  3.500
 30    32.859 53268.09983250 11.19 299.397814 -31.716033  3.500
 31    11.321 53303.09988778 25.79 299.400241 -31.725816 25.599
 31    11.211 53303.09988842 25.20 299.399321 -31.722536 25.599
 31    11.582 53303.09988907 24.59 299.398411 -31.719266 25.599
 32    51.793 53338.09985765  6.00 299.403783 -31.723216  4.438
 32    50.240 53338.09985830  6.33 299.402873 -31.719936  4.438
 32    47.227 53338.09985894  6.47 299.401963 -31.716666  4.438
 33    14.302 53373.09979102 40.22 299.404356 -31.725214 12.143
 33    13.778 53373.09979167 48.84 299.403446 -31.721944 12.143
 33    14.327 53373.09979231 46.04 299.402526 -31.718664 12.143
 33    15.806 53373.09979296 42.38 299.401616 -31.715384 12.143
 35    14.787 53443.09981534 38.76 299.401734 -31.723453 12.338
 35    15.412 53443.09981598 31.06 299.400824 -31.720173 12.338
 35    13.880 53443.09981663 28.17 299.399914 -31.716893 12.338
 36    38.869 53478.09988868 12.46 299.402308 -31.725106  6.069
 36    40.340 53478.09988932 12.59 299.401398 -31.721836  6.069
 37    54.845 53513.09989950  6.45 299.405565 -31.724525  2.063
 37    52.214 53513.09990014  6.09 299.404655 -31.721245  2.063
 37    50.184 53513.09990079  5.89 299.403745 -31.717965  2.063
 37    48.277 53513.09990143  6.41 299.402835 -31.714695  2.063
 38    48.926 53548.09991775  7.30 299.399809 -31.725638  4.184
 38    44.361 53548.09991839  7.24 299.398899 -31.722358  4.184
 39    54.536 53583.09988440  6.04 299.405214 -31.725235  3.792
 39    53.289 53583.09988504  6.22 299.404294 -31.721965  3.792
 39    50.253 53583.09988569  6.35 299.403384 -31.718685  3.792
 39    45.283 53583.09988633  6.26 299.402474 -31.715405  3.792
 40    39.404 53618.09984031 11.57 299.399179 -31.726353  5.553
 40    44.029 53618.09984095  7.03 299.398269 -31.723083  5.553
 41    54.728 53653.09986141  6.98 299.407265 -31.724319  3.131
 41    53.388 53653.09986205  6.63 299.406355 -31.721039  3.131
 41    51.686 53653.09986270  6.21 299.405435 -31.717769  3.131
 41    46.520 53653.09986334  6.39 299.404526 -31.714489 17.323
 43    34.054 53723.09978652 17.23 299.404664 -31.724865 11.067
 43    33.584 53723.09978717 19.09 299.403754 -31.721585 11.067
 44    75.284 53758.09971730  6.20 299.424145 -31.752249  3.571
 44    75.010 53758.09971794  6.21 299.423235 -31.748969  3.571
 44    71.088 53758.09971858  6.94 299.422325 -31.745699  3.571
 44    68.989 53758.09971923  7.75 299.421405 -31.742419  3.571
 44    66.766 53758.09971987  7.56 299.420495 -31.739149  3.571
 44    67.539 53758.09972052  7.20 299.419585 -31.735869  3.571
 44    64.850 53758.09972116  7.32 299.418675 -31.732589  3.571
 44    61.346 53758.09972181  8.00 299.417755 -31.729319  3.571
 44    62.299 53758.09972245  8.78 299.416845 -31.726039  3.571
 44    33.668 53758.09972374 18.52 299.415025 -31.719489  3.571
 44    33.608 53758.09972439 18.51 299.414115 -31.716209  3.571
 44    33.444 53758.09972503 16.36 299.413195 -31.712939  3.571
 44    49.523 53758.09972568  6.68 299.412284 -31.709660 16.807
 45    77.172 53793.09973826  5.30 299.418864 -31.761103  5.640
 45    71.724 53793.09973891  6.04 299.417954 -31.757833  5.640
 45    65.783 53793.09973955  7.46 299.417044 -31.754553  5.640
 45    60.239 53793.09974020  9.86 299.416134 -31.751273  5.640
 45    33.116 53793.09974471 18.70 299.409744 -31.728343  5.640
 45    33.322 53793.09974535 17.72 299.408834 -31.725073  5.640
 45    33.378 53793.09974600 20.35 299.407924 -31.721793  5.640
 45    33.131 53793.09974664 17.23 299.407014 -31.718513  5.640
 45    12.844 53793.09974793 38.50 299.405193 -31.711962 22.624
 46    72.354 53828.09970913  7.57 299.422117 -31.752958  2.132
 46    70.749 53828.09970977  7.58 299.421197 -31.749678  2.132
 46    68.815 53828.09971042  8.19 299.420287 -31.746408  2.132
 46    67.858 53828.09971106  8.19 299.419377 -31.743128  2.132
 46    67.151 53828.09971170  8.24 299.418467 -31.739858  2.132
 46    65.935 53828.09971235  8.27 299.417547 -31.736578  2.132
 46    64.024 53828.09971299  8.26 299.416637 -31.733298  2.132
 46    62.400 53828.09971364  7.87 299.415727 -31.730028  2.132
 46    61.341 53828.09971428  8.21 299.414817 -31.726748  2.132
 46    58.746 53828.09971493  8.11 299.413897 -31.723478  2.132
 46    56.189 53828.09971557  7.98 299.412987 -31.720198  2.132
 46    53.854 53828.09971622  8.15 299.412072 -31.716920 15.958
 46    52.045 53828.09971686  7.98 299.411162 -31.713650 15.958
 46    48.481 53828.09971751  7.91 299.410252 -31.710370 15.958
 46    44.559 53828.09971815 10.59 299.409342 -31.707090 15.958
 47    53.802 53863.09979950  5.95 299.404347 -31.723199  5.599
 47    50.735 53863.09980014  5.88 299.403437 -31.719919  5.599
 47    48.694 53863.09980079  5.74 299.402527 -31.716649  5.599
 48    55.064 53898.09982215  6.25 299.407253 -31.724701  2.206
 48    53.720 53898.09982279  6.63 299.406343 -31.721421  2.206
 48    50.317 53898.09982344  6.61 299.405423 -31.718151  2.206
 48    40.764 53898.09982408 12.29 299.404516 -31.714873 18.313
 49    28.401 53933.09986892 14.71 299.396564 -31.728254  9.020
 49    11.986 53933.09987085 32.46 299.393824 -31.718434  9.020
 50    42.639 53968.09984218 10.62 299.398717 -31.724909  7.482
 50    45.432 53968.09984283  6.16 299.397807 -31.721639  7.482
 51    75.598 54003.09980427  5.97 299.421450 -31.753742  2.267
 51    72.687 54003.09980491  6.20 299.420530 -31.750462  2.267
 51    69.694 54003.09980556  6.39 299.419620 -31.747192  2.267
 51    69.624 54003.09980620  6.50 299.418710 -31.743912  2.267
 51    68.238 54003.09980685  6.62 299.417800 -31.740642  2.267
 51    66.587 54003.09980749  6.73 299.416880 -31.737362  2.267
 51    63.728 54003.09980814  6.61 299.415970 -31.734092  2.267
 51    63.112 54003.09980878  6.51 299.415060 -31.730812  2.267
 51    60.856 54003.09980943  7.14 299.414150 -31.727532  2.267
 51    60.048 54003.09981007  6.61 299.413230 -31.724262  2.267
 51    58.053 54003.09981072  6.48 299.412320 -31.720982  2.267
 51    51.059 54003.09981136  8.57 299.411410 -31.717712  2.267
 51    54.597 54003.09981201  7.38 299.410500 -31.714432  2.267
 51    52.753 54003.09981265  6.44 299.409580 -31.711162  2.267
 51    46.360 54003.09981329  6.86 299.408670 -31.707882  2.267
 52    72.707 54038.09983966  6.74 299.419588 -31.757885  3.433
 52    70.843 54038.09984031  6.78 299.418678 -31.754615  3.433
 52    69.901 54038.09984095  7.02 299.417768 -31.751335  3.433
 52    70.501 54038.09984160  6.95 299.416848 -31.748065  3.433
 52    67.156 54038.09984224  7.04 299.415938 -31.744785  3.433
 52    64.360 54038.09984353  7.18 299.414118 -31.738235  3.433
 52    62.383 54038.09984417  7.24 299.413198 -31.734955  3.433
 52    61.224 54038.09984482  7.38 299.412288 -31.731675  3.433
 52    59.087 54038.09984546  7.31 299.411378 -31.728405  3.433
 52    55.788 54038.09984611  7.56 299.410468 -31.725125  3.433
 52    54.071 54038.09984675  7.62 299.409558 -31.721855  3.433
 52    54.476 54038.09984740  7.49 299.408638 -31.718575  3.433
 52    49.279 54038.09984804  7.56 299.407728 -31.715305  3.433
 52    46.457 54038.09984869  7.89 299.406818 -31.712025  3.433
 53    54.415 54073.09984020  7.02 299.406890 -31.724644  4.330
 53    53.236 54073.09984085  6.64 299.405980 -31.721374  4.330
 53    48.798 54073.09984149  6.98 299.405060 -31.718094  4.330
 53    46.639 54073.09984214  6.93 299.404150 -31.714824  4.330
 54    50.678 54108.09978816  5.77 299.400694 -31.725485  7.970
 54    47.962 54108.09978881  5.34 299.399784 -31.722205  7.970
 54    46.877 54108.09978945  5.71 299.398874 -31.718935  7.970
 55    13.812 54143.09977654 30.64 299.407743 -31.724848 22.002
 55    13.760 54143.09977718 21.37 299.406823 -31.721568 22.002
 55    13.460 54143.09977782 22.50 299.405913 -31.718298 22.002
 55    13.496 54143.09977847 23.15 299.405003 -31.715018 22.002
 55    13.865 54143.09977911 30.62 299.404093 -31.711738 22.002
 57    34.869 54213.09978376 21.43 299.405936 -31.722864  4.941
 57    34.767 54213.09978440 19.45 299.405026 -31.719594  4.941
 57    45.999 54213.09978505  7.86 299.404106 -31.716314  4.941
 57    14.587 54213.09978569 30.82 299.403198 -31.713036 21.754
 58    54.710 54248.09981298  6.39 299.405630 -31.723189  2.719
 58    51.720 54248.09981362  6.22 299.404720 -31.719919  2.719
 58    48.188 54248.09981427  6.28 299.403800 -31.716639  2.719
 60    55.680 54318.09981920  6.46 299.406842 -31.724284  2.679
 60    51.350 54318.09981985  6.49 299.405932 -31.721004  2.679
 60    48.596 54318.09982049  6.74 299.405022 -31.717724  2.679
 60    46.587 54318.09982114  6.44 299.404112 -31.714454  2.679
 61    52.976 54353.09978452  6.05 299.403514 -31.722999  2.264
 61    49.869 54353.09978516  6.02 299.402604 -31.719719  2.264
 61    44.927 54353.09978581  6.15 299.401694 -31.716439  2.264
 62    12.040 54388.09975886 25.77 299.407870 -31.725196 19.947
 62    11.856 54388.09975951 22.34 299.406960 -31.721926 19.947
 62    11.801 54388.09976015 19.14 299.406040 -31.718646 19.947
 62    11.941 54388.09976080 18.89 299.405130 -31.715376 19.947
 62    12.491 54388.09976144 25.37 299.404220 -31.712096 19.947
 63    53.003 54423.09973421  5.42 299.403551 -31.722779  7.619
 63    49.969 54423.09973485  5.38 299.402641 -31.719509  7.619
 63    48.297 54423.09973549  5.45 299.401731 -31.716229  7.619
 64    76.129 54458.09972652  7.98 299.419514 -31.758528  3.370
 64    70.884 54458.09972716  8.12 299.418604 -31.755258  3.370
 64    68.923 54458.09972781  8.56 299.417694 -31.751978  3.370
 64    68.208 54458.09972845  8.45 299.416774 -31.748708  3.370
 64    66.403 54458.09972910  8.73 299.415864 -31.745428  3.370
 64    60.036 54458.09973168  9.16 299.412214 -31.732328  3.370
 64    58.009 54458.09973232  8.95 299.411304 -31.729048  3.370
 64    56.635 54458.09973297  8.79 299.410394 -31.725768  3.370
 64    54.213 54458.09973361  8.76 299.409474 -31.722498  3.370
 64    52.254 54458.09973426  8.64 299.408564 -31.719218  3.370
 64    49.499 54458.09973490  8.65 299.407654 -31.715948  3.370
 64    47.053 54458.09973555  8.61 299.406744 -31.712668  3.370
 65    54.989 54493.09973723  6.40 299.405483 -31.724834  2.102
 65    51.836 54493.09973788  6.70 299.404573 -31.721554  2.102
 65    50.250 54493.09973852  6.39 299.403663 -31.718274  2.102
 65    47.390 54493.09973917  6.36 299.402753 -31.715004  2.102
 66    72.418 54528.09973919  6.18 299.419150 -31.758158  2.083
 66    70.381 54528.09973983  6.47 299.418240 -31.754878  2.083
 66    68.392 54528.09974048  6.41 299.417330 -31.751598  2.083
 66    67.879 54528.09974112  6.63 299.416420 -31.748328  2.083
 66    65.752 54528.09974176  7.00 299.415500 -31.745048  2.083
 66    61.200 54528.09974434  7.08 299.411860 -31.731948  2.083
 66    59.962 54528.09974499  6.98 299.410940 -31.728668  2.083
 66    57.304 54528.09974563  7.08 299.410030 -31.725398  2.083
 66    56.501 54528.09974628  6.71 299.409120 -31.722118  2.083
 66    54.202 54528.09974692  6.58 299.408210 -31.718848  2.083
 66    49.674 54528.09974757  6.89 299.407290 -31.715568  2.083
 66    49.353 54528.09974821  7.16 299.406381 -31.712289 15.305
 67    34.052 54563.09974516 15.31 299.402539 -31.723112  4.767
 67    34.803 54563.09974580 13.58 299.401629 -31.719832  4.767
 67    34.284 54563.09974645 16.20 299.400719 -31.716562  4.767
 68    54.850 54598.09974240  7.21 299.405710 -31.723628  3.204
 68    50.055 54598.09974304  6.39 299.404800 -31.720358  3.204
 68    47.435 54598.09974369  6.34 299.403890 -31.717078  3.204
 69    54.068 54633.09975528  6.14 299.404546 -31.723750  4.188
 69    50.980 54633.09975592  5.97 299.403636 -31.720470  4.188
 69    48.779 54633.09975657  6.07 299.402726 -31.717200  4.188
 70    52.753 54668.09976009  6.07 299.404403 -31.725186  2.601
 70    51.541 54668.09976074  5.97 299.403493 -31.721906  2.601
 70    49.606 54668.09976138  5.75 299.402583 -31.718626  2.601
 70    47.032 54668.09976203  5.78 299.401673 -31.715356  2.601
 71    53.641 54703.09972628  6.55 299.404322 -31.722920  4.656
 71    50.615 54703.09972693  6.68 299.403412 -31.719640  4.656
 71    45.765 54703.09972757  6.62 299.402502 -31.716360  4.656
 72    76.552 54738.09971485  5.66 299.418349 -31.760565  2.317
 72    75.046 54738.09971549  6.06 299.417429 -31.757295  2.317
 72    74.043 54738.09971614  6.24 299.416519 -31.754015  2.317
 72    68.321 54738.09971678  6.23 299.415609 -31.750735  2.317
 72    58.574 54738.09972129  6.29 299.409219 -31.727805  2.317
 72    55.460 54738.09972194  6.16 299.408309 -31.724535  2.317
 72    54.543 54738.09972258  6.27 299.407399 -31.721255  2.317
 72    52.477 54738.09972323  6.18 299.406479 -31.717975  2.317
 72    49.004 54738.09972387  6.20 299.405569 -31.714705  2.317
 72    47.911 54738.09972452  6.42 299.404659 -31.711424 21.459
 73    12.655 54773.09970672 35.72 299.405423 -31.723216 23.787
 73    12.365 54773.09970737 32.58 299.404513 -31.719936 23.787
 73    12.327 54773.09970801 31.87 299.403603 -31.716656 23.787
 73    12.474 54773.09970866 31.42 299.402693 -31.713386 23.787
 74    72.423 54808.09970755  5.35 299.418245 -31.760851  3.144
 74    69.851 54808.09970819  5.62 299.417325 -31.757581  3.144
 74    69.615 54808.09970884  5.48 299.416415 -31.754301  3.144
 74    33.544 54808.09971400 17.08 299.409115 -31.728091  3.144
 74    49.131 54808.09971464 12.51 299.408205 -31.724821  3.144
 74    54.271 54808.09971528  6.78 299.407295 -31.721541  3.144
 74    51.219 54808.09971593  6.43 299.406385 -31.718271  3.144
 74    48.062 54808.09971657  6.80 299.405465 -31.714991  3.144
 74    44.356 54808.09971722  8.78 299.404554 -31.711713 15.801
 75    55.049 54843.09970414  5.88 299.405456 -31.725093  2.466
 75    52.530 54843.09970479  5.87 299.404546 -31.721813  2.466
 75    49.377 54843.09970543  5.80 299.403636 -31.718533  2.466
 75    47.719 54843.09970608  5.70 299.402726 -31.715263  2.466
 76    51.736 54878.09971825  6.40 299.405141 -31.722219  2.524
 76    50.611 54878.09971889  5.55 299.404221 -31.718949  2.524
 76    47.980 54878.09971954  5.30 299.403312 -31.715668 12.854
 77    51.730 54913.09970773  5.71 299.402178 -31.726155  3.568
 77    49.797 54913.09970837  5.83 299.401258 -31.722885  3.568
 77    47.936 54913.09970902  5.33 299.400348 -31.719605  3.568
 77    45.567 54913.09970966  5.28 299.399438 -31.716325  3.568
 78    33.025 54948.09971070 14.50 299.404814 -31.722176 14.628
 78    33.856 54948.09971135 14.27 299.403904 -31.718896 14.628
 78    33.280 54948.09971199 20.93 299.402994 -31.715626 14.628
 79    52.585 54983.09973605  6.95 299.404483 -31.725004  3.261
 79    49.799 54983.09973669  6.97 299.403573 -31.721724  3.261
 79    46.640 54983.09973734  8.72 299.402653 -31.718454  3.261
 79    33.015 54983.09973798 16.00 299.401747 -31.715174 12.725
 80    55.691 55018.09973366  6.41 299.406269 -31.724354  2.357
 80    52.609 55018.09973431  6.32 299.405359 -31.721074  2.357
 80    49.863 55018.09973495  6.50 299.404449 -31.717794  2.357
 80    48.207 55018.09973560  6.84 299.403539 -31.714524  2.357
 81    34.059 55053.09972940 20.67 299.406080 -31.723907  6.993
 81    33.669 55053.09973005 21.73 299.405170 -31.720627  6.993
 81    13.201 55053.09973134 47.20 299.403350 -31.714077  6.993
 82    51.368 55088.09969196  6.28 299.402101 -31.724728  3.635
 82    49.100 55088.09969260  5.87 299.401191 -31.721448  3.635
 82    46.983 55088.09969325  5.75 299.400281 -31.718168  3.635
 83    71.646 55123.09965813  6.19 299.418580 -31.759589  2.697
 83    70.450 55123.09965877  6.52 299.417670 -31.756309  2.697
 83    73.054 55123.09965941  6.19 299.416760 -31.753029  2.697
 83    67.803 55123.09966006  6.43 299.415850 -31.749759  2.697
 83    58.267 55123.09966457  6.57 299.409460 -31.726829  2.697
 83    56.163 55123.09966522  6.60 299.408550 -31.723549  2.697
 83    53.241 55123.09966586  6.54 299.407640 -31.720269  2.697
 83    52.084 55123.09966651  6.43 299.406720 -31.716999  2.697
 83    48.195 55123.09966715  6.30 299.405811 -31.713718 19.895
 84    13.684 55158.09965227 24.18 299.402744 -31.722694 24.966
 84    13.677 55158.09965291 25.37 299.401834 -31.719414 24.966
 84    13.941 55158.09965356 26.53 299.400924 -31.716134 24.966
 85    16.001 55193.09965454 25.83 299.408967 -31.726921 10.067
 85    15.823 55193.09965518 25.17 299.408057 -31.723641 10.067
 85    14.591 55193.09965583 25.27 299.407137 -31.720361 10.067
 85    15.146 55193.09965647 24.51 299.406227 -31.717091 10.067
 85    15.243 55193.09965712 25.21 299.405315 -31.713811 39.048
 86    36.623 55228.09965370 14.84 299.403216 -31.725662  5.817
 86    45.621 55228.09965435  9.44 299.402306 -31.722392  5.817
 86    15.346 55228.09965564 29.50 299.400486 -31.715842  5.817
 87    14.953 55263.09964967 30.94 299.407644 -31.725333 19.910
 87    14.660 55263.09965032 26.57 299.406734 -31.722053 19.910
 87    14.228 55263.09965096 27.47 299.405824 -31.718773 19.910
 87    14.472 55263.09965161 27.24 299.404904 -31.715503 19.910
 87    14.807 55263.09965225 31.79 299.403998 -31.712223 46.599
 88    17.011 55298.09963795 48.58 299.403145 -31.722146 13.759
 88    16.034 55298.09963859 47.75 299.402235 -31.718866 13.759
 88    14.527 55298.09963924 48.04 299.401325 -31.715596 13.759
 89    50.762 55333.09962994  8.04 299.403587 -31.723735  3.166
 89    47.119 55333.09963058  8.11 299.402677 -31.720455  3.166
 90    13.919 55368.09962188 35.75 299.404466 -31.720325  7.218
 90    13.525 55368.09962253 34.91 299.403556 -31.717045  7.218
 90    13.935 55368.09962317 33.15 299.402646 -31.713775  7.218
 91    71.672 55403.09962901  9.43 299.418687 -31.760958  4.182
 91    57.181 55403.09962965 11.81 299.417767 -31.757688  4.182
 91    59.235 55403.09963094 10.93 299.415947 -31.751128  4.182
 91    32.695 55403.09963545 19.39 299.409557 -31.728198  4.182
 91    53.018 55403.09963610  9.33 299.408647 -31.724928  4.182
 91    51.585 55403.09963674  7.67 299.407737 -31.721648  4.182
 91    50.972 55403.09963739  6.68 299.406827 -31.718378  4.182
 91    45.698 55403.09963803  9.29 299.405907 -31.715098  4.182
 92    55.733 55438.09963913  6.30 299.406294 -31.724796  2.148
 92    53.117 55438.09963977  6.04 299.405384 -31.721516  2.148
 92    50.783 55438.09964042  6.08 299.404474 -31.718236  2.148
 92    47.830 55438.09964106  6.04 299.403564 -31.714966  2.148
 93    11.494 55473.09958844 37.89 299.402035 -31.719877 18.540
 93    11.810 55473.09958909 45.95 299.401125 -31.716597 18.540
