# NaN NaN NaN ;Mean Elev.(m), Avg Gradient(m/km), RMS Gradient(m/km) - SRTM1     
#   31.846  -1.491   5.473 ;Mean Elev.(m), Avg Gradient(m/km), RMS Gradient(m/km) - ASTER GDEM
#   39.864  -1.234   4.416 ;Mean Elev.(m), Avg Gradient(m/km), RMS Gradient(m/km) - GMTED2010 
  7 301.164925 -27.963668    24.624    24.694 13 52447.56751318 26.712
  8 301.170281 -27.974760    54.447    57.430 11 52482.56750456 22.208
  9 301.175228 -27.984970    53.681    52.504 11 52517.56746230 21.373
 10 301.166764 -27.965412    42.912    42.841 13 52552.56750820 21.301
 11 301.175035 -27.983638    56.549    56.682 12 52587.56748971 18.885
 12 301.174129 -27.979753    44.722    44.565 14 52622.56745135 24.602
 13 301.174019 -27.979682    51.693    50.021 13 52657.56746171 19.889
 15 301.173415 -27.980559    44.690    43.944 14 52727.56748648 23.933
 16 301.168424 -27.966973    43.125    43.144 12 52762.56749732 46.777
 17 301.174680 -27.981691    51.761    50.950 13 52797.56746529 19.044
 18 301.174522 -27.979476    48.249    49.275 13 52832.56753630 34.188
 19 301.175507 -27.990596    56.479    60.475  8 52867.56758121 18.326
 20 301.172061 -27.979375    44.202    42.511 13 52902.56759837 17.591
 21 301.174097 -27.980448    54.911    59.732 14 52937.56753735 17.668
 22 301.170424 -27.972272    49.125    49.871 10 52972.56756721 22.090
 23 301.169035 -27.969985    43.510    43.395 11 53007.56757677 24.258
 24 301.168937 -27.967555    45.077    44.080 12 53042.56753188 36.118
 25 301.170137 -27.971963    41.812    41.842  9 53077.56756585 34.443
 26 301.166794 -27.964198    41.869    41.803 12 53112.56753438 19.740
 27 301.169897 -27.969591    42.613    42.617 10 53147.56757949 27.413
 28 301.175279 -27.985307    54.133    53.161 10 53182.56758421 24.299
 29 301.170821 -27.980023    43.543    43.528 14 53217.56760720 47.069
 30 301.170943 -27.979259    42.550    42.383 13 53252.56758493 19.825
 31 301.165946 -27.964909    41.933    41.843 13 53287.56758105 24.936
 32 301.176211 -27.990268    56.476    54.784  7 53322.56756162 27.270
 34 301.169537 -27.972367    43.354    43.387 10 53392.56753925 28.117
 35 301.175486 -27.987031    42.926    42.929 10 53427.56753695 25.808
 36 301.172275 -27.980025    54.470    57.519 13 53462.56755225 17.269
 37 301.167601 -27.964669    46.366    43.672 12 53497.56762228 22.585
 38 301.173011 -27.992532    53.505    57.600  7 53532.56760865 39.030
 40 301.175026 -27.983740    41.533    41.526 12 53602.56757247 38.907
 41 301.168972 -27.967209    42.870    42.759 12 53637.56756747 17.468
 42 301.168683 -27.968074    43.243    43.197 12 53672.56758847 22.189
 43 301.175561 -27.997598    43.835    42.338  4 53707.56752545 12.838
 44 301.175571 -27.997787    42.382    42.381  3 53742.56743711 26.758
 45 301.175239 -27.983703    42.361    42.374 11 53777.56746017 42.555
 46 301.176148 -27.989537    43.047    43.064  8 53812.56743761 21.024
 47 301.169379 -27.968409    43.177    43.222 11 53847.56748752 26.163
 49 301.167855 -27.964828    42.320    42.361 12 53917.56756871 30.761
 50 301.167253 -27.964042    41.957    41.977 12 53952.56757316 19.776
 52 301.169361 -27.983163    43.319    42.862 12 54022.56755558 22.432
 53 301.176000 -27.990467    43.530    42.809  8 54057.56754927 22.645
 54 301.174112 -27.983315    44.349    42.872 12 54092.56752958 19.509
 55 301.169936 -27.979643    44.562    44.618 13 54127.56746413 33.129
 56 301.171599 -27.978762    45.452    45.254 14 54162.56749814 27.735
 57 301.170013 -27.979554    48.298    46.015 14 54197.56746645 31.044
 58 301.172013 -27.979616    47.908    46.275 13 54232.56751073 22.456
 59 301.172952 -27.979474    43.827    43.333 14 54267.56752966 25.956
 60 301.173071 -27.980650    42.864    42.773 14 54302.56753405 25.043
 61 301.173762 -27.980990    45.857    42.784 14 54337.56752007 23.844
 62 301.171516 -27.979873    44.894    42.608 14 54372.56746693 25.438
 63 301.171874 -27.980095    42.362    42.398 13 54407.56746553 38.617
 64 301.169753 -27.978797    42.327    42.338 14 54442.56742667 44.599
 65 301.173384 -27.979139    43.241    42.823 14 54477.56745419 19.605
 66 301.170034 -27.980358    42.635    42.635 14 54512.56744241 44.289
 67 301.173279 -27.980330    43.123    43.115 14 54547.56746787 46.848
 68 301.172888 -27.980695    43.497    43.521 14 54582.56743754 20.986
 69 301.172500 -27.980802    43.057    42.670 14 54617.56745895 21.218
 70 301.170747 -27.979071    45.316    43.443 14 54652.56747067 22.757
 71 301.173341 -27.979758    42.558    42.549 14 54687.56746074 27.764
 72 301.170434 -27.978830    42.404    42.366 14 54722.56741754 23.296
 73 301.171651 -27.980193    50.898    51.513 13 54757.56743709 18.422
 74 301.169852 -27.971942    43.103    43.080  9 54792.56740959 19.505
 75 301.171809 -27.979707    41.667    41.670 14 54827.56743420 45.900
 76 301.170344 -27.979847    41.816    41.794 14 54862.56740551 30.981
 77 301.171411 -27.980176    42.754    42.762 13 54897.56743479 30.487
 78 301.169617 -27.980205    42.406    42.411 14 54932.56740010 29.107
 79 301.171954 -27.980194    41.563    41.649 13 54967.56743530 28.517
 80 301.170402 -27.974344    42.340    42.303 10 55002.56745457 18.577
 81 301.173278 -27.980686    43.151    43.044 13 55037.56744159 20.283
 82 301.173106 -27.981850    43.580    42.762 12 55072.56742845 19.153
 83 301.170622 -27.973587    43.920    43.971 11 55107.56737329 25.768
 84 301.169259 -27.988770    44.932    44.589  8 55142.56738102 39.243
 85 301.170236 -27.978273    45.136    45.404 14 55177.56734489 27.211
 86 301.172080 -27.978794    44.763    44.708 14 55212.56737393 27.567
 87 301.170786 -27.979607    44.486    44.545 13 55247.56734745 27.591
 88 301.172461 -27.979360    45.256    45.146 14 55282.56736692 24.812
 89 301.171177 -27.979362    44.897    44.888 13 55317.56733614 38.624
 90 301.172792 -27.979560    45.338    44.113 13 55352.56734010 25.006
 91 301.170218 -27.972959    42.427    42.410 10 55387.56733498 31.213
 92 301.173339 -27.979754    47.069    42.831 14 55422.56735737 29.745
 93 301.175069 -27.977665    49.757    49.832 12 55457.56733058 28.548
