# NaN NaN NaN ;Mean Elev.(m), Avg Gradient(m/km), RMS Gradient(m/km) - SRTM1     
#   17.834  -0.696   2.760 ;Mean Elev.(m), Avg Gradient(m/km), RMS Gradient(m/km) - ASTER GDEM
#   24.586  -0.108   1.370 ;Mean Elev.(m), Avg Gradient(m/km), RMS Gradient(m/km) - GMTED2010 
  7    25.235 52460.09609665 49.69 300.401814 -30.105602 43.764
  7    25.299 52460.09609730 49.26 300.400924 -30.102322 43.764
  7    25.178 52460.09609794 51.21 300.400034 -30.099042 43.764
  7    25.148 52460.09609859 51.75 300.399144 -30.095762 43.764
  7    25.168 52460.09609923 50.03 300.398254 -30.092482 43.764
  7    25.186 52460.09609988 50.99 300.397368 -30.089205 45.432
  7    25.224 52460.09610052 51.40 300.396478 -30.085925 45.432
  7    25.252 52460.09610117 50.40 300.395588 -30.082645 45.432
  7    25.275 52460.09610181 51.48 300.394698 -30.079365 45.432
  9    23.928 52530.09607324 19.93 300.401929 -30.106693 23.905
  9    23.925 52530.09607389 19.98 300.401049 -30.103413 23.905
  9    23.806 52530.09607453 19.43 300.400149 -30.100133 23.905
  9    23.739 52530.09607518 21.10 300.399259 -30.096853 23.905
  9    23.740 52530.09607582 22.53 300.398369 -30.093573 23.905
  9    23.520 52530.09607647 25.31 300.397479 -30.090293 23.905
  9    23.591 52530.09607711 26.65 300.396589 -30.087013 23.905
  9    23.795 52530.09607776 27.10 300.395709 -30.083743 23.905
  9    24.175 52530.09607840 27.24 300.394819 -30.080463 23.905
  9    25.070 52530.09607905 29.78 300.393929 -30.077183 23.905
 10    25.520 52565.09609413 51.23 300.404934 -30.090636 47.713
 10    25.407 52565.09609478 52.77 300.404044 -30.087356 47.713
 10    25.351 52565.09609542 53.11 300.403154 -30.084076 47.713
 10    25.374 52565.09609607 51.67 300.402264 -30.080806 47.713
 10    25.397 52565.09609671 50.00 300.401374 -30.077526 47.713
 10    25.437 52565.09609735 43.07 300.400484 -30.074246 47.713
 10    25.355 52565.09609800 33.09 300.399594 -30.070966 47.713
 11    24.738 52600.09611541 30.68 300.394863 -30.120023 42.277
 11    24.867 52600.09611606 24.54 300.393973 -30.116753 42.277
 11    25.042 52600.09611670 25.70 300.393083 -30.113473 42.277
 11    25.092 52600.09611735 23.04 300.392193 -30.110193 42.277
 11    24.664 52600.09611799 17.23 300.391303 -30.106913 42.277
 11    24.533 52600.09611864 17.76 300.390413 -30.103633 42.277
 11    24.312 52600.09611928 18.71 300.389527 -30.100354 32.933
 11    24.457 52600.09611992 18.68 300.388637 -30.097074 32.933
 11    24.857 52600.09612057 19.49 300.387747 -30.093794 32.933
 11    25.080 52600.09612121 24.19 300.386857 -30.090514 32.933
 11    25.214 52600.09612186 34.76 300.385967 -30.087244 32.933
 12    26.124 52635.09607336 49.77 300.400689 -30.113504 42.389
 12    26.177 52635.09607400 51.58 300.399799 -30.110224 42.389
 12    26.078 52635.09607465 51.13 300.398919 -30.106944 42.389
 12    26.059 52635.09607529 52.29 300.398019 -30.103664 42.389
 12    26.057 52635.09607593 52.02 300.397134 -30.100387 47.873
 12    26.086 52635.09607658 52.18 300.396244 -30.097107 47.873
 12    26.102 52635.09607722 51.75 300.395354 -30.093827 47.873
 12    26.133 52635.09607787 47.37 300.394464 -30.090547 47.873
 12    26.160 52635.09607851 47.03 300.393574 -30.087267 47.873
 12    26.188 52635.09607916 47.43 300.392684 -30.083997 47.873
 12    26.223 52635.09607980 43.46 300.391794 -30.080717 47.873
 13    25.070 52670.09608268 26.40 300.399108 -30.115835 33.868
 13    25.024 52670.09608332 24.74 300.398218 -30.112565 33.868
 13    25.045 52670.09608397 21.20 300.397328 -30.109285 33.868
 13    25.023 52670.09608461 22.37 300.396438 -30.106005 33.868
 13    24.931 52670.09608526 19.36 300.395548 -30.102725 33.868
 13    24.696 52670.09608590 18.96 300.394658 -30.099445 33.868
 13    24.634 52670.09608655 19.41 300.393770 -30.096167 36.393
 13    24.756 52670.09608719 19.08 300.392880 -30.092887 36.393
 13    25.060 52670.09608784 22.72 300.391990 -30.089607 36.393
 13    25.228 52670.09608848 28.73 300.391100 -30.086327 36.393
 13    25.374 52670.09608913 37.54 300.390210 -30.083047 36.393
 14    26.404 52705.09607520 33.82 300.402506 -30.101116 35.940
 14    26.422 52705.09607584 31.08 300.401616 -30.097836 35.940
 14    26.453 52705.09607649 34.25 300.400726 -30.094556 35.940
 14    26.465 52705.09607713 34.24 300.399836 -30.091286 35.940
 14    26.429 52705.09607778 32.70 300.398946 -30.088006 35.940
 14    26.393 52705.09607842 30.99 300.398056 -30.084726 35.940
 14    26.368 52705.09607907 29.53 300.397166 -30.081446 35.940
 14    26.228 52705.09607971 29.16 300.396286 -30.078166 35.940
 14    26.336 52705.09608036 36.60 300.395386 -30.074886 35.940
 15    25.421 52740.09610731 27.99 300.398257 -30.116017 43.622
 15    25.081 52740.09610796 23.71 300.397367 -30.112737 43.622
 15    25.145 52740.09610860 20.38 300.396477 -30.109457 43.622
 15    24.918 52740.09610925 20.66 300.395587 -30.106177 43.622
 15    24.952 52740.09610989 21.07 300.394700 -30.102899 33.860
 15    24.462 52740.09611054 20.98 300.393810 -30.099619 33.860
 15    24.775 52740.09611118 21.57 300.392920 -30.096339 33.860
 15    25.047 52740.09611183 22.20 300.392030 -30.093059 33.860
 15    25.416 52740.09611247 24.56 300.391140 -30.089779 33.860
 15    25.548 52740.09611312 27.10 300.390250 -30.086509 33.860
 15    25.627 52740.09611376 31.22 300.389360 -30.083229 33.860
 16    24.632 52775.09605565 50.83 300.400846 -30.111832 43.119
 16    24.713 52775.09605629 53.81 300.399956 -30.108562 43.119
 16    24.795 52775.09605694 51.02 300.399066 -30.105282 43.119
 16    24.819 52775.09605758 50.73 300.398176 -30.102002 43.119
 16    24.851 52775.09605822 50.33 300.397286 -30.098722 43.119
 16    24.706 52775.09605887 50.63 300.396396 -30.095442 43.119
 16    24.714 52775.09605951 53.12 300.395508 -30.092164 45.329
 16    24.744 52775.09606016 52.56 300.394618 -30.088884 45.329
 16    24.770 52775.09606080 51.63 300.393728 -30.085604 45.329
 16    24.803 52775.09606145 53.06 300.392848 -30.082324 45.329
 16    24.843 52775.09606209 51.01 300.391958 -30.079044 45.329
 17    24.463 52810.09612983 28.72 300.400381 -30.112880 33.173
 17    24.467 52810.09613047 25.83 300.399491 -30.109600 33.173
 17    24.269 52810.09613111 23.24 300.398601 -30.106320 33.173
 17    24.285 52810.09613176 20.62 300.397714 -30.103044 25.803
 17    24.172 52810.09613240 18.90 300.396824 -30.099764 25.803
 17    24.097 52810.09613305 17.89 300.395934 -30.096484 25.803
 17    24.082 52810.09613369 19.11 300.395044 -30.093204 25.803
 17    24.314 52810.09613434 19.01 300.394154 -30.089924 25.803
 17    24.683 52810.09613498 21.09 300.393264 -30.086644 25.803
 17    24.717 52810.09613563 25.36 300.392374 -30.083374 25.803
 17    24.629 52810.09613627 34.31 300.391484 -30.080094 25.803
 18    23.787 52845.09618677 20.18 300.401208 -30.108649 38.810
 18    23.878 52845.09618741 16.44 300.400318 -30.105369 38.810
 18    23.528 52845.09618806 16.28 300.399431 -30.102092 20.886
 18    23.663 52845.09618870 15.45 300.398541 -30.098812 20.886
 18    23.660 52845.09618935 14.84 300.397651 -30.095532 20.886
 18    23.753 52845.09618999 15.41 300.396761 -30.092252 20.886
 18    24.033 52845.09619064 16.25 300.395871 -30.088972 20.886
 18    24.459 52845.09619128 17.10 300.394981 -30.085702 20.886
 18    24.651 52845.09619193 20.05 300.394091 -30.082422 20.886
 18    25.000 52845.09619257 25.44 300.393201 -30.079142 20.886
 19    23.440 52880.09622337 16.31 300.398815 -30.113660 37.325
 19    23.572 52880.09622402 17.90 300.397925 -30.110380 37.325
 19    23.663 52880.09622466 17.02 300.397035 -30.107100 37.325
 19    23.699 52880.09622531 16.42 300.396145 -30.103820 37.325
 19    23.559 52880.09622595 16.52 300.395254 -30.100543 30.659
 19    23.580 52880.09622660 16.77 300.394364 -30.097263 30.659
 19    23.398 52880.09622724 18.61 300.393474 -30.093983 30.659
 19    23.682 52880.09622789 19.73 300.392584 -30.090703 30.659
 19    24.301 52880.09622853 21.94 300.391694 -30.087423 30.659
 19    24.515 52880.09622918 26.64 300.390804 -30.084153 30.659
 19    23.705 52880.09622982 37.42 300.389914 -30.080873 30.659
 20    24.213 52915.09618178 53.96 300.400790 -30.109077 40.896
 20    24.298 52915.09618242 51.85 300.399900 -30.105797 40.896
 20    24.341 52915.09618307 53.37 300.399010 -30.102517 40.896
 20    24.212 52915.09618371 52.84 300.398118 -30.099238 48.346
 20    24.210 52915.09618436 51.97 300.397228 -30.095958 48.346
 20    24.248 52915.09618500 52.01 300.396348 -30.092678 48.346
 20    24.278 52915.09618565 53.02 300.395458 -30.089398 48.346
 20    24.314 52915.09618629 54.13 300.394568 -30.086118 48.346
 20    24.351 52915.09618694 52.34 300.393678 -30.082848 48.346
 20    24.394 52915.09618758 49.04 300.392788 -30.079568 48.346
 21    24.587 52950.09614355 42.42 300.404936 -30.096214 31.620
 21    24.653 52950.09614420 44.54 300.404046 -30.092934 31.620
 21    24.648 52950.09614484 46.22 300.403159 -30.089658 39.616
 21    24.627 52950.09614548 44.05 300.402269 -30.086378 39.616
 21    24.402 52950.09614613 43.06 300.401379 -30.083098 39.616
 21    24.381 52950.09614677 40.23 300.400489 -30.079818 39.616
 21    24.422 52950.09614742 38.97 300.399599 -30.076538 39.616
 21    24.604 52950.09614806 43.44 300.398709 -30.073258 39.616
 22    24.362 52985.09616711 18.27 300.403828 -30.100931 32.795
 22    24.171 52985.09616776 16.65 300.402938 -30.097651 32.795
 22    24.228 52985.09616840 16.16 300.402048 -30.094371 32.795
 22    24.187 52985.09616905 16.58 300.401159 -30.091093 20.561
 22    24.169 52985.09616969 16.92 300.400269 -30.087813 20.561
 22    24.171 52985.09617034 16.66 300.399379 -30.084533 20.561
 22    24.371 52985.09617098 17.50 300.398489 -30.081253 20.561
 22    24.618 52985.09617163 23.31 300.397599 -30.077973 20.561
 22    24.711 52985.09617227 26.46 300.396709 -30.074703 20.561
 23    25.414 53020.09615590 31.27 300.400555 -30.112088 20.336
 23    25.186 53020.09615654 26.16 300.399665 -30.108808 20.336
 23    25.163 53020.09615719 25.09 300.398775 -30.105538 20.336
 23    24.967 53020.09615783 22.70 300.397885 -30.102258 20.336
 23    24.695 53020.09615847 23.04 300.396995 -30.098978 20.336
 23    24.418 53020.09615912 21.98 300.396105 -30.095698 20.336
 23    24.707 53020.09615976 21.23 300.395215 -30.092418 20.336
 23    25.076 53020.09616041 22.48 300.394323 -30.089140 37.697
 23    25.244 53020.09616105 23.90 300.393443 -30.085860 37.697
 23    25.410 53020.09616170 27.16 300.392553 -30.082580 37.697
 23    25.800 53020.09616234 38.33 300.391663 -30.079300 37.697
 24    23.950 53055.09614551 16.94 300.403494 -30.097883 41.339
 24    23.985 53055.09614616 16.28 300.402600 -30.094605 28.707
 24    23.994 53055.09614680 17.02 300.401710 -30.091325 28.707
 24    24.192 53055.09614745 17.55 300.400820 -30.088045 28.707
 24    24.227 53055.09614809 18.46 300.399930 -30.084765 28.707
 24    24.116 53055.09614874 19.68 300.399040 -30.081485 28.707
 24    24.125 53055.09614938 23.25 300.398150 -30.078215 28.707
 24    24.943 53055.09615003 24.33 300.397260 -30.074935 28.707
 25    24.071 53090.09617837 42.64 300.391948 -30.121552 33.921
 25    24.068 53090.09617901 34.42 300.391058 -30.118272 33.921
 25    23.985 53090.09617966 30.76 300.390168 -30.114992 33.921
 25    23.995 53090.09618030 26.72 300.389278 -30.111722 33.921
 25    23.787 53090.09618094 25.62 300.388388 -30.108442 33.921
 25    24.067 53090.09618159 22.63 300.387498 -30.105162 33.921
 25    24.052 53090.09618223 27.24 300.386608 -30.101882 33.921
 25    24.071 53090.09618288 28.52 300.385718 -30.098602 33.921
 25    24.148 53090.09618352 30.94 300.384827 -30.095323 35.234
 25    24.266 53090.09618417 39.33 300.383947 -30.092043 35.234
 26    24.573 53125.09615173 18.22 300.401980 -30.104514 28.364
 26    24.337 53125.09615237 17.49 300.401100 -30.101234 28.364
 26    24.041 53125.09615302 16.60 300.400210 -30.097954 28.364
 26    23.716 53125.09615366 17.45 300.399316 -30.094678 22.774
 26    23.977 53125.09615431 16.37 300.398426 -30.091398 22.774
 26    24.102 53125.09615495 16.08 300.397536 -30.088118 22.774
 26    24.349 53125.09615560 17.77 300.396646 -30.084838 22.774
 26    24.628 53125.09615624 17.31 300.395756 -30.081558 22.774
 26    24.782 53125.09615688 27.11 300.394866 -30.078288 22.774
 27    25.077 53160.09621037 53.02 300.395857 -30.117396 48.030
 27    25.148 53160.09621101 50.94 300.394957 -30.114116 48.030
 27    25.231 53160.09621166 47.03 300.394077 -30.110836 48.030
 27    25.284 53160.09621230 51.11 300.393187 -30.107556 48.030
 27    25.201 53160.09621294 51.49 300.392297 -30.104276 48.030
 27    25.151 53160.09621359 51.38 300.391405 -30.100999 43.048
 27    25.178 53160.09621423 51.94 300.390515 -30.097719 43.048
 27    25.197 53160.09621488 50.44 300.389625 -30.094439 43.048
 27    25.225 53160.09621552 51.74 300.388735 -30.091159 43.048
 27    25.257 53160.09621617 47.30 300.387845 -30.087879 43.048
 27    25.295 53160.09621681 48.87 300.386955 -30.084609 43.048
 28    24.514 53195.09620810 48.60 300.402022 -30.108991 45.466
 28    24.448 53195.09620875 51.99 300.401132 -30.105711 45.466
 28    24.381 53195.09620939 53.47 300.400242 -30.102434 49.278
 28    24.389 53195.09621004 53.06 300.399352 -30.099154 49.278
 28    24.417 53195.09621068 53.20 300.398462 -30.095874 49.278
 28    24.447 53195.09621132 52.21 300.397572 -30.092594 49.278
 28    24.468 53195.09621197 52.50 300.396682 -30.089314 49.278
 28    24.484 53195.09621261 54.07 300.395792 -30.086044 49.278
 28    24.503 53195.09621326 53.86 300.394902 -30.082764 49.278
 28    24.533 53195.09621390 52.39 300.394012 -30.079484 49.278
 29    25.080 53230.09619683 38.69 300.402689 -30.105032 33.501
 29    25.033 53230.09619747 31.24 300.401799 -30.101752 33.501
 29    24.745 53230.09619812 22.74 300.400909 -30.098472 33.501
 29    24.712 53230.09619876 21.28 300.400019 -30.095192 33.501
 29    24.692 53230.09619941 21.36 300.399124 -30.091914 27.546
 29    24.565 53230.09620005 22.93 300.398244 -30.088634 27.546
 29    24.467 53230.09620069 25.31 300.397354 -30.085354 27.546
 29    24.716 53230.09620134 24.00 300.396464 -30.082074 27.546
 29    25.100 53230.09620198 26.26 300.395574 -30.078794 27.546
 29    25.183 53230.09620263 32.71 300.394684 -30.075524 27.546
 30    23.647 53265.09616560 52.10 300.395687 -30.117411 42.263
 30    23.738 53265.09616624 48.51 300.394797 -30.114131 42.263
 30    23.636 53265.09616689 40.28 300.393907 -30.110851 42.263
 30    23.690 53265.09616753 40.45 300.393017 -30.107581 42.263
 30    23.803 53265.09616818 40.02 300.392127 -30.104301 42.263
 30    23.733 53265.09616882 39.04 300.391237 -30.101021 42.263
 30    23.817 53265.09616946 41.20 300.390347 -30.097741 42.263
 30    23.840 53265.09617011 47.86 300.389457 -30.094461 42.263
 30    23.823 53265.09617075 51.37 300.388570 -30.091181 44.293
 30    23.851 53265.09617140 52.68 300.387680 -30.087901 44.293
 30    23.759 53265.09617204 50.18 300.386790 -30.084621 44.293
 31    23.944 53300.09621273 49.26 300.394476 -30.119983 34.546
 31    23.958 53300.09621337 48.01 300.393586 -30.116703 34.546
 31    23.857 53300.09621402 33.42 300.392696 -30.113423 34.546
 31    23.566 53300.09621466 28.04 300.391806 -30.110143 34.546
 31    23.504 53300.09621531 24.63 300.390926 -30.106863 34.546
 31    23.603 53300.09621595 21.43 300.390036 -30.103583 34.546
 31    23.959 53300.09621660 22.79 300.389142 -30.100305 28.486
 31    24.024 53300.09621724 29.93 300.388252 -30.097025 28.486
 31    24.077 53300.09621789 31.77 300.387362 -30.093745 28.486
 31    24.078 53300.09621853 28.10 300.386472 -30.090465 28.486
 31    24.556 53300.09621918 27.61 300.385582 -30.087185 28.486
 32    26.211 53335.09618373 49.23 300.400006 -30.113688 47.919
 32    26.186 53335.09618438 51.10 300.399116 -30.110408 47.919
 32    26.202 53335.09618502 51.04 300.398226 -30.107128 47.919
 32    26.218 53335.09618566 50.31 300.397336 -30.103848 47.919
 32    26.197 53335.09618631 48.75 300.396446 -30.100568 47.919
 32    26.190 53335.09618695 48.84 300.395559 -30.097290 48.520
 32    26.086 53335.09618760 46.99 300.394669 -30.094010 48.520
 32    26.070 53335.09618824 44.47 300.393779 -30.090730 48.520
 32    26.078 53335.09618889 43.84 300.392889 -30.087450 48.520
 32    26.087 53335.09618953 41.69 300.391999 -30.084170 48.520
 32    26.125 53335.09619018 39.22 300.391109 -30.080900 48.520
 33    25.317 53370.09612262 34.14 300.399605 -30.115650 32.347
 33    25.206 53370.09612327 31.19 300.398715 -30.112370 32.347
 33    25.119 53370.09612391 30.69 300.397825 -30.109100 32.347
 33    25.013 53370.09612456 29.68 300.396935 -30.105820 32.347
 33    25.079 53370.09612520 29.70 300.396045 -30.102540 32.347
 33    25.274 53370.09612585 29.53 300.395155 -30.099260 32.347
 33    25.287 53370.09612649 29.57 300.394265 -30.095980 32.347
 33    25.228 53370.09612713 29.00 300.393377 -30.092699 36.631
 33    25.316 53370.09612778 29.67 300.392487 -30.089419 36.631
 33    25.356 53370.09612842 31.18 300.391597 -30.086139 36.631
 33    25.387 53370.09612907 32.80 300.390717 -30.082859 36.631
 35    24.530 53440.09614314 49.33 300.398498 -30.115144 45.712
 35    24.532 53440.09614379 51.45 300.397608 -30.111874 45.712
 35    24.536 53440.09614443 52.71 300.396718 -30.108594 45.712
 35    24.564 53440.09614508 51.53 300.395828 -30.105314 45.712
 35    24.581 53440.09614572 51.32 300.394938 -30.102034 45.712
 35    24.571 53440.09614637 51.26 300.394048 -30.098754 45.712
 35    24.567 53440.09614701 52.17 300.393157 -30.095475 44.473
 35    24.520 53440.09614766 51.01 300.392277 -30.092195 44.473
 35    24.539 53440.09614830 52.52 300.391387 -30.088915 44.473
 35    24.563 53440.09614895 54.01 300.390497 -30.085635 44.473
 35    24.572 53440.09614959 50.45 300.389607 -30.082355 44.473
 36    24.593 53475.09620607 24.74 300.397924 -30.115021 42.149
 36    24.483 53475.09620671 23.92 300.397044 -30.111741 42.149
 36    24.252 53475.09620736 22.12 300.396154 -30.108461 42.149
 36    24.224 53475.09620800 23.30 300.395264 -30.105181 42.149
 36    24.013 53475.09620865 19.79 300.394370 -30.101905 30.324
 36    23.677 53475.09620929 19.25 300.393480 -30.098625 30.324
 36    24.302 53475.09620993 18.59 300.392590 -30.095345 30.324
 36    24.596 53475.09621058 20.39 300.391700 -30.092065 30.324
 36    24.828 53475.09621122 23.32 300.390810 -30.088785 30.324
 36    25.052 53475.09621187 27.50 300.389920 -30.085515 30.324
 36    25.055 53475.09621251 30.32 300.389030 -30.082235 30.324
 37    24.419 53510.09622361 25.25 300.399710 -30.110660 32.156
 37    24.439 53510.09622425 21.85 300.398820 -30.107380 32.156
 37    24.411 53510.09622490 19.48 300.397930 -30.104100 32.156
 37    24.180 53510.09622554 18.05 300.397040 -30.100820 32.156
 37    24.105 53510.09622619 16.78 300.396150 -30.097540 32.156
 37    23.978 53510.09622683 17.35 300.395262 -30.094264 33.042
 37    24.379 53510.09622748 17.14 300.394372 -30.090984 33.042
 37    24.643 53510.09622812 17.68 300.393482 -30.087704 33.042
 37    24.790 53510.09622877 22.02 300.392592 -30.084424 33.042
 37    24.918 53510.09622941 25.87 300.391702 -30.081144 33.042
 38    25.297 53545.09623876 44.19 300.396737 -30.119527 43.770
 38    25.330 53545.09623941 47.35 300.395847 -30.116247 43.770
 38    25.049 53545.09624005 32.52 300.394957 -30.112967 43.770
 38    25.094 53545.09624069 26.73 300.394067 -30.109687 43.770
 38    24.879 53545.09624134 24.71 300.393177 -30.106407 43.770
 38    24.626 53545.09624198 21.24 300.392287 -30.103127 43.770
 38    24.583 53545.09624263 21.52 300.391400 -30.099849 36.099
 38    24.807 53545.09624327 22.37 300.390510 -30.096569 36.099
 38    25.271 53545.09624392 24.71 300.389620 -30.093289 36.099
 38    25.196 53545.09624456 28.61 300.388730 -30.090009 36.099
 38    25.250 53545.09624521 33.88 300.387840 -30.086729 36.099
 40    23.058 53615.09616949 30.88 300.395956 -30.120191 26.634
 40    22.693 53615.09617014 29.77 300.395066 -30.116911 26.634
 40    22.468 53615.09617078 27.64 300.394176 -30.113641 26.634
 40    22.808 53615.09617143 23.72 300.393286 -30.110361 26.634
 40    23.112 53615.09617207 22.85 300.392396 -30.107081 26.634
 40    23.293 53615.09617272 20.40 300.391506 -30.103801 26.634
 40    23.372 53615.09617336 18.97 300.390616 -30.100521 26.634
 40    23.537 53615.09617401 18.08 300.389726 -30.097241 26.634
 40    24.066 53615.09617465 18.34 300.388838 -30.093962 29.859
 40    24.612 53615.09617529 17.91 300.387948 -30.090682 29.859
 40    24.781 53615.09617594 32.03 300.387058 -30.087402 29.859
 41    24.404 53650.09618176 51.87 300.402285 -30.107140 40.594
 41    24.490 53650.09618240 53.44 300.401395 -30.103860 40.594
 41    24.585 53650.09618305 52.45 300.400501 -30.100582 47.963
 41    24.566 53650.09618369 50.52 300.399611 -30.097302 47.963
 41    24.556 53650.09618434 50.26 300.398721 -30.094022 47.963
 41    24.575 53650.09618498 51.60 300.397831 -30.090742 47.963
 41    24.521 53650.09618563 52.36 300.396941 -30.087462 47.963
 41    24.493 53650.09618627 50.51 300.396051 -30.084192 47.963
 41    24.509 53650.09618691 48.82 300.395161 -30.080912 47.963
 41    24.537 53650.09618756 41.01 300.394271 -30.077632 47.963
 42    25.756 53685.09619035 38.74 300.396497 -30.118681 41.121
 42    25.875 53685.09619100 29.68 300.395607 -30.115411 41.121
 42    26.001 53685.09619164 40.50 300.394717 -30.112131 41.121
 42    26.022 53685.09619229 44.98 300.393827 -30.108851 41.121
 42    25.717 53685.09619293 23.28 300.392937 -30.105571 41.121
 42    24.765 53685.09619357 21.94 300.392047 -30.102291 41.121
 42    24.989 53685.09619422 22.05 300.391157 -30.099011 41.121
 42    25.351 53685.09619486 22.73 300.390270 -30.095732 40.018
 42    25.640 53685.09619551 24.40 300.389380 -30.092452 40.018
 42    25.932 53685.09619615 27.81 300.388490 -30.089172 40.018
 42    25.997 53685.09619680 37.00 300.387600 -30.085892 40.018
 43    24.549 53720.09611769 49.37 300.400521 -30.113157 46.210
 43    24.650 53720.09611834 52.46 300.399631 -30.109887 46.210
 43    24.674 53720.09611898 52.69 300.398741 -30.106607 46.210
 43    24.595 53720.09611963 53.19 300.397851 -30.103327 46.210
 43    24.574 53720.09612027 52.15 300.396961 -30.100047 46.210
 43    24.594 53720.09612092 52.66 300.396071 -30.096767 46.210
 43    24.623 53720.09612156 51.62 300.395181 -30.093487 40.807
 43    24.657 53720.09612221 51.64 300.394291 -30.090207 40.807
 43    24.698 53720.09612285 52.72 300.393401 -30.086927 40.807
 43    24.739 53720.09612349 52.86 300.392521 -30.083647 40.807
 43    24.784 53720.09612414 50.24 300.391631 -30.080367 40.807
 44    25.013 53755.09604605 44.57 300.404930 -30.090501 42.558
 44    24.776 53755.09604669 40.67 300.404040 -30.087221 42.558
 44    24.813 53755.09604734 47.02 300.403150 -30.083941 42.558
 44    24.825 53755.09604798 45.57 300.402260 -30.080661 42.558
 44    24.839 53755.09604863 37.54 300.401370 -30.077381 42.558
 44    24.785 53755.09604927 32.11 300.400480 -30.074111 42.558
 44    24.790 53755.09604992 28.66 300.399590 -30.070831 42.558
 45    24.265 53790.09607289 19.38 300.402128 -30.106297 31.885
 45    24.052 53790.09607353 16.91 300.401238 -30.103017 31.885
 45    23.885 53790.09607417 16.29 300.400348 -30.099737 31.885
 45    23.790 53790.09607482 15.83 300.399461 -30.096459 26.722
 45    23.616 53790.09607546 16.03 300.398571 -30.093179 26.722
 45    23.685 53790.09607611 16.42 300.397681 -30.089899 26.722
 45    24.072 53790.09607675 17.85 300.396791 -30.086619 26.722
 45    24.344 53790.09607740 19.09 300.395901 -30.083339 26.722
 45    24.513 53790.09607804 23.61 300.395011 -30.080069 26.722
 45    24.956 53790.09607869 28.87 300.394121 -30.076789 26.722
 46    25.589 53825.09603138 36.37 300.404930 -30.093813 27.313
 46    25.569 53825.09603202 34.18 300.404050 -30.090533 27.313
 46    25.508 53825.09603266 29.37 300.403160 -30.087253 27.313
 46    25.505 53825.09603331 28.35 300.402270 -30.083973 27.313
 46    25.256 53825.09603395 27.41 300.401380 -30.080693 27.313
 46    25.229 53825.09603460 28.85 300.400490 -30.077413 27.313
 46    25.396 53825.09603524 28.03 300.399600 -30.074133 27.313
 46    25.380 53825.09603589 29.90 300.398710 -30.070863 27.313
 47    24.983 53860.09612130 49.82 300.398870 -30.114903 47.618
 47    24.997 53860.09612195 45.70 300.397980 -30.111623 47.618
 47    24.884 53860.09612259 43.36 300.397090 -30.108343 47.618
 47    25.001 53860.09612323 44.85 300.396200 -30.105063 47.618
 47    25.025 53860.09612388 51.01 300.395310 -30.101793 47.618
 47    24.946 53860.09612452 46.87 300.394420 -30.098513 47.618
 47    24.952 53860.09612517 47.50 300.393530 -30.095233 47.618
 47    24.941 53860.09612581 47.24 300.392640 -30.091953 47.618
 47    24.947 53860.09612646 48.61 300.391750 -30.088673 47.618
 47    24.962 53860.09612710 50.27 300.390861 -30.085395 44.719
 47    24.986 53860.09612775 51.11 300.389971 -30.082115 44.719
 48    24.788 53895.09614095 27.37 300.401667 -30.105025 41.327
 48    24.511 53895.09614160 21.85 300.400774 -30.101749 26.785
 48    24.443 53895.09614224 19.41 300.399884 -30.098469 26.785
 48    24.502 53895.09614289 17.99 300.398994 -30.095189 26.785
 48    24.870 53895.09614353 19.57 300.398104 -30.091909 26.785
 48    24.949 53895.09614418 28.73 300.397214 -30.088629 26.785
 48    24.909 53895.09614482 27.36 300.396324 -30.085349 26.785
 48    24.758 53895.09614547 26.68 300.395434 -30.082079 26.785
 48    25.313 53895.09614611 28.88 300.394544 -30.078799 26.785
 49    23.292 53930.09619204 29.30 300.392548 -30.122214 23.388
 49    23.676 53930.09619269 26.45 300.391658 -30.118934 23.388
 49    24.461 53930.09619333 26.10 300.390768 -30.115654 23.388
 49    24.699 53930.09619398 26.51 300.389878 -30.112374 23.388
 49    23.590 53930.09619462 25.01 300.388988 -30.109094 23.388
 49    23.718 53930.09619527 23.15 300.388098 -30.105824 23.388
 49    23.809 53930.09619591 21.46 300.387208 -30.102544 23.388
 49    23.808 53930.09619656 20.25 300.386318 -30.099264 23.388
 49    24.143 53930.09619720 21.10 300.385428 -30.095984 23.388
 49    24.540 53930.09619785 26.04 300.384538 -30.092704 23.388
 49    24.654 53930.09619849 31.41 300.383648 -30.089424 23.388
 50    23.203 53965.09617051 28.89 300.394496 -30.121264 20.565
 50    23.687 53965.09617115 26.32 300.393606 -30.117984 20.565
 50    23.754 53965.09617180 26.36 300.392716 -30.114704 20.565
 50    24.018 53965.09617244 24.68 300.391836 -30.111424 20.565
 50    23.464 53965.09617309 23.08 300.390946 -30.108144 20.565
 50    23.656 53965.09617373 20.30 300.390056 -30.104864 20.565
 50    23.786 53965.09617438 20.23 300.389166 -30.101584 20.565
 50    23.573 53965.09617502 19.97 300.388276 -30.098314 20.565
 50    23.932 53965.09617567 17.84 300.387386 -30.095034 20.565
 50    24.403 53965.09617631 17.41 300.386496 -30.091754 20.565
 50    24.661 53965.09617696 19.76 300.385606 -30.088474 20.565
 51    23.803 54000.09613022 17.11 300.404704 -30.100024 35.432
 51    23.990 54000.09613086 16.30 300.403814 -30.096744 35.432
 51    23.931 54000.09613151 15.39 300.402924 -30.093464 35.432
 51    23.876 54000.09613215 16.31 300.402034 -30.090184 35.432
 51    23.722 54000.09613280 18.83 300.401145 -30.086909 31.478
 51    24.174 54000.09613344 18.75 300.400255 -30.083629 31.478
 51    24.095 54000.09613409 21.76 300.399365 -30.080349 31.478
 51    24.170 54000.09613473 23.08 300.398475 -30.077069 31.478
 51    24.425 54000.09613538 26.30 300.397585 -30.073789 31.478
 52    24.836 54035.09617312 33.33 300.402636 -30.106505 26.504
 52    24.837 54035.09617376 32.33 300.401746 -30.103235 26.504
 52    24.762 54035.09617441 24.15 300.400856 -30.099955 26.504
 52    24.716 54035.09617505 20.57 300.399966 -30.096675 26.504
 52    24.597 54035.09617570 20.39 300.399076 -30.093395 26.504
 52    24.674 54035.09617634 21.29 300.398186 -30.090115 26.504
 52    24.849 54035.09617699 22.99 300.397296 -30.086835 26.504
 52    24.854 54035.09617763 24.44 300.396407 -30.083555 29.874
 52    24.838 54035.09617827 23.73 300.395517 -30.080275 29.874
 52    24.981 54035.09617892 36.96 300.394627 -30.076995 29.874
 53    25.122 54070.09616625 43.01 300.400844 -30.109455 29.649
 53    25.047 54070.09616689 35.88 300.399954 -30.106175 29.649
 53    24.831 54070.09616753 27.80 300.399064 -30.102895 29.649
 53    24.742 54070.09616818 22.64 300.398174 -30.099625 29.649
 53    25.088 54070.09616882 26.55 300.397284 -30.096345 29.649
 53    25.125 54070.09616947 32.66 300.396394 -30.093065 29.649
 53    25.210 54070.09617011 32.35 300.395504 -30.089785 29.649
 53    25.009 54070.09617076 27.36 300.394614 -30.086505 29.649
 53    24.896 54070.09617140 27.13 300.393720 -30.083225 36.874
 53    25.046 54070.09617205 29.84 300.392840 -30.079945 36.874
 54    25.350 54105.09611925 31.50 300.397256 -30.117080 25.443
 54    25.415 54105.09611990 28.34 300.396376 -30.113800 25.443
 54    25.586 54105.09612054 30.40 300.395476 -30.110520 25.443
 54    25.249 54105.09612119 23.22 300.394596 -30.107240 25.443
 54    24.784 54105.09612183 22.07 300.393706 -30.103960 25.443
 54    24.234 54105.09612248 21.39 300.392816 -30.100680 25.443
 54    24.474 54105.09612312 21.46 300.391926 -30.097400 25.443
 54    25.068 54105.09612377 20.97 300.391036 -30.094130 25.443
 54    25.277 54105.09612441 21.53 300.390146 -30.090850 25.443
 54    25.420 54105.09612505 24.56 300.389256 -30.087570 25.443
 54    25.378 54105.09612570 28.78 300.388366 -30.084290 25.443
 55    26.361 54140.09609846 35.98 300.400811 -30.109490 25.557
 55    26.290 54140.09609911 30.86 300.399921 -30.106210 25.557
 55    26.220 54140.09609975 28.64 300.399031 -30.102940 25.557
 55    26.104 54140.09610039 26.58 300.398141 -30.099660 25.557
 55    25.960 54140.09610104 26.19 300.397251 -30.096380 25.557
 55    25.892 54140.09610168 26.35 300.396361 -30.093100 25.557
 55    25.872 54140.09610233 28.43 300.395471 -30.089820 25.557
 55    26.023 54140.09610297 28.86 300.394581 -30.086542 39.252
 55    26.319 54140.09610362 29.44 300.393691 -30.083262 39.252
 55    26.596 54140.09610426 32.53 300.392801 -30.079982 39.252
 56    26.655 54175.09609974 32.86 300.398374 -30.115117 28.894
 56    26.751 54175.09610039 32.24 300.397484 -30.111837 28.894
 56    26.813 54175.09610103 28.83 300.396594 -30.108557 28.894
 56    26.516 54175.09610167 27.58 300.395704 -30.105277 28.894
 56    26.162 54175.09610232 25.63 300.394814 -30.101997 28.894
 56    25.701 54175.09610296 25.86 300.393924 -30.098717 28.894
 56    25.853 54175.09610361 25.63 300.393031 -30.095437 35.678
 56    26.249 54175.09610425 26.65 300.392151 -30.092157 35.678
 56    26.459 54175.09610490 27.53 300.391261 -30.088877 35.678
 56    26.708 54175.09610554 29.45 300.390371 -30.085597 35.678
 56    26.875 54175.09610619 33.93 300.389481 -30.082317 35.678
 57    25.587 54210.09610380 44.91 300.400643 -30.112595 34.554
 57    25.675 54210.09610444 43.99 300.399753 -30.109315 34.554
 57    25.726 54210.09610509 48.01 300.398873 -30.106035 34.554
 57    25.748 54210.09610573 48.93 300.397983 -30.102755 34.554
 57    25.762 54210.09610638 49.74 300.397090 -30.099479 48.180
 57    25.763 54210.09610702 48.92 300.396200 -30.096199 48.180
 57    25.745 54210.09610767 49.03 300.395310 -30.092919 48.180
 57    25.698 54210.09610831 47.78 300.394420 -30.089639 48.180
 57    25.667 54210.09610895 46.03 300.393530 -30.086359 48.180
 57    25.629 54210.09610960 40.39 300.392640 -30.083089 48.180
 57    25.637 54210.09611024 37.33 300.391750 -30.079809 48.180
 58    25.872 54245.09613505 50.69 300.400491 -30.112272 44.126
 58    25.803 54245.09613569 53.42 300.399601 -30.108992 44.126
 58    25.821 54245.09613634 51.76 300.398711 -30.105712 44.126
 58    25.831 54245.09613698 53.07 300.397821 -30.102432 44.126
 58    25.842 54245.09613763 52.03 300.396931 -30.099156 52.059
 58    25.857 54245.09613827 52.75 300.396041 -30.095876 52.059
 58    25.877 54245.09613892 53.26 300.395151 -30.092596 52.059
 58    25.878 54245.09613956 53.19 300.394261 -30.089316 52.059
 58    25.913 54245.09614020 53.37 300.393371 -30.086036 52.059
 58    25.933 54245.09614085 51.41 300.392481 -30.082766 52.059
 58    25.949 54245.09614149 49.62 300.391591 -30.079486 52.059
 59    24.730 54280.09614676 30.32 300.400469 -30.112360 27.788
 59    24.530 54280.09614740 27.03 300.399579 -30.109080 27.788
 59    24.550 54280.09614805 24.07 300.398689 -30.105800 27.788
 59    24.637 54280.09614869 20.92 300.397799 -30.102520 27.788
 59    24.344 54280.09614934 20.52 300.396909 -30.099241 27.470
 59    24.037 54280.09614998 20.75 300.396019 -30.095961 27.470
 59    24.353 54280.09615063 20.97 300.395129 -30.092681 27.470
 59    24.710 54280.09615127 21.57 300.394239 -30.089401 27.470
 59    24.914 54280.09615192 24.28 300.393349 -30.086121 27.470
 59    25.001 54280.09615256 30.85 300.392459 -30.082851 27.470
 59    25.441 54280.09615320 36.25 300.391569 -30.079571 27.470
 60    24.500 54315.09614619 22.95 300.400485 -30.109386 25.768
 60    24.572 54315.09614683 19.57 300.399595 -30.106106 25.768
 60    24.505 54315.09614748 18.21 300.398705 -30.102826 25.768
 60    24.125 54315.09614812 17.96 300.397815 -30.099546 25.768
 60    23.711 54315.09614877 18.39 300.396929 -30.096268 29.622
 60    24.025 54315.09614941 17.16 300.396039 -30.092988 29.622
 60    24.426 54315.09615005 17.14 300.395149 -30.089708 29.622
 60    24.767 54315.09615070 17.98 300.394259 -30.086428 29.622
 60    24.815 54315.09615134 22.76 300.393369 -30.083148 29.622
 60    25.139 54315.09615199 26.40 300.392479 -30.079878 29.622
 61    24.073 54350.09611357 40.43 300.399262 -30.116337 31.799
 61    24.103 54350.09611422 41.36 300.398372 -30.113057 31.799
 61    23.911 54350.09611486 28.65 300.397482 -30.109787 31.799
 61    23.822 54350.09611551 23.29 300.396592 -30.106507 31.799
 61    23.639 54350.09611615 22.24 300.395702 -30.103227 31.799
 61    23.723 54350.09611680 21.65 300.394812 -30.099947 31.799
 61    23.982 54350.09611744 21.84 300.393922 -30.096667 31.799
 61    24.108 54350.09611809 30.97 300.393031 -30.093389 38.082
 61    24.127 54350.09611873 29.84 300.392141 -30.090109 38.082
 61    24.111 54350.09611937 28.89 300.391261 -30.086829 38.082
 61    24.271 54350.09612002 34.76 300.390371 -30.083549 38.082
 61    24.139 54350.09612066 47.74 300.389481 -30.080269 38.082
 62    24.557 54385.09608484 25.35 300.401568 -30.108564 18.510
 62    24.530 54385.09608548 22.93 300.400688 -30.105284 18.510
 62    24.259 54385.09608612 22.33 300.399798 -30.102004 18.510
 62    23.880 54385.09608677 21.78 300.398908 -30.098734 18.510
 62    23.666 54385.09608741 21.61 300.398018 -30.095454 18.510
 62    23.513 54385.09608806 22.06 300.397128 -30.092174 18.510
 62    23.784 54385.09608870 22.96 300.396238 -30.088894 18.510
 62    24.067 54385.09608935 23.84 300.395348 -30.085614 18.510
 62    24.431 54385.09608999 27.78 300.394460 -30.082335 31.867
 62    24.957 54385.09609064 30.26 300.393570 -30.079055 31.867
 63    24.458 54420.09606341 52.36 300.398595 -30.114811 39.420
 63    24.394 54420.09606405 46.25 300.397705 -30.111531 39.420
 63    24.259 54420.09606470 39.31 300.396815 -30.108251 39.420
 63    24.245 54420.09606534 31.05 300.395925 -30.104971 39.420
 63    24.187 54420.09606599 27.49 300.395035 -30.101691 39.420
 63    24.430 54420.09606663 31.80 300.394145 -30.098421 39.420
 63    24.558 54420.09606728 39.19 300.393255 -30.095141 39.420
 63    24.555 54420.09606792 40.80 300.392365 -30.091861 39.420
 63    24.543 54420.09606857 37.38 300.391475 -30.088581 39.420
 63    24.483 54420.09606921 30.91 300.390585 -30.085301 39.420
 63    24.639 54420.09606986 41.95 300.389695 -30.082021 39.420
 64    24.752 54455.09605685 50.15 300.402718 -30.106453 52.630
 64    24.761 54455.09605749 53.18 300.401818 -30.103183 52.630
 64    24.683 54455.09605814 52.55 300.400938 -30.099903 52.630
 64    24.671 54455.09605878 52.82 300.400038 -30.096623 52.630
 64    24.663 54455.09605942 53.45 300.399158 -30.093343 52.630
 64    24.659 54455.09606007 51.66 300.398268 -30.090063 52.630
 64    24.664 54455.09606071 53.12 300.397378 -30.086783 52.630
 64    24.694 54455.09606136 52.57 300.396484 -30.083505 49.425
 64    24.720 54455.09606200 53.11 300.395594 -30.080225 49.425
 64    24.743 54455.09606265 52.22 300.394704 -30.076945 49.425
 65    24.485 54490.09606404 35.80 300.400472 -30.112761 33.219
 65    24.321 54490.09606469 32.72 300.399582 -30.109481 33.219
 65    24.235 54490.09606533 30.80 300.398692 -30.106201 33.219
 65    24.177 54490.09606598 27.22 300.397802 -30.102921 33.219
 65    24.338 54490.09606662 24.45 300.396912 -30.099641 33.219
 65    24.519 54490.09606727 22.37 300.396026 -30.096362 28.909
 65    24.551 54490.09606791 22.69 300.395136 -30.093082 28.909
 65    24.473 54490.09606856 23.01 300.394246 -30.089802 28.909
 65    24.320 54490.09606920 25.86 300.393356 -30.086522 28.909
 65    24.448 54490.09606985 29.86 300.392466 -30.083242 28.909
 65    24.768 54490.09607049 31.81 300.391576 -30.079972 28.909
 66    24.743 54525.09606994 29.69 300.401562 -30.104938 30.283
 66    24.642 54525.09607059 23.28 300.400672 -30.101658 30.283
 66    24.655 54525.09607123 22.27 300.399782 -30.098378 30.283
 66    24.738 54525.09607188 24.06 300.398892 -30.095098 30.283
 66    24.814 54525.09607252 27.34 300.398002 -30.091818 30.283
 66    24.888 54525.09607317 30.30 300.397112 -30.088538 30.283
 66    24.887 54525.09607381 29.12 300.396222 -30.085268 30.283
 66    24.700 54525.09607446 29.62 300.395332 -30.081988 30.283
 66    24.868 54525.09607510 32.67 300.394442 -30.078708 30.283
 67    25.062 54560.09607262 49.98 300.398692 -30.114546 48.029
 67    25.123 54560.09607326 48.64 300.397802 -30.111266 48.029
 67    25.097 54560.09607390 45.77 300.396912 -30.107986 48.029
 67    25.035 54560.09607455 43.59 300.396022 -30.104706 48.029
 67    25.026 54560.09607519 45.34 300.395138 -30.101428 44.828
 67    25.023 54560.09607584 45.42 300.394248 -30.098148 44.828
 67    25.057 54560.09607648 49.32 300.393358 -30.094868 44.828
 67    25.042 54560.09607713 50.36 300.392468 -30.091588 44.828
 67    25.056 54560.09607777 50.54 300.391578 -30.088308 44.828
 67    25.085 54560.09607842 51.48 300.390688 -30.085038 44.828
 67    25.112 54560.09607906 51.54 300.389798 -30.081758 44.828
 68    25.323 54595.09606497 32.21 300.400170 -30.113263 38.809
 68    25.248 54595.09606562 29.00 300.399280 -30.109983 38.809
 68    25.218 54595.09606626 27.49 300.398389 -30.106707 27.382
 68    25.091 54595.09606691 23.57 300.397499 -30.103427 27.382
 68    24.929 54595.09606755 21.67 300.396609 -30.100147 27.382
 68    24.724 54595.09606820 21.78 300.395719 -30.096867 27.382
 68    25.037 54595.09606884 22.09 300.394829 -30.093587 27.382
 68    25.091 54595.09606948 23.43 300.393939 -30.090307 27.382
 68    25.240 54595.09607013 25.56 300.393049 -30.087037 27.382
 68    25.446 54595.09607077 28.34 300.392159 -30.083757 27.382
 68    25.616 54595.09607142 35.73 300.391269 -30.080477 27.382
 69    24.624 54630.09607910 44.04 300.399411 -30.112826 43.403
 69    24.577 54630.09607975 42.98 300.398521 -30.109546 43.403
 69    24.605 54630.09608039 42.10 300.397630 -30.106268 27.842
 69    24.623 54630.09608104 40.19 300.396740 -30.102988 27.842
 69    24.597 54630.09608168 39.75 300.395850 -30.099708 27.842
 69    24.404 54630.09608233 37.39 300.394960 -30.096428 27.842
 69    24.336 54630.09608297 35.35 300.394070 -30.093148 27.842
 69    24.407 54630.09608362 33.61 300.393180 -30.089868 27.842
 69    24.508 54630.09608426 33.18 300.392290 -30.086598 27.842
 69    24.591 54630.09608490 33.10 300.391400 -30.083318 27.842
 69    24.976 54630.09608555 35.36 300.390510 -30.080038 27.842
 70    24.435 54665.09608524 21.49 300.398995 -30.113913 32.981
 70    24.520 54665.09608589 17.22 300.398105 -30.110633 32.981
 70    24.234 54665.09608653 17.16 300.397215 -30.107353 32.981
 70    24.089 54665.09608718 17.27 300.396324 -30.104076 27.116
 70    23.911 54665.09608782 15.65 300.395434 -30.100796 27.116
 70    23.719 54665.09608847 16.14 300.394544 -30.097516 27.116
 70    23.908 54665.09608911 15.25 300.393654 -30.094236 27.116
 70    24.301 54665.09608975 15.65 300.392764 -30.090956 27.116
 70    24.745 54665.09609040 15.96 300.391874 -30.087686 27.116
 70    24.900 54665.09609104 21.18 300.390984 -30.084406 27.116
 70    25.030 54665.09609169 23.14 300.390094 -30.081126 27.116
 71    24.826 54700.09605595 28.78 300.399600 -30.113802 37.216
 71    24.706 54700.09605659 26.73 300.398710 -30.110522 37.216
 71    24.886 54700.09605723 24.55 300.397820 -30.107242 37.216
 71    24.779 54700.09605788 21.68 300.396930 -30.103962 37.216
 71    24.580 54700.09605852 19.36 300.396038 -30.100684 29.401
 71    24.060 54700.09605917 19.61 300.395158 -30.097404 29.401
 71    24.408 54700.09605981 20.09 300.394268 -30.094124 29.401
 71    24.534 54700.09606046 20.71 300.393378 -30.090844 29.401
 71    24.791 54700.09606110 22.04 300.392488 -30.087564 29.401
 71    25.048 54700.09606175 25.13 300.391598 -30.084294 29.401
 71    25.248 54700.09606239 34.83 300.390708 -30.081014 29.401
 72    24.037 54735.09604514 47.41 300.401797 -30.110110 40.761
 72    24.040 54735.09604579 50.82 300.400910 -30.106833 42.640
 72    24.032 54735.09604643 49.24 300.400020 -30.103553 42.640
 72    24.066 54735.09604708 47.51 300.399130 -30.100273 42.640
 72    24.104 54735.09604772 47.75 300.398240 -30.096993 42.640
 72    24.142 54735.09604837 47.64 300.397350 -30.093713 42.640
 72    24.170 54735.09604901 46.03 300.396460 -30.090443 42.640
 72    24.222 54735.09604966 47.89 300.395570 -30.087163 42.640
 72    24.262 54735.09605030 49.41 300.394680 -30.083883 42.640
 72    24.296 54735.09605095 49.50 300.393790 -30.080603 42.640
 72    24.316 54735.09605159 45.35 300.392910 -30.077323 42.640
 73    24.673 54770.09603635 28.96 300.400092 -30.110841 31.228
 73    24.677 54770.09603699 28.37 300.399202 -30.107561 31.228
 73    24.744 54770.09603764 27.26 300.398312 -30.104281 31.228
 73    24.768 54770.09603828 27.54 300.397425 -30.101001 29.425
 73    24.846 54770.09603893 26.58 300.396535 -30.097721 29.425
 73    24.814 54770.09603957 27.37 300.395645 -30.094441 29.425
 73    24.846 54770.09604021 28.40 300.394755 -30.091161 29.425
 73    24.866 54770.09604086 29.85 300.393865 -30.087881 29.425
 73    24.789 54770.09604150 31.49 300.392975 -30.084611 29.425
 73    24.945 54770.09604215 35.74 300.392085 -30.081331 29.425
 74    24.666 54805.09603800 46.69 300.400937 -30.110837 41.221
 74    24.660 54805.09603864 42.35 300.400037 -30.107557 41.221
 74    24.414 54805.09603929 31.43 300.399151 -30.104281 33.650
 74    24.355 54805.09603993 22.73 300.398261 -30.101001 33.650
 74    24.393 54805.09604058 23.32 300.397371 -30.097721 33.650
 74    24.585 54805.09604122 32.81 300.396481 -30.094441 33.650
 74    24.706 54805.09604187 35.67 300.395591 -30.091161 33.650
 74    24.777 54805.09604251 41.78 300.394701 -30.087881 33.650
 74    24.698 54805.09604315 39.81 300.393811 -30.084611 33.650
 74    24.602 54805.09604380 33.95 300.392921 -30.081331 33.650
 75    23.432 54840.09603144 45.52 300.400400 -30.111243 42.381
 75    23.440 54840.09603208 48.46 300.399510 -30.107963 42.381
 75    23.372 54840.09603273 46.18 300.398620 -30.104683 42.381
 75    23.359 54840.09603337 46.27 300.397731 -30.101405 43.885
 75    23.386 54840.09603402 47.03 300.396841 -30.098125 43.885
 75    23.376 54840.09603466 48.02 300.395951 -30.094845 43.885
 75    23.408 54840.09603530 49.58 300.395061 -30.091565 43.885
 75    23.412 54840.09603595 49.72 300.394171 -30.088285 43.885
 75    23.442 54840.09603659 49.71 300.393281 -30.085005 43.885
 75    23.471 54840.09603724 51.07 300.392391 -30.081735 43.885
 76    24.057 54875.09603895 26.50 300.400395 -30.111649 38.081
 76    24.051 54875.09603959 21.38 300.399501 -30.108370 24.171
 76    24.023 54875.09604024 23.00 300.398611 -30.105090 24.171
 76    23.970 54875.09604088 23.28 300.397721 -30.101810 24.171
 76    23.888 54875.09604153 23.56 300.396831 -30.098530 24.171
 76    23.725 54875.09604217 25.96 300.395941 -30.095250 24.171
 76    23.661 54875.09604282 27.15 300.395051 -30.091980 24.171
 76    23.469 54875.09604346 31.51 300.394161 -30.088700 24.171
 76    23.955 54875.09604411 32.62 300.393271 -30.085420 24.171
 76    24.118 54875.09604475 33.43 300.392381 -30.082140 24.171
 76    24.337 54875.09604540 37.12 300.391491 -30.078860 24.171
 77    24.050 54910.09603573 22.40 300.397409 -30.116718 33.782
 77    24.406 54910.09603637 18.85 300.396519 -30.113438 33.782
 77    24.166 54910.09603701 16.83 300.395629 -30.110158 33.782
 77    23.931 54910.09603766 16.98 300.394739 -30.106878 33.782
 77    23.959 54910.09603830 16.02 300.393849 -30.103598 33.782
 77    23.956 54910.09603895 16.18 300.392966 -30.100320 25.238
 77    23.851 54910.09603959 16.02 300.392076 -30.097040 25.238
 77    23.945 54910.09604024 16.30 300.391186 -30.093760 25.238
 77    23.989 54910.09604088 16.80 300.390296 -30.090480 25.238
 77    24.068 54910.09604153 17.45 300.389406 -30.087200 25.238
 77    24.732 54910.09604217 19.82 300.388516 -30.083920 25.238
 78    23.847 54945.09603129 43.76 300.400587 -30.113027 51.618
 78    23.787 54945.09603194 41.61 300.399687 -30.109747 51.618
 78    23.738 54945.09603258 34.40 300.398802 -30.106472 36.969
 78    23.803 54945.09603323 30.84 300.397912 -30.103192 36.969
 78    23.930 54945.09603387 30.17 300.397022 -30.099912 36.969
 78    23.936 54945.09603451 34.22 300.396132 -30.096632 36.969
 78    23.939 54945.09603516 39.74 300.395242 -30.093352 36.969
 78    24.023 54945.09603580 41.46 300.394352 -30.090072 36.969
 78    24.060 54945.09603645 40.64 300.393462 -30.086802 36.969
 78    24.050 54945.09603709 37.60 300.392572 -30.083522 36.969
 78    24.087 54945.09603774 35.97 300.391682 -30.080242 36.969
 79    22.830 54980.09605813 19.78 300.399305 -30.114496 35.409
 79    23.014 54980.09605878 18.57 300.398415 -30.111216 35.409
 79    23.217 54980.09605942 17.70 300.397524 -30.107938 22.292
 79    23.299 54980.09606007 17.49 300.396634 -30.104658 22.292
 79    23.181 54980.09606071 17.62 300.395744 -30.101378 22.292
 79    23.227 54980.09606136 17.30 300.394854 -30.098098 22.292
 79    23.173 54980.09606200 17.71 300.393964 -30.094818 22.292
 79    23.138 54980.09606264 18.79 300.393074 -30.091548 22.292
 79    23.139 54980.09606329 19.85 300.392184 -30.088268 22.292
 79    23.449 54980.09606393 24.11 300.391294 -30.084988 22.292
 79    23.678 54980.09606458 35.19 300.390404 -30.081708 22.292
 80    24.061 55015.09606109 49.04 300.399838 -30.112247 48.605
 80    23.981 55015.09606173 39.51 300.398948 -30.108967 48.605
 80    23.973 55015.09606238 34.25 300.398058 -30.105687 48.605
 80    24.081 55015.09606302 33.28 300.397169 -30.102409 41.785
 80    24.162 55015.09606367 37.83 300.396279 -30.099129 41.785
 80    24.239 55015.09606431 47.94 300.395389 -30.095849 41.785
 80    24.266 55015.09606496 49.56 300.394499 -30.092569 41.785
 80    24.272 55015.09606560 51.35 300.393609 -30.089289 41.785
 80    24.316 55015.09606625 51.99 300.392719 -30.086019 41.785
 80    24.291 55015.09606689 53.13 300.391829 -30.082739 41.785
 80    24.257 55015.09606754 48.91 300.390939 -30.079459 41.785
 81    25.097 55050.09605553 43.85 300.400267 -30.109645 39.981
 81    25.145 55050.09605617 42.15 300.399377 -30.106365 39.981
 81    25.143 55050.09605682 42.86 300.398488 -30.103089 37.667
 81    25.142 55050.09605746 40.66 300.397598 -30.099809 37.667
 81    25.126 55050.09605811 40.53 300.396708 -30.096529 37.667
 81    25.163 55050.09605875 39.42 300.395818 -30.093249 37.667
 81    25.172 55050.09605940 41.74 300.394928 -30.089969 37.667
 81    25.193 55050.09606004 41.42 300.394038 -30.086699 37.667
 81    25.212 55050.09606069 43.33 300.393148 -30.083419 37.667
 81    25.219 55050.09606133 41.74 300.392258 -30.080139 37.667
 82    24.556 55085.09602124 34.32 300.398355 -30.118490 40.459
 82    24.417 55085.09602188 22.14 300.397465 -30.115210 40.459
 82    24.721 55085.09602253 22.67 300.396575 -30.111930 40.459
 82    24.648 55085.09602317 18.40 300.395685 -30.108650 40.459
 82    24.253 55085.09602382 17.80 300.394795 -30.105370 40.459
 82    24.117 55085.09602446 17.58 300.393905 -30.102090 40.459
 82    23.981 55085.09602511 18.39 300.393015 -30.098810 36.021
 82    24.006 55085.09602575 18.82 300.392135 -30.095530 36.021
 82    24.186 55085.09602640 19.55 300.391245 -30.092250 36.021
 82    24.436 55085.09602704 21.58 300.390355 -30.088970 36.021
 82    24.734 55085.09602769 24.72 300.389465 -30.085690 36.021
 82    24.982 55085.09602833 34.24 300.388575 -30.082420 36.021
 83    25.201 55120.09598908 29.58 300.401793 -30.105163 23.295
 83    25.138 55120.09598973 25.97 300.400903 -30.101883 23.295
 83    25.028 55120.09599037 23.63 300.400013 -30.098603 23.295
 83    24.791 55120.09599102 23.04 300.399123 -30.095323 23.295
 83    24.632 55120.09599166 23.62 300.398233 -30.092053 23.295
 83    24.730 55120.09599230 24.27 300.397343 -30.088773 23.295
 83    24.875 55120.09599295 25.64 300.396453 -30.085493 23.295
 83    25.151 55120.09599359 27.07 300.395563 -30.082213 23.295
 83    25.483 55120.09599424 31.65 300.394673 -30.078933 23.295
 84    26.167 55155.09598039 30.94 300.399120 -30.116553 29.977
 84    26.113 55155.09598104 31.38 300.398230 -30.113273 29.977
 84    26.175 55155.09598168 29.25 300.397340 -30.109993 29.977
 84    26.122 55155.09598233 27.66 300.396450 -30.106713 29.977
 84    25.823 55155.09598297 24.89 300.395560 -30.103433 29.977
 84    25.395 55155.09598362 24.18 300.394674 -30.100154 30.760
 84    24.982 55155.09598426 25.51 300.393784 -30.096874 30.760
 84    25.466 55155.09598490 24.88 300.392894 -30.093594 30.760
 84    25.954 55155.09598555 25.05 300.392004 -30.090314 30.760
 84    26.115 55155.09598619 27.29 300.391114 -30.087034 30.760
 84    26.217 55155.09598684 31.14 300.390224 -30.083764 30.760
 84    26.322 55155.09598748 35.88 300.389334 -30.080484 30.760
 85    26.541 55190.09597780 32.80 300.400820 -30.109065 27.266
 85    26.341 55190.09597845 30.45 300.399933 -30.105789 24.790
 85    26.279 55190.09597909 27.65 300.399043 -30.102509 24.790
 85    26.090 55190.09597973 25.32 300.398153 -30.099229 24.790
 85    25.795 55190.09598038 24.92 300.397263 -30.095949 24.790
 85    25.680 55190.09598102 24.92 300.396373 -30.092669 24.790
 85    25.815 55190.09598167 24.80 300.395483 -30.089399 24.790
 85    26.145 55190.09598231 24.87 300.394593 -30.086119 24.790
 85    26.347 55190.09598296 26.81 300.393703 -30.082839 24.790
 85    26.671 55190.09598360 28.65 300.392813 -30.079559 24.790
 86    26.888 55225.09598122 47.91 300.399249 -30.114563 39.433
 86    26.983 55225.09598187 42.40 300.398359 -30.111283 39.433
 86    26.848 55225.09598251 39.30 300.397469 -30.108003 39.433
 86    26.966 55225.09598316 43.18 300.396579 -30.104723 39.433
 86    26.949 55225.09598380 46.27 300.395691 -30.101443 48.286
 86    26.922 55225.09598445 46.47 300.394801 -30.098163 48.286
 86    26.953 55225.09598509 47.68 300.393911 -30.094883 48.286
 86    26.938 55225.09598574 49.42 300.393021 -30.091603 48.286
 86    26.936 55225.09598638 48.11 300.392131 -30.088323 48.286
 86    26.861 55225.09598703 41.32 300.391241 -30.085053 48.286
 86    26.905 55225.09598767 39.35 300.390351 -30.081773 48.286
 87    26.616 55260.09597269 44.89 300.401222 -30.110776 46.067
 87    26.591 55260.09597334 42.75 300.400332 -30.107496 46.067
 87    26.603 55260.09597398 45.30 300.399440 -30.104219 45.272
 87    26.615 55260.09597463 42.12 300.398550 -30.100939 45.272
 87    26.637 55260.09597527 45.44 300.397660 -30.097659 45.272
 87    26.661 55260.09597592 44.05 300.396770 -30.094379 45.272
 87    26.691 55260.09597656 44.03 300.395880 -30.091099 45.272
 87    26.720 55260.09597721 46.07 300.394990 -30.087819 45.272
 87    26.744 55260.09597785 44.02 300.394100 -30.084549 45.272
 87    26.693 55260.09597850 37.31 300.393210 -30.081269 45.272
 87    26.748 55260.09597914 43.87 300.392320 -30.077989 45.272
 88    26.250 55295.09596669 48.78 300.398834 -30.115848 42.535
 88    26.349 55295.09596733 48.94 300.397944 -30.112568 42.535
 88    26.248 55295.09596798 41.14 300.397054 -30.109288 42.535
 88    26.212 55295.09596862 41.27 300.396164 -30.106008 42.535
 88    26.330 55295.09596926 46.70 300.395274 -30.102728 42.535
 88    26.294 55295.09596991 46.94 300.394382 -30.099451 50.634
 88    26.270 55295.09597055 48.44 300.393492 -30.096171 50.634
 88    26.306 55295.09597120 50.00 300.392612 -30.092891 50.634
 88    26.318 55295.09597184 49.93 300.391722 -30.089611 50.634
 88    26.341 55295.09597249 44.20 300.390832 -30.086331 50.634
 88    26.350 55295.09597313 36.52 300.389942 -30.083061 50.634
 89    26.345 55330.09595450 51.19 300.398939 -30.115602 42.472
 89    26.391 55330.09595514 48.24 300.398049 -30.112322 42.472
 89    26.423 55330.09595579 38.97 300.397159 -30.109042 42.472
 89    26.464 55330.09595643 38.51 300.396269 -30.105765 42.359
 89    26.489 55330.09595708 42.76 300.395379 -30.102485 42.359
 89    26.502 55330.09595772 42.84 300.394489 -30.099205 42.359
 89    26.524 55330.09595836 43.99 300.393599 -30.095925 42.359
 89    26.546 55330.09595901 47.97 300.392709 -30.092645 42.359
 89    26.580 55330.09595965 43.67 300.391819 -30.089375 42.359
 89    26.399 55330.09596030 37.01 300.390929 -30.086095 42.359
 89    26.551 55330.09596094 37.46 300.390039 -30.082815 42.359
 90    25.456 55365.09594839 46.09 300.399442 -30.113123 40.726
 90    25.391 55365.09594904 41.60 300.398552 -30.109843 40.726
 90    25.258 55365.09594968 35.49 300.397662 -30.106563 40.726
 90    25.351 55365.09595033 32.66 300.396776 -30.103284 43.751
 90    25.336 55365.09595097 35.65 300.395886 -30.100004 43.751
 90    25.482 55365.09595162 43.62 300.394996 -30.096724 43.751
 90    25.479 55365.09595226 43.80 300.394106 -30.093444 43.751
 90    25.379 55365.09595291 42.54 300.393216 -30.090164 43.751
 90    25.435 55365.09595355 40.73 300.392326 -30.086894 43.751
 90    25.411 55365.09595420 33.64 300.391436 -30.083614 43.751
 90    25.591 55365.09595484 41.34 300.390546 -30.080334 43.751
 91    24.620 55400.09596060 28.29 300.400854 -30.107293 36.831
 91    24.759 55400.09596124 23.50 300.399969 -30.104017 26.381
 91    24.445 55400.09596189 21.17 300.399079 -30.100737 26.381
 91    24.432 55400.09596253 20.76 300.398189 -30.097457 26.381
 91    24.416 55400.09596318 22.78 300.397299 -30.094177 26.381
 91    24.425 55400.09596382 25.36 300.396409 -30.090897 26.381
 91    24.341 55400.09596447 27.90 300.395519 -30.087627 26.381
 91    24.400 55400.09596511 30.61 300.394629 -30.084347 26.381
 91    24.800 55400.09596576 31.44 300.393739 -30.081067 26.381
 91    25.428 55400.09596640 36.79 300.392849 -30.077787 26.381
 92    24.492 55435.09596582 34.53 300.400713 -30.109678 36.211
 92    24.561 55435.09596646 28.86 300.399823 -30.106398 36.211
 92    24.481 55435.09596711 27.66 300.398935 -30.103120 40.836
 92    24.506 55435.09596775 32.74 300.398045 -30.099840 40.836
 92    24.514 55435.09596840 38.05 300.397155 -30.096560 40.836
 92    24.613 55435.09596904 41.92 300.396265 -30.093280 40.836
 92    24.573 55435.09596968 43.82 300.395375 -30.090000 40.836
 92    24.661 55435.09597033 37.84 300.394485 -30.086720 40.836
 92    24.675 55435.09597097 34.20 300.393595 -30.083450 40.836
 92    24.722 55435.09597162 33.59 300.392705 -30.080170 40.836
 93    24.132 55470.09591830 37.66 300.398644 -30.116771 44.801
 93    24.136 55470.09591894 41.63 300.397754 -30.113501 44.801
 93    24.170 55470.09591959 41.47 300.396864 -30.110221 44.801
 93    24.142 55470.09592023 37.18 300.395974 -30.106941 44.801
 93    24.131 55470.09592087 38.59 300.395084 -30.103661 44.801
 93    24.126 55470.09592152 41.03 300.394194 -30.100380 44.742
 93    24.166 55470.09592216 42.28 300.393314 -30.097100 44.742
 93    24.266 55470.09592281 45.77 300.392424 -30.093820 44.742
 93    24.239 55470.09592345 44.47 300.391534 -30.090540 44.742
 93    24.258 55470.09592410 42.00 300.390644 -30.087270 44.742
 93    24.296 55470.09592474 37.24 300.389754 -30.083990 44.742
 93    24.410 55470.09592539 48.29 300.388864 -30.080710 44.742
