# NaN NaN NaN ;Mean Elev.(m), Avg Gradient(m/km), RMS Gradient(m/km) - SRTM1     
#   42.669  -0.508   3.769 ;Mean Elev.(m), Avg Gradient(m/km), RMS Gradient(m/km) - ASTER GDEM
#   47.546  -0.181   2.037 ;Mean Elev.(m), Avg Gradient(m/km), RMS Gradient(m/km) - GMTED2010 
  7 301.323561 -27.357925    29.407    29.285  6 52447.56739424 26.886
  8 301.334039 -27.349314    51.164    52.590 10 52482.56738174 23.777
  9 301.343676 -27.341458    48.617    48.613 11 52517.56733594 19.915
 10 301.326314 -27.356391    51.865    52.684  6 52552.56738861 17.151
 11 301.343523 -27.340133    48.307    48.154 12 52587.56736335 20.904
 12 301.340427 -27.344443    48.776    48.783 11 52622.56732660 36.620
 13 301.341252 -27.341105    47.788    47.908 12 52657.56733632 17.150
 15 301.339784 -27.345270    48.605    48.697 11 52727.56736173 23.819
 16 301.329119 -27.352996    47.036    47.053  8 52762.56737677 31.076
 17 301.342406 -27.341491    47.558    47.783 11 52797.56733958 15.115
 18 301.341814 -27.340917    46.783    47.197 12 52832.56741091 18.243
 19 301.346195 -27.338890    46.505    45.673 11 52867.56745324 17.512
 20 301.338395 -27.344076    46.265    45.887 12 52902.56747362 20.539
 21 301.341223 -27.341853    47.010    46.235 11 52937.56741196 16.353
 22 301.333381 -27.350114    48.801    48.867  9 52972.56744504 34.683
 23 301.330662 -27.352732    48.375    48.782  9 53007.56745557 25.296
 24 301.330210 -27.351978    46.217    46.189  9 53042.56741100 20.209
 25 301.333031 -27.349794    45.775    45.808 10 53077.56744368 27.613
 26 301.325919 -27.356814    45.571    45.611  6 53112.56741512 26.796
 27 301.331969 -27.350725    46.595    46.562  9 53147.56745797 22.395
 28 301.344225 -27.340170    47.669    48.113 11 53182.56745753 27.235
 29 301.336319 -27.348013    47.506    47.553 11 53217.56748310 33.010
 30 301.336370 -27.347233    46.635    46.412 10 53252.56746083 16.794
 31 301.325071 -27.357537    45.917    45.914  5 53287.56746178 24.328
 32 301.346453 -27.340202    49.435    48.982 11 53322.56743398 22.496
 33 301.347475 -27.338785    48.459    48.667 11 53357.56739970 23.661
 34 301.332529 -27.350219    47.529    47.489  9 53392.56741708 28.030
 35 301.344816 -27.340237    47.089    46.936 12 53427.56740995 25.634
 36 301.338707 -27.344735    48.979    49.101 12 53462.56742750 23.148
 37 301.326669 -27.357282    46.562    46.434  6 53497.56750302 24.762
 38 301.343654 -27.340834    48.142    48.346 12 53532.56748068 18.987
 40 301.343469 -27.340226    45.398    45.422 12 53602.56744612 29.095
 41 301.330231 -27.351626    47.267    46.727  9 53637.56744660 19.971
 42 301.329894 -27.352477    47.806    47.608  9 53672.56746759 26.774
 43 301.347891 -27.339310    48.241    48.422 11 53707.56739619 17.096
 44 301.348264 -27.337846    46.577    46.585 11 53742.56730753 25.325
 45 301.343765 -27.340201    46.316    46.275 11 53777.56733381 22.958
 46 301.346278 -27.339442    48.829    48.777 10 53812.56730996 16.097
 47 301.331066 -27.351181    48.086    47.789  9 53847.56736632 23.579
 49 301.327334 -27.355800    46.123    46.196  7 53917.56744912 33.471
 50 301.326289 -27.356661    45.922    45.958  6 53952.56745390 21.051
 52 301.335790 -27.347888    48.581    49.034 11 54022.56743083 21.921
 53 301.346680 -27.338753    48.490    48.767 11 54057.56742130 19.260
 54 301.342127 -27.341421    47.808    48.029 11 54092.56740354 17.191
 55 301.335525 -27.347643    49.516    49.414 10 54127.56734002 27.581
 56 301.337082 -27.346753    51.153    50.407 11 54162.56737404 29.179
 57 301.335148 -27.349182    50.874    49.574 10 54197.56734267 24.506
 58 301.338396 -27.344322    47.925    47.744 12 54232.56738598 24.937
 59 301.339312 -27.344199    47.873    47.440 11 54267.56740492 22.398
 60 301.339430 -27.345362    47.727    47.714 11 54302.56740931 18.915
 61 301.341377 -27.340763    47.151    47.340 12 54337.56739436 23.616
 62 301.337492 -27.346226    48.264    48.713 10 54372.56734251 27.910
 63 301.338222 -27.344791    50.352    51.127 12 54407.56734079 25.242
 64 301.334922 -27.348433    46.224    46.284 10 54442.56730290 33.408
 65 301.339745 -27.343842    47.672    47.793 11 54477.56732944 13.325
 66 301.335619 -27.348355    46.570    46.519 11 54512.56731831 24.815
 67 301.339612 -27.345021    46.936    46.908 11 54547.56734313 24.511
 68 301.339263 -27.345410    47.457    47.475 11 54582.56731279 23.472
 69 301.339290 -27.343886    46.250    46.216 12 54617.56733389 23.145
 70 301.335824 -27.348704    47.915    47.138 10 54652.56734689 24.988
 71 301.339668 -27.344458    46.609    46.579 11 54687.56733600 18.106
 72 301.335587 -27.348490    46.518    46.467 10 54722.56729376 24.164
 73 301.338002 -27.344900    47.701    47.923 12 54757.56731235 21.206
 74 301.332859 -27.349777    47.247    47.248 10 54792.56728743 26.860
 75 301.337759 -27.346055    45.346    45.312 10 54827.56730978 29.335
 76 301.335910 -27.347860    46.360    45.735 11 54862.56728141 34.412
 77 301.337751 -27.344865    46.799    46.810 12 54897.56731004 23.904
 78 301.334744 -27.349829    46.328    46.372 10 54932.56727633 25.451
 79 301.338316 -27.344916    46.409    45.625 12 54967.56731056 20.778
 80 301.333756 -27.350551    47.255    46.445 10 55002.56733208 27.749
 81 301.340073 -27.343746    46.874    46.919 11 55037.56731652 24.829
 82 301.340710 -27.341632    46.723    46.721 12 55072.56730274 16.852
 83 301.334463 -27.348163    48.317    48.245 10 55107.56725048 30.881
 84 301.337335 -27.346897    49.504    49.603 11 55142.56725499 27.304
 85 301.335828 -27.346273    49.537    49.430 11 55177.56722079 30.700
 86 301.337580 -27.346791    49.872    49.909 11 55212.56724983 28.974
 87 301.336769 -27.345953    49.268    49.149 11 55247.56722302 30.313
 88 301.338367 -27.345685    49.316    49.436 10 55282.56724249 27.320
 89 301.336674 -27.347364    49.486    49.450 10 55317.56721204 28.758
 90 301.339124 -27.344276    49.021    48.869 12 55352.56721536 28.856
 91 301.333630 -27.349163    47.250    47.260 10 55387.56721249 22.644
 92 301.339695 -27.344461    47.778    48.146 11 55422.56723263 20.792
 93 301.341802 -27.340730    48.598    48.378 12 55457.56720552 21.343
