# NaN NaN NaN ;Mean Elev.(m), Avg Gradient(m/km), RMS Gradient(m/km) - SRTM1     
#   42.669  -0.508   3.769 ;Mean Elev.(m), Avg Gradient(m/km), RMS Gradient(m/km) - ASTER GDEM
#   47.546  -0.181   2.037 ;Mean Elev.(m), Avg Gradient(m/km), RMS Gradient(m/km) - GMTED2010 
  7    29.097 52447.56739263 33.16 301.325698 -27.349712 23.567
  7    28.761 52447.56739327 24.51 301.324848 -27.353002 23.567
  7    28.967 52447.56739392 20.13 301.323988 -27.356282 23.567
  7    29.449 52447.56739456 18.66 301.323138 -27.359572 23.567
  7    30.007 52447.56739521 19.02 301.322278 -27.362852 23.567
  7    30.159 52447.56739585 25.06 301.321418 -27.366132 23.567
  8    46.354 52482.56737691 29.73 301.340462 -27.324683 38.429
  8    46.492 52482.56737755 24.85 301.339602 -27.327973 38.429
  8    47.330 52482.56738013 18.58 301.336183 -27.341106 17.359
  8    48.288 52482.56738078 18.19 301.335323 -27.344386 17.359
  8    49.291 52482.56738142 18.48 301.334463 -27.347676 17.359
  8    51.541 52482.56738207 21.19 301.333613 -27.350956 17.359
  8    54.071 52482.56738271 21.20 301.332753 -27.354236 17.359
  8    55.030 52482.56738336 21.70 301.331903 -27.357526 17.359
  8    56.427 52482.56738400 24.01 301.331043 -27.360806 17.359
  8    56.810 52482.56738465 24.30 301.330183 -27.364086 17.359
  9    46.737 52517.56733272 17.32 301.347950 -27.325041 17.989
  9    46.377 52517.56733336 18.01 301.347100 -27.328321 17.989
  9    46.420 52517.56733401 19.15 301.346240 -27.331601 17.989
  9    46.541 52517.56733465 18.27 301.345390 -27.334891 17.989
  9    46.388 52517.56733530 20.44 301.344530 -27.338171 17.989
  9    49.037 52517.56733594 16.05 301.343680 -27.341461 17.989
  9    50.049 52517.56733659 15.92 301.342820 -27.344741 17.989
  9    50.808 52517.56733723 17.06 301.341960 -27.348021 17.989
  9    50.296 52517.56733787 20.64 301.341110 -27.351311 17.989
  9    50.846 52517.56733852 22.84 301.340250 -27.354591 17.989
  9    51.290 52517.56733916 24.20 301.339400 -27.357871 17.989
 10    49.180 52552.56738700 13.45 301.328456 -27.348182 14.719
 10    53.162 52552.56738764 13.43 301.327596 -27.351462 14.719
 10    48.501 52552.56738829 16.92 301.326746 -27.354752 14.719
 10    55.153 52552.56738893 13.18 301.325886 -27.358032 14.719
 10    49.008 52552.56738958 18.46 301.325026 -27.361312 14.719
 10    56.187 52552.56739022 21.04 301.324176 -27.364602 14.719
 11    47.118 52587.56735981 29.25 301.348230 -27.322074 42.049
 11    46.642 52587.56736045 21.97 301.347380 -27.325354 42.049
 11    46.546 52587.56736110 18.37 301.346520 -27.328644 42.049
 11    46.431 52587.56736174 17.09 301.345662 -27.331918 14.025
 11    46.760 52587.56736239 16.60 301.344812 -27.335208 14.025
 11    46.858 52587.56736303 15.24 301.343952 -27.338488 14.025
 11    47.034 52587.56736367 15.58 301.343092 -27.341778 14.025
 11    48.817 52587.56736432 14.55 301.342242 -27.345058 14.025
 11    49.777 52587.56736496 14.23 301.341382 -27.348338 14.025
 11    50.489 52587.56736561 15.96 301.340532 -27.351628 14.025
 11    51.489 52587.56736625 16.96 301.339672 -27.354908 14.025
 11    51.728 52587.56736690 19.99 301.338812 -27.358188 14.025
 12    48.808 52622.56732274 32.82 301.345563 -27.324738 37.526
 12    48.890 52622.56732338 31.72 301.344703 -27.328028 37.526
 12    48.950 52622.56732467 37.38 301.342990 -27.334593 24.479
 12    48.864 52622.56732531 37.68 301.342140 -27.337873 24.479
 12    48.739 52622.56732596 38.26 301.341280 -27.341163 24.479
 12    48.730 52622.56732660 39.51 301.340430 -27.344443 24.479
 12    48.746 52622.56732725 40.59 301.339570 -27.347723 24.479
 12    48.760 52622.56732789 35.27 301.338720 -27.351013 24.479
 12    48.674 52622.56732854 31.88 301.337860 -27.354293 24.479
 12    48.704 52622.56732918 29.07 301.337000 -27.357573 24.479
 12    48.677 52622.56732983 34.74 301.336150 -27.360863 24.479
 13    47.268 52657.56733278 23.92 301.345958 -27.323043 25.795
 13    46.920 52657.56733342 18.27 301.345108 -27.326333 25.795
 13    46.614 52657.56733406 17.05 301.344248 -27.329613 25.795
 13    46.363 52657.56733471 16.53 301.343388 -27.332893 25.795
 13    46.410 52657.56733535 15.18 301.342538 -27.336183 25.795
 13    46.335 52657.56733600 15.25 301.341678 -27.339463 25.795
 13    46.499 52657.56733664 13.46 301.340828 -27.342743 25.795
 13    48.013 52657.56733729 13.71 301.339968 -27.346033 25.795
 13    49.024 52657.56733793 13.74 301.339108 -27.349313 25.795
 13    49.677 52657.56733858 13.12 301.338258 -27.352593 25.795
 13    49.916 52657.56733922 13.87 301.337401 -27.355876 14.112
 13    50.410 52657.56733987 15.12 301.336541 -27.359166 14.112
 15    48.048 52727.56735786 24.21 301.344920 -27.325566  9.292
 15    47.731 52727.56735851 19.86 301.344060 -27.328856  9.292
 15    47.848 52727.56735980 19.35 301.342350 -27.335416  9.292
 15    48.113 52727.56736044 24.05 301.341500 -27.338706  9.292
 15    48.504 52727.56736109 20.18 301.340640 -27.341986  9.292
 15    47.970 52727.56736173 17.84 301.339780 -27.345266  9.292
 15    48.762 52727.56736238 17.74 301.338930 -27.348556  9.292
 15    49.514 52727.56736302 17.49 301.338070 -27.351836  9.292
 15    50.076 52727.56736367 16.78 301.337220 -27.355126  9.292
 15    50.430 52727.56736431 17.38 301.336360 -27.358406  9.292
 15    47.658 52727.56736495 31.95 301.335500 -27.361686  9.292
 16    47.099 52762.56737129 26.71 301.336390 -27.325086 14.793
 16    46.938 52762.56737193 26.15 301.335540 -27.328366 14.793
 16    47.162 52762.56737580 29.04 301.330400 -27.348066 14.793
 16    46.905 52762.56737644 30.26 301.329550 -27.351356 14.793
 16    46.971 52762.56737709 29.75 301.328690 -27.354636 14.793
 16    47.091 52762.56737773 37.09 301.327840 -27.357926 14.793
 16    47.013 52762.56737838 26.72 301.326980 -27.361206 14.793
 16    47.107 52762.56737902 29.89 301.326120 -27.364486 14.793
 17    46.850 52797.56733635 17.53 301.346689 -27.325074 19.527
 17    46.373 52797.56733700 15.53 301.345829 -27.328354 19.527
 17    46.307 52797.56733764 15.03 301.344979 -27.331644 19.527
 17    46.340 52797.56733829 17.71 301.344119 -27.334924 19.527
 17    46.206 52797.56733893 15.14 301.343259 -27.338204 19.527
 17    46.071 52797.56733958 12.87 301.342409 -27.341494 19.527
 17    45.875 52797.56734022 14.72 301.341549 -27.344774 19.527
 17    49.190 52797.56734087 12.38 301.340689 -27.348054 19.527
 17    49.693 52797.56734151 12.21 301.339839 -27.351344 19.527
 17    49.995 52797.56734216 13.60 301.338979 -27.354624 19.527
 17    50.237 52797.56734280 15.50 301.338119 -27.357904 19.527
 18    45.946 52832.56740737 22.46 301.346522 -27.322855 24.643
 18    45.852 52832.56740801 21.04 301.345672 -27.326145 24.643
 18    45.531 52832.56740866 21.09 301.344812 -27.329425 24.643
 18    45.826 52832.56740930 19.83 301.343952 -27.332705 24.643
 18    46.110 52832.56740994 18.66 301.343102 -27.335995 24.643
 18    45.882 52832.56741059 17.99 301.342242 -27.339275 24.643
 18    45.709 52832.56741123 15.05 301.341382 -27.342555 24.643
 18    45.575 52832.56741188 14.71 301.340532 -27.345845 24.643
 18    45.722 52832.56741252 13.07 301.339672 -27.349125 24.643
 18    49.153 52832.56741317 13.00 301.338812 -27.352405 24.643
 18    49.879 52832.56741381 12.52 301.337959 -27.355697 13.118
 18    50.216 52832.56741446 12.25 301.337099 -27.358977 13.118
 19    46.182 52867.56745002 20.51 301.350481 -27.322471 39.733
 19    45.593 52867.56745066 18.46 301.349621 -27.325761 39.733
 19    45.394 52867.56745131 17.13 301.348759 -27.329035  9.190
 19    45.746 52867.56745195 15.78 301.347909 -27.332325  9.190
 19    45.892 52867.56745260 18.97 301.347049 -27.335605  9.190
 19    45.670 52867.56745324 19.27 301.346199 -27.338895  9.190
 19    45.540 52867.56745389 15.75 301.345339 -27.342175  9.190
 19    45.630 52867.56745453 15.63 301.344479 -27.345455  9.190
 19    45.603 52867.56745518 14.66 301.343629 -27.348745  9.190
 19    50.033 52867.56745582 14.63 301.342769 -27.352025  9.190
 19    50.272 52867.56745647 17.19 301.341909 -27.355305  9.190
 20    46.166 52902.56746943 29.14 301.343954 -27.322734 10.320
 20    45.986 52902.56747008 22.27 301.343104 -27.326014 10.320
 20    46.170 52902.56747072 20.99 301.342244 -27.329304 10.320
 20    45.895 52902.56747201 17.92 301.340534 -27.335864 10.320
 20    45.811 52902.56747266 14.78 301.339684 -27.339154 10.320
 20    45.553 52902.56747330 14.27 301.338824 -27.342434 10.320
 20    45.388 52902.56747395 14.21 301.337964 -27.345714 10.320
 20    45.674 52902.56747459 13.93 301.337114 -27.349004 10.320
 20    45.843 52902.56747524 12.40 301.336254 -27.352284 10.320
 20    45.932 52902.56747588 12.15 301.335404 -27.355574 10.320
 20    49.455 52902.56747653 11.95 301.334544 -27.358854 10.320
 20    47.311 52902.56747717 13.94 301.333684 -27.362134 10.320
 21    46.290 52937.56740874 21.14 301.345503 -27.325431  6.831
 21    46.436 52937.56740938 18.80 301.344643 -27.328721  6.831
 21    46.664 52937.56741003 19.29 301.343793 -27.332001  6.831
 21    46.475 52937.56741067 15.01 301.342933 -27.335281  6.831
 21    46.233 52937.56741132 13.82 301.342083 -27.338571  6.831
 21    46.194 52937.56741196 13.50 301.341223 -27.341851  6.831
 21    46.138 52937.56741261 13.73 301.340363 -27.345141  6.831
 21    46.118 52937.56741325 13.80 301.339513 -27.348421  6.831
 21    46.201 52937.56741390 12.70 301.338653 -27.351701  6.831
 21    50.318 52937.56741454 12.95 301.337803 -27.354991  6.831
 21    50.044 52937.56741519 13.04 301.336943 -27.358271  6.831
 22    47.241 52972.56743988 44.11 301.340232 -27.323845 18.918
 22    46.912 52972.56744053 23.72 301.339372 -27.327125 18.918
 22    47.598 52972.56744375 15.60 301.335092 -27.343545 18.918
 22    48.512 52972.56744440 14.55 301.334242 -27.346835 18.918
 22    49.499 52972.56744504 15.28 301.333382 -27.350115 18.918
 22    49.839 52972.56744568 16.21 301.332522 -27.353395 18.918
 22    49.425 52972.56744633 21.38 301.331672 -27.356685 18.918
 22    50.295 52972.56744697 18.56 301.330812 -27.359965 18.918
 22    49.888 52972.56744762 20.33 301.329952 -27.363245 18.918
 23    47.259 53007.56745041 26.96 301.337513 -27.326463 19.143
 23    47.605 53007.56745105 23.37 301.336653 -27.329743 19.143
 23    47.978 53007.56745428 27.76 301.332373 -27.346163 19.143
 23    47.946 53007.56745492 22.71 301.331523 -27.349453 19.143
 23    48.782 53007.56745557 21.96 301.330663 -27.352733 19.143
 23    49.117 53007.56745621 24.62 301.329803 -27.356013 19.143
 23    49.602 53007.56745686 22.78 301.328953 -27.359303 19.143
 23    49.767 53007.56745750 21.58 301.328093 -27.362583 19.143
 23    47.318 53007.56745815 28.86 301.327233 -27.365863 19.143
 24    45.984 53042.56740585 22.63 301.337063 -27.325709 20.713
 24    45.760 53042.56740649 19.49 301.336203 -27.328989 20.713
 24    47.236 53042.56740971 17.32 301.331923 -27.345409 20.713
 24    46.425 53042.56741036 20.41 301.331063 -27.348699 20.713
 24    46.143 53042.56741100 22.52 301.330213 -27.351979 20.713
 24    46.250 53042.56741165 16.96 301.329353 -27.355259 20.713
 24    45.985 53042.56741229 16.18 301.328493 -27.358549 20.713
 24    45.876 53042.56741294 18.94 301.327643 -27.361829 20.713
 24    46.293 53042.56741358 22.05 301.326783 -27.365109 20.713
 25    45.851 53077.56743885 36.30 301.339451 -27.325164 21.106
 25    45.730 53077.56743949 21.98 301.338591 -27.328444 21.106
 25    45.438 53077.56744207 17.02 301.335171 -27.341584 21.106
 25    45.746 53077.56744272 17.31 301.334311 -27.344864 21.106
 25    45.877 53077.56744336 21.64 301.333461 -27.348154 21.106
 25    45.897 53077.56744401 25.19 301.332601 -27.351434 21.106
 25    45.826 53077.56744465 23.84 301.331751 -27.354724 21.106
 25    45.602 53077.56744529 22.59 301.330891 -27.358004 21.106
 25    45.795 53077.56744594 22.04 301.330031 -27.361284 21.106
 25    45.994 53077.56744658 22.64 301.329181 -27.364574 21.106
 26    45.669 53112.56741351 22.78 301.328061 -27.348604 17.854
 26    45.648 53112.56741415 27.16 301.327201 -27.351884 17.854
 26    45.623 53112.56741479 30.29 301.326351 -27.355174 17.854
 26    45.505 53112.56741544 26.70 301.325491 -27.358454 17.854
 26    45.349 53112.56741608 24.57 301.324631 -27.361744 17.854
 26    45.631 53112.56741673 25.27 301.323781 -27.365024 17.854
 27    46.839 53147.56745281 27.43 301.338814 -27.324452 18.575
 27    46.525 53147.56745346 19.30 301.337964 -27.327742 18.575
 27    46.381 53147.56745668 16.56 301.333684 -27.344162 18.575
 27    46.496 53147.56745733 15.85 301.332824 -27.347442 18.575
 27    46.516 53147.56745797 16.27 301.331964 -27.350722 18.575
 27    46.526 53147.56745862 18.38 301.331114 -27.354012 18.575
 27    46.798 53147.56745926 21.31 301.330254 -27.357292 18.575
 27    46.687 53147.56745990 22.28 301.329404 -27.360572 18.575
 27    46.584 53147.56746055 26.28 301.328545 -27.363864 13.592
 28    46.970 53182.56745431 25.68 301.348505 -27.323750 12.810
 28    46.975 53182.56745496 22.61 301.347645 -27.327040 12.810
 28    46.720 53182.56745560 22.92 301.346795 -27.330320 12.810
 28    46.421 53182.56745625 23.96 301.345935 -27.333600 12.810
 28    45.800 53182.56745689 26.42 301.345085 -27.336890 12.810
 28    45.971 53182.56745753 27.03 301.344225 -27.340170 12.810
 28    46.484 53182.56745818 26.48 301.343365 -27.343450 12.810
 28    49.067 53182.56745882 27.28 301.342515 -27.346740 12.810
 28    49.368 53182.56745947 30.15 301.341655 -27.350020 12.810
 28    49.971 53182.56746011 30.12 301.340805 -27.353310 12.810
 28    50.614 53182.56746076 29.23 301.339945 -27.356590 12.810
 29    47.653 53217.56747858 26.55 301.342313 -27.325028 13.735
 29    47.314 53217.56747923 26.29 301.341453 -27.328308 13.735
 29    47.472 53217.56748116 29.39 301.338883 -27.338158 13.735
 29    47.612 53217.56748181 30.58 301.338033 -27.341448 13.735
 29    47.630 53217.56748245 32.29 301.337173 -27.344728 13.735
 29    47.602 53217.56748310 34.52 301.336323 -27.348018 13.735
 29    47.507 53217.56748374 35.91 301.335463 -27.351298 13.735
 29    47.503 53217.56748438 33.99 301.334603 -27.354578 13.735
 29    47.253 53217.56748503 33.39 301.333753 -27.357868 13.735
 29    47.496 53217.56748567 35.45 301.332893 -27.361148 13.735
 29    47.526 53217.56748632 33.96 301.332043 -27.364428 13.735
 30    46.107 53252.56745664 17.59 301.341932 -27.325892 23.941
 30    46.307 53252.56745728 15.28 301.341072 -27.329172 23.941
 30    46.319 53252.56745921 13.07 301.338512 -27.339022 23.941
 30    46.501 53252.56745986 13.42 301.337652 -27.342312 23.941
 30    46.248 53252.56746050 16.08 301.336797 -27.345587 16.681
 30    46.070 53252.56746115 16.40 301.335947 -27.348877 16.681
 30    46.152 53252.56746179 15.85 301.335087 -27.352157 16.681
 30    49.075 53252.56746244 16.19 301.334227 -27.355447 16.681
 30    46.541 53252.56746308 19.32 301.333377 -27.358727 16.681
 30    47.024 53252.56746373 19.77 301.332517 -27.362007 16.681
 31    46.070 53287.56746049 21.40 301.326784 -27.350967 29.486
 31    45.980 53287.56746114 23.70 301.325924 -27.354247 29.486
 31    46.202 53287.56746178 22.16 301.325071 -27.357538 22.914
 31    45.576 53287.56746243 26.14 301.324211 -27.360818 22.914
 31    45.758 53287.56746307 26.09 301.323361 -27.364098 22.914
 32    48.208 53322.56743076 27.45 301.350733 -27.323782 23.684
 32    48.160 53322.56743140 23.47 301.349873 -27.327062 23.684
 32    47.810 53322.56743204 19.42 301.349023 -27.330352 23.684
 32    48.256 53322.56743269 17.52 301.348163 -27.333632 23.684
 32    48.307 53322.56743333 18.80 301.347313 -27.336922 23.684
 32    48.725 53322.56743398 18.00 301.346453 -27.340202 23.684
 32    49.246 53322.56743462 17.50 301.345593 -27.343482 23.684
 32    50.013 53322.56743527 18.02 301.344743 -27.346772 23.684
 32    53.740 53322.56743591 19.09 301.343883 -27.350052 23.684
 32    50.525 53322.56743656 23.30 301.343033 -27.353332 23.684
 32    50.794 53322.56743720 26.80 301.342173 -27.356622 23.684
 33    48.181 53357.56739648 31.48 301.351754 -27.322365 26.522
 33    47.756 53357.56739712 25.84 301.350894 -27.325645 26.522
 33    47.655 53357.56739777 19.78 301.350044 -27.328935 26.522
 33    47.398 53357.56739841 20.32 301.349184 -27.332215 26.522
 33    47.630 53357.56739906 18.18 301.348334 -27.335505 26.522
 33    47.592 53357.56739970 18.68 301.347474 -27.338785 26.522
 33    47.578 53357.56740035 19.64 301.346624 -27.342065 26.522
 33    48.869 53357.56740099 17.28 301.345764 -27.345355 26.522
 33    49.681 53357.56740164 17.24 301.344904 -27.348635 26.522
 33    50.202 53357.56740228 17.95 301.344054 -27.351915 26.522
 33    50.508 53357.56740293 22.12 301.343194 -27.355205 26.522
 34    47.805 53392.56741192 36.43 301.339383 -27.323952 24.446
 34    47.632 53392.56741257 21.87 301.338523 -27.327232 24.446
 34    47.510 53392.56741579 23.92 301.334243 -27.343652 24.446
 34    47.493 53392.56741644 20.36 301.333383 -27.346932 24.446
 34    47.378 53392.56741708 20.52 301.332533 -27.350222 24.446
 34    47.328 53392.56741773 20.76 301.331673 -27.353502 24.446
 34    47.687 53392.56741837 23.14 301.330813 -27.356782 24.446
 34    47.429 53392.56741901 20.65 301.329959 -27.360073 13.395
 34    47.502 53392.56741966 24.15 301.329099 -27.363353 13.395
 35    48.427 53427.56740641 34.26 301.349524 -27.322176 17.837
 35    48.037 53427.56740705 23.06 301.348664 -27.325456 17.837
 35    47.259 53427.56740770 22.03 301.347814 -27.328746 17.837
 35    46.889 53427.56740834 22.44 301.346954 -27.332026 17.837
 35    46.811 53427.56740899 21.83 301.346104 -27.335316 17.837
 35    46.763 53427.56740963 22.55 301.345244 -27.338596 17.837
 35    46.827 53427.56741028 22.28 301.344384 -27.341876 17.837
 35    46.692 53427.56741092 21.51 301.343534 -27.345166 17.837
 35    46.705 53427.56741156 20.87 301.342674 -27.348446 17.837
 35    46.759 53427.56741221 20.25 301.341824 -27.351726 17.837
 35    46.900 53427.56741285 19.59 301.340964 -27.355016 17.837
 35    46.997 53427.56741350 23.53 301.340104 -27.358296 17.837
 36    47.862 53462.56742331 21.34 301.344278 -27.323396 22.758
 36    47.144 53462.56742396 18.94 301.343418 -27.326676 22.758
 36    46.615 53462.56742460 18.37 301.342558 -27.329956 22.758
 36    47.530 53462.56742589 18.02 301.340848 -27.336526 22.758
 36    47.917 53462.56742654 19.49 301.339988 -27.339806 22.758
 36    48.830 53462.56742718 19.17 301.339138 -27.343096 22.758
 36    49.295 53462.56742783 20.33 301.338278 -27.346376 22.758
 36    49.858 53462.56742847 21.15 301.337418 -27.349656 22.758
 36    50.304 53462.56742911 23.62 301.336566 -27.352948 19.713
 36    50.611 53462.56742976 24.84 301.335706 -27.356228 19.713
 36    50.553 53462.56743040 28.09 301.334856 -27.359508 19.713
 36    51.234 53462.56743105 27.34 301.333996 -27.362798 19.713
 37    47.616 53497.56750141 19.71 301.328813 -27.349070 25.071
 37    46.530 53497.56750205 21.93 301.327953 -27.352360 25.071
 37    46.121 53497.56750270 27.64 301.327093 -27.355640 25.071
 37    46.346 53497.56750334 26.77 301.326243 -27.358920 25.071
 37    46.482 53497.56750399 23.75 301.325385 -27.362212 19.033
 37    46.274 53497.56750463 24.04 301.324525 -27.365492 19.033
 38    46.635 53532.56747714 22.36 301.348363 -27.322776 19.894
 38    46.411 53532.56747778 19.37 301.347503 -27.326056 19.894
 38    46.266 53532.56747842 18.38 301.346653 -27.329346 19.894
 38    45.966 53532.56747907 17.68 301.345793 -27.332626 19.894
 38    46.143 53532.56747971 17.63 301.344933 -27.335906 19.894
 38    46.587 53532.56748036 15.83 301.344083 -27.339196 19.894
 38    48.610 53532.56748100 14.76 301.343223 -27.342476 19.894
 38    49.267 53532.56748165 14.65 301.342373 -27.345756 19.894
 38    49.729 53532.56748229 15.37 301.341513 -27.349046 19.894
 38    50.466 53532.56748294 16.47 301.340653 -27.352326 19.894
 38    50.723 53532.56748358 20.67 301.339803 -27.355606 19.894
 38    50.899 53532.56748423 23.29 301.338949 -27.358898 24.368
 40    45.690 53602.56744257 28.24 301.348175 -27.322165 13.120
 40    45.619 53602.56744322 26.32 301.347315 -27.325445 13.120
 40    45.455 53602.56744386 26.02 301.346465 -27.328735 13.120
 40    45.346 53602.56744451 27.25 301.345605 -27.332015 13.120
 40    45.483 53602.56744515 27.19 301.344755 -27.335305 13.120
 40    45.576 53602.56744580 27.73 301.343895 -27.338585 13.120
 40    45.500 53602.56744644 28.92 301.343045 -27.341865 13.120
 40    45.376 53602.56744708 31.19 301.342185 -27.345155 13.120
 40    45.312 53602.56744773 31.56 301.341325 -27.348435 13.120
 40    45.304 53602.56744837 30.93 301.340475 -27.351715 13.120
 40    45.164 53602.56744902 29.98 301.339615 -27.355005 13.120
 40    44.944 53602.56744966 29.24 301.338765 -27.358285 13.120
 41    47.009 53637.56744144 16.67 301.337084 -27.325359 20.884
 41    46.552 53637.56744208 15.14 301.336224 -27.328639 20.884
 41    47.716 53637.56744531 13.88 301.331944 -27.345059 20.884
 41    48.681 53637.56744595 13.44 301.331084 -27.348339 20.884
 41    48.977 53637.56744660 13.47 301.330234 -27.351629 20.884
 41    46.624 53637.56744724 23.16 301.329374 -27.354909 20.884
 41    46.808 53637.56744788 20.23 301.328514 -27.358189 20.884
 41    46.448 53637.56744853 20.33 301.327661 -27.361480 20.142
 41    46.585 53637.56744917 25.13 301.326801 -27.364760 20.142
 42    47.064 53672.56746244 21.82 301.336746 -27.326210 25.925
 42    47.066 53672.56746308 19.57 301.335886 -27.329490 25.925
 42    47.549 53672.56746630 24.15 301.331606 -27.345910 25.925
 42    47.476 53672.56746695 21.60 301.330746 -27.349190 25.925
 42    47.460 53672.56746759 19.99 301.329896 -27.352480 25.925
 42    47.676 53672.56746824 22.48 301.329036 -27.355760 25.925
 42    49.184 53672.56746888 19.20 301.328186 -27.359050 25.925
 42    49.274 53672.56746953 19.58 301.327328 -27.362333 22.143
 42    47.509 53672.56747017 35.03 301.326468 -27.365613 22.143
 43    47.934 53707.56739297 23.17 301.352170 -27.322890 20.234
 43    47.633 53707.56739361 16.62 301.351310 -27.326170 20.234
 43    47.238 53707.56739426 15.21 301.350460 -27.329460 20.234
 43    46.525 53707.56739490 14.80 301.349600 -27.332740 20.234
 43    46.532 53707.56739555 13.78 301.348750 -27.336030 20.234
 43    46.507 53707.56739619 14.41 301.347890 -27.339310 20.234
 43    47.744 53707.56739683 13.96 301.347040 -27.342590 20.234
 43    49.647 53707.56739748 12.47 301.346180 -27.345880 20.234
 43    50.028 53707.56739812 13.42 301.345320 -27.349160 20.234
 43    50.468 53707.56739877 12.99 301.344470 -27.352450 20.234
 43    50.393 53707.56739941 20.45 301.343610 -27.355730 20.234
 44    47.415 53742.56730430 34.32 301.352538 -27.321429 17.861
 44    46.888 53742.56730495 21.31 301.351688 -27.324709 17.861
 44    46.621 53742.56730559 21.48 301.350828 -27.327989 17.861
 44    46.456 53742.56730624 20.15 301.349978 -27.331279 17.861
 44    45.873 53742.56730688 21.91 301.349118 -27.334559 17.861
 44    46.512 53742.56730753 19.84 301.348268 -27.337849 17.861
 44    46.408 53742.56730817 20.31 301.347408 -27.341129 17.861
 44    46.404 53742.56730882 20.02 301.346558 -27.344409 17.861
 44    46.634 53742.56730946 18.47 301.345698 -27.347699 17.861
 44    46.605 53742.56731011 17.94 301.344838 -27.350979 17.861
 44    46.526 53742.56731075 18.66 301.343988 -27.354259 17.861
 45    46.361 53777.56733059 23.41 301.348043 -27.323778 18.578
 45    46.326 53777.56733123 21.65 301.347193 -27.327068 18.578
 45    46.356 53777.56733188 22.62 301.346333 -27.330348 18.578
 45    46.314 53777.56733252 22.67 301.345483 -27.333638 18.578
 45    46.407 53777.56733317 23.07 301.344623 -27.336918 18.578
 45    46.475 53777.56733381 22.58 301.343763 -27.340198 18.578
 45    46.461 53777.56733446 23.22 301.342913 -27.343488 18.578
 45    46.412 53777.56733510 22.89 301.342053 -27.346768 18.578
 45    46.217 53777.56733575 23.28 301.341193 -27.350048 18.578
 45    46.084 53777.56733639 23.55 301.340343 -27.353338 18.578
 45    46.063 53777.56733704 23.28 301.339483 -27.356618 18.578
 46    47.074 53812.56730706 16.86 301.350127 -27.324669 16.292
 46    47.033 53812.56730771 14.38 301.349277 -27.327949 16.292
 46    47.168 53812.56730835 14.55 301.348417 -27.331229 16.292
 46    47.725 53812.56730900 13.57 301.347557 -27.334519 16.292
 46    48.562 53812.56730964 14.39 301.346707 -27.337799 16.292
 46    49.476 53812.56731029 13.49 301.345847 -27.341079 16.292
 46    50.076 53812.56731093 13.78 301.344997 -27.344369 16.292
 46    50.415 53812.56731158 15.00 301.344137 -27.347649 16.292
 46    50.287 53812.56731222 16.85 301.343287 -27.350939 16.292
 46    50.475 53812.56731287 21.01 301.342427 -27.354219 16.292
 47    47.459 53847.56736117 26.00 301.337912 -27.324908 23.844
 47    47.085 53847.56736181 23.69 301.337062 -27.328198 23.844
 47    47.229 53847.56736503 24.60 301.332782 -27.344618 23.844
 47    47.748 53847.56736568 19.38 301.331922 -27.347898 23.844
 47    48.556 53847.56736632 19.31 301.331062 -27.351178 23.844
 47    49.020 53847.56736697 19.94 301.330212 -27.354468 23.844
 47    47.591 53847.56736761 24.92 301.329352 -27.357748 23.844
 47    50.754 53847.56736826 19.65 301.328492 -27.361028 23.844
 47    47.333 53847.56736890 26.61 301.327642 -27.364318 23.844
 49    45.934 53917.56744396 25.29 301.334184 -27.329531 15.102
 49    46.105 53917.56744783 27.85 301.329044 -27.349231 15.102
 49    46.187 53917.56744847 30.01 301.328194 -27.352521 15.102
 49    46.149 53917.56744912 40.42 301.327334 -27.355801 15.102
 49    46.235 53917.56744976 30.12 301.326484 -27.359081 15.102
 49    45.953 53917.56745041 27.52 301.325624 -27.362371 15.102
 49    46.295 53917.56745105 30.04 301.324764 -27.365651 15.102
 50    45.632 53952.56745228 18.02 301.328429 -27.348452 19.653
 50    45.992 53952.56745293 18.51 301.327569 -27.351732 19.653
 50    45.969 53952.56745357 22.72 301.326719 -27.355022 19.653
 50    46.160 53952.56745422 20.66 301.325859 -27.358302 19.653
 50    45.877 53952.56745486 19.69 301.325009 -27.361582 19.653
 50    45.902 53952.56745551 23.68 301.324149 -27.364872 19.653
 52    46.700 54022.56742632 28.05 301.341780 -27.324898 20.744
 52    46.481 54022.56742697 22.61 301.340930 -27.328188 20.744
 52    46.436 54022.56742890 19.18 301.338360 -27.338038 20.744
 52    46.833 54022.56742954 18.56 301.337500 -27.341318 20.744
 52    47.517 54022.56743019 19.21 301.336650 -27.344608 20.744
 52    48.658 54022.56743083 19.53 301.335790 -27.347888 20.744
 52    49.649 54022.56743148 18.86 301.334930 -27.351168 20.744
 52    50.178 54022.56743212 18.69 301.334080 -27.354458 20.744
 52    50.443 54022.56743277 18.54 301.333220 -27.357738 20.744
 52    50.336 54022.56743341 21.73 301.332360 -27.361018 20.744
 52    51.162 54022.56743406 22.84 301.331510 -27.364308 20.744
 53    46.676 54057.56741808 21.90 301.350962 -27.322335 11.628
 53    46.596 54057.56741872 18.50 301.350102 -27.325615 11.628
 53    46.428 54057.56741937 18.20 301.349252 -27.328905 11.628
 53    46.463 54057.56742001 18.32 301.348392 -27.332185 11.628
 53    46.977 54057.56742066 18.16 301.347532 -27.335465 11.628
 53    48.009 54057.56742130 18.13 301.346682 -27.338755 11.628
 53    49.490 54057.56742195 18.59 301.345822 -27.342035 11.628
 53    50.065 54057.56742259 18.69 301.344972 -27.345325 11.628
 53    50.533 54057.56742324 18.84 301.344112 -27.348605 11.628
 53    50.939 54057.56742388 19.83 301.343252 -27.351885 11.628
 53    51.217 54057.56742453 20.74 301.342402 -27.355175 11.628
 54    46.721 54092.56740032 22.29 301.346403 -27.325008 12.096
 54    46.550 54092.56740097 19.08 301.345553 -27.328288 12.096
 54    46.211 54092.56740161 16.93 301.344693 -27.331568 12.096
 54    45.602 54092.56740225 17.54 301.343833 -27.334858 12.096
 54    46.411 54092.56740290 15.10 301.342983 -27.338138 12.096
 54    46.605 54092.56740354 16.55 301.342123 -27.341418 12.096
 54    46.696 54092.56740419 14.83 301.341273 -27.344708 12.096
 54    49.219 54092.56740483 14.56 301.340413 -27.347988 12.096
 54    49.848 54092.56740548 14.37 301.339563 -27.351278 12.096
 54    50.485 54092.56740612 14.37 301.338703 -27.354558 12.096
 54    51.541 54092.56740677 14.53 301.337853 -27.357838 12.096
 55    49.339 54127.56733583 24.71 301.341096 -27.326302 19.472
 55    49.249 54127.56733648 23.94 301.340236 -27.329582 19.472
 55    49.668 54127.56733841 35.33 301.337666 -27.339432 19.472
 55    49.410 54127.56733906 25.24 301.336816 -27.342722 19.472
 55    49.150 54127.56733970 24.24 301.335956 -27.346002 19.472
 55    49.122 54127.56734035 23.12 301.335096 -27.349282 19.472
 55    49.432 54127.56734099 22.91 301.334236 -27.352572 19.472
 55    49.437 54127.56734164 24.19 301.333386 -27.355852 19.472
 55    50.295 54127.56734228 22.94 301.332526 -27.359132 19.472
 55    50.052 54127.56734293 24.97 301.331666 -27.362422 19.472
 56    50.199 54162.56736953 35.03 301.343076 -27.323763 41.165
 56    49.857 54162.56737018 27.55 301.342216 -27.327053 41.165
 56    50.207 54162.56737211 31.88 301.339647 -27.336906 24.387
 56    50.105 54162.56737275 30.69 301.338797 -27.340186 24.387
 56    49.804 54162.56737340 26.33 301.337937 -27.343466 24.387
 56    49.713 54162.56737404 24.62 301.337087 -27.346756 24.387
 56    49.655 54162.56737469 25.35 301.336227 -27.350036 24.387
 56    50.008 54162.56737533 25.57 301.335367 -27.353316 24.387
 56    50.684 54162.56737598 24.63 301.334517 -27.356606 24.387
 56    55.983 54162.56737662 25.34 301.333657 -27.359886 24.387
 56    56.466 54162.56737727 27.66 301.332797 -27.363166 24.387
 57    48.051 54197.56733784 24.23 301.341570 -27.324553 35.790
 57    47.691 54197.56733848 20.54 301.340720 -27.327843 35.790
 57    48.320 54197.56734106 29.46 301.337293 -27.340977 19.095
 57    48.232 54197.56734171 24.20 301.336433 -27.344257 19.095
 57    49.002 54197.56734235 22.30 301.335573 -27.347537 19.095
 57    49.627 54197.56734299 22.04 301.334723 -27.350827 19.095
 57    50.008 54197.56734364 23.09 301.333863 -27.354107 19.095
 57    55.053 54197.56734428 23.05 301.333003 -27.357387 19.095
 57    56.054 54197.56734493 23.58 301.332153 -27.360677 19.095
 57    56.707 54197.56734557 25.25 301.331293 -27.363957 19.095
 58    48.022 54232.56738179 30.64 301.343959 -27.322978 35.623
 58    47.626 54232.56738244 26.45 301.343109 -27.326258 35.623
 58    47.226 54232.56738308 25.63 301.342249 -27.329548 35.623
 58    47.671 54232.56738437 22.74 301.340539 -27.336118 35.623
 58    48.207 54232.56738502 22.81 301.339675 -27.339401 11.693
 58    47.782 54232.56738566 19.78 301.338825 -27.342681 11.693
 58    47.478 54232.56738631 18.77 301.337965 -27.345961 11.693
 58    47.347 54232.56738695 18.17 301.337115 -27.349251 11.693
 58    48.759 54232.56738760 18.33 301.336255 -27.352531 11.693
 58    49.348 54232.56738824 17.90 301.335395 -27.355811 11.693
 58    47.840 54232.56738889 21.89 301.334545 -27.359101 11.693
 58    47.791 54232.56738953 29.42 301.333685 -27.362381 11.693
 59    47.987 54267.56740105 27.07 301.344450 -27.324495 37.857
 59    47.109 54267.56740170 25.25 301.343590 -27.327785 37.857
 59    47.456 54267.56740299 20.40 301.341880 -27.334345 37.857
 59    47.881 54267.56740363 20.52 301.341029 -27.337636 10.643
 59    47.965 54267.56740427 20.29 301.340169 -27.340916 10.643
 59    47.386 54267.56740492 18.04 301.339309 -27.344196 10.643
 59    47.206 54267.56740556 17.90 301.338459 -27.347486 10.643
 59    46.963 54267.56740621 18.32 301.337599 -27.350766 10.643
 59    49.569 54267.56740685 16.59 301.336739 -27.354046 10.643
 59    49.669 54267.56740750 17.82 301.335889 -27.357336 10.643
 59    47.409 54267.56740814 26.41 301.335029 -27.360616 10.643
 60    46.363 54302.56740544 23.58 301.344565 -27.325662 35.181
 60    46.312 54302.56740609 20.45 301.343715 -27.328942 35.181
 60    46.360 54302.56740738 20.11 301.341995 -27.335505  8.889
 60    46.865 54302.56740802 18.13 301.341145 -27.338795  8.889
 60    46.750 54302.56740866 19.71 301.340285 -27.342075  8.889
 60    46.638 54302.56740931 16.88 301.339435 -27.345365  8.889
 60    46.429 54302.56740995 16.93 301.338575 -27.348645  8.889
 60    49.488 54302.56741060 14.18 301.337715 -27.351925  8.889
 60    49.868 54302.56741124 14.22 301.336865 -27.355215  8.889
 60    50.086 54302.56741189 14.45 301.336005 -27.358495  8.889
 60    49.835 54302.56741253 18.93 301.335145 -27.361775  8.889
 61    47.203 54337.56739081 31.08 301.346081 -27.322701 37.518
 61    46.187 54337.56739146 27.39 301.345231 -27.325991 37.518
 61    46.197 54337.56739210 27.04 301.344371 -27.329271 37.518
 61    46.099 54337.56739275 21.11 301.343521 -27.332551 37.518
 61    46.204 54337.56739339 21.36 301.342661 -27.335841 37.518
 61    46.111 54337.56739404 15.76 301.341802 -27.339116  7.853
 61    46.403 54337.56739468 14.58 301.340952 -27.342406  7.853
 61    46.204 54337.56739533 13.41 301.340092 -27.345686  7.853
 61    46.050 54337.56739597 13.02 301.339242 -27.348976  7.853
 61    49.378 54337.56739662 12.44 301.338382 -27.352256  7.853
 61    49.574 54337.56739726 11.88 301.337522 -27.355536  7.853
 61    50.202 54337.56739791 11.83 301.336672 -27.358826  7.853
 62    45.987 54372.56733832 33.75 301.343055 -27.324882 37.532
 62    45.837 54372.56733896 35.37 301.342205 -27.328162 37.532
 62    46.004 54372.56734089 17.75 301.339635 -27.338012 37.532
 62    46.814 54372.56734154 16.09 301.338779 -27.341305 18.681
 62    47.655 54372.56734218 15.92 301.337919 -27.344585 18.681
 62    49.084 54372.56734283 14.83 301.337059 -27.347865 18.681
 62    49.964 54372.56734347 14.78 301.336209 -27.351155 18.681
 62    50.308 54372.56734412 15.80 301.335349 -27.354435 18.681
 62    50.543 54372.56734476 16.71 301.334489 -27.357715 18.681
 62    50.446 54372.56734541 19.08 301.333639 -27.361005 18.681
 63    46.485 54407.56733660 28.54 301.343786 -27.323448 30.773
 63    46.390 54407.56733724 25.23 301.342926 -27.326728 30.773
 63    46.488 54407.56733789 24.36 301.342076 -27.330018 30.773
 63    46.330 54407.56733918 23.50 301.340366 -27.336578 30.773
 63    47.326 54407.56733982 20.97 301.339506 -27.339868 30.773
 63    48.560 54407.56734046 20.77 301.338645 -27.343143 23.741
 63    49.325 54407.56734111 21.17 301.337795 -27.346433 23.741
 63    51.573 54407.56734175 21.86 301.336935 -27.349713 23.741
 63    53.978 54407.56734240 23.52 301.336085 -27.353003 23.741
 63    55.076 54407.56734304 24.57 301.335225 -27.356283 23.741
 63    55.898 54407.56734369 28.54 301.334365 -27.359563 23.741
 63    56.796 54407.56734433 28.53 301.333515 -27.362853 23.741
 64    46.417 54442.56729806 42.18 301.341346 -27.323805 39.826
 64    46.262 54442.56729871 35.37 301.340486 -27.327085 39.826
 64    45.857 54442.56730128 26.24 301.337064 -27.340228  9.549
 64    46.289 54442.56730193 23.98 301.336204 -27.343508  9.549
 64    46.388 54442.56730257 23.40 301.335354 -27.346788  9.549
 64    46.291 54442.56730322 22.02 301.334494 -27.350078  9.549
 64    46.192 54442.56730386 21.07 301.333634 -27.353358  9.549
 64    45.990 54442.56730451 21.84 301.332784 -27.356638  9.549
 64    46.273 54442.56730515 20.75 301.331924 -27.359928  9.549
 64    46.277 54442.56730580 27.05 301.331064 -27.363208  9.549
 65    46.674 54477.56732557 15.84 301.344885 -27.324142 14.716
 65    46.507 54477.56732622 13.38 301.344025 -27.327422 14.716
 65    46.424 54477.56732751 13.35 301.342315 -27.333992 14.716
 65    46.390 54477.56732815 13.03 301.341455 -27.337272 14.716
 65    46.680 54477.56732879 13.25 301.340605 -27.340562 14.716
 65    46.543 54477.56732944 13.45 301.339745 -27.343842 14.716
 65    46.550 54477.56733008 13.12 301.338885 -27.347122 14.716
 65    49.001 54477.56733073 13.15 301.338035 -27.350412 14.716
 65    49.420 54477.56733137 12.02 301.337175 -27.353692 14.716
 65    50.137 54477.56733202 11.89 301.336325 -27.356972 14.716
 65    50.073 54477.56733266 12.76 301.335465 -27.360262 14.716
 66    46.801 54512.56731380 29.69 301.341616 -27.325372 17.104
 66    46.688 54512.56731444 25.75 301.340756 -27.328652 17.104
 66    46.096 54512.56731638 24.27 301.338186 -27.338502 17.104
 66    46.552 54512.56731702 22.92 301.337336 -27.341792 17.104
 66    46.733 54512.56731767 21.74 301.336476 -27.345072 17.104
 66    46.625 54512.56731831 21.88 301.335616 -27.348352 17.104
 66    46.490 54512.56731895 22.13 301.334766 -27.351642 17.104
 66    46.442 54512.56731960 23.17 301.333906 -27.354922 17.104
 66    46.408 54512.56732024 23.02 301.333046 -27.358202 17.104
 66    46.686 54512.56732089 24.66 301.332196 -27.361492 17.104
 66    46.748 54512.56732153 25.98 301.331336 -27.364772 17.104
 67    47.099 54547.56733926 27.13 301.344744 -27.325314 12.132
 67    47.031 54547.56733991 24.84 301.343894 -27.328604 12.132
 67    46.554 54547.56734120 25.59 301.342174 -27.335174 12.132
 67    46.819 54547.56734184 24.72 301.341324 -27.338454 12.132
 67    46.887 54547.56734249 23.69 301.340464 -27.341734 12.132
 67    46.908 54547.56734313 23.99 301.339614 -27.345024 12.132
 67    46.972 54547.56734377 23.34 301.338754 -27.348304 12.132
 67    46.938 54547.56734442 22.81 301.337904 -27.351584 12.132
 67    46.766 54547.56734506 23.13 301.337044 -27.354874 12.132
 67    47.087 54547.56734571 23.23 301.336184 -27.358154 12.132
 67    47.236 54547.56734635 25.06 301.335334 -27.361444 12.132
 68    47.611 54582.56730893 18.38 301.344401 -27.325709 20.691
 68    47.254 54582.56730957 18.21 301.343541 -27.328989 20.691
 68    47.365 54582.56731086 13.86 301.341831 -27.335559 20.691
 68    47.329 54582.56731150 12.41 301.340971 -27.338839 20.691
 68    47.419 54582.56731215 14.48 301.340121 -27.342129 20.691
 68    47.386 54582.56731279 12.51 301.339261 -27.345409 20.691
 68    47.427 54582.56731344 12.36 301.338411 -27.348699 20.691
 68    47.248 54582.56731408 14.35 301.337551 -27.351979 20.691
 68    47.614 54582.56731473 15.17 301.336691 -27.355259 20.691
 68    47.681 54582.56731537 20.02 301.335841 -27.358549 20.691
 68    47.695 54582.56731602 33.11 301.334981 -27.361829 20.691
 69    46.310 54617.56732970 31.97 301.344854 -27.322544 27.734
 69    46.337 54617.56733034 24.50 301.343994 -27.325824 27.734
 69    46.347 54617.56733099 24.56 301.343144 -27.329114 27.734
 69    46.158 54617.56733228 16.30 301.341434 -27.335674 27.734
 69    46.166 54617.56733292 15.90 301.340574 -27.338964 27.734
 69    46.365 54617.56733357 15.50 301.339714 -27.342244 27.734
 69    46.347 54617.56733421 15.26 301.338864 -27.345524 27.734
 69    46.180 54617.56733485 14.92 301.338010 -27.348815 11.858
 69    46.045 54617.56733550 16.07 301.337150 -27.352095 11.858
 69    46.050 54617.56733614 15.69 301.336290 -27.355375 11.858
 69    46.152 54617.56733679 15.37 301.335440 -27.358665 11.858
 69    46.539 54617.56733743 16.09 301.334580 -27.361945 11.858
 70    46.701 54652.56734206 30.83 301.342245 -27.324077 19.654
 70    46.646 54652.56734270 32.09 301.341385 -27.327357 19.654
 70    46.653 54652.56734528 13.28 301.337965 -27.340497 19.654
 70    46.696 54652.56734593 13.48 301.337105 -27.343777 19.654
 70    48.665 54652.56734657 13.28 301.336255 -27.347067 19.654
 70    49.645 54652.56734722 12.39 301.335395 -27.350347 19.654
 70    50.163 54652.56734786 12.14 301.334535 -27.353627 19.654
 70    49.923 54652.56734850 13.73 301.333685 -27.356917 19.654
 70    46.662 54652.56734915 18.29 301.332825 -27.360197 19.654
 70    47.399 54652.56734979 21.32 301.331975 -27.363477 19.654
 71    46.660 54687.56733213 24.66 301.344808 -27.324757  9.658
 71    46.635 54687.56733277 18.66 301.343948 -27.328037  9.658
 71    46.470 54687.56733406 17.66 301.342238 -27.334607  9.658
 71    46.492 54687.56733471 15.61 301.341378 -27.337887  9.658
 71    46.408 54687.56733535 16.11 301.340528 -27.341177  9.658
 71    46.540 54687.56733600 15.91 301.339668 -27.344457  9.658
 71    46.553 54687.56733664 16.02 301.338808 -27.347737  9.658
 71    46.604 54687.56733729 14.78 301.337958 -27.351027  9.658
 71    46.688 54687.56733793 14.99 301.337098 -27.354307  9.658
 71    46.743 54687.56733858 13.99 301.336248 -27.357597  9.658
 71    46.909 54687.56733922 16.45 301.335388 -27.360877  9.658
 72    46.722 54722.56728892 32.91 301.342006 -27.323859 22.068
 72    46.611 54722.56728957 24.41 301.341156 -27.327149 22.068
 72    46.674 54722.56729215 15.01 301.337726 -27.340279 22.068
 72    46.863 54722.56729279 16.30 301.336876 -27.343569 22.068
 72    46.500 54722.56729344 17.16 301.336016 -27.346849 22.068
 72    46.305 54722.56729408 15.41 301.335156 -27.350129 22.068
 72    46.274 54722.56729473 14.62 301.334306 -27.353419 22.068
 72    46.353 54722.56729537 14.68 301.333446 -27.356699 22.068
 72    46.567 54722.56729602 15.69 301.332586 -27.359979 22.068
 72    46.315 54722.56729666 20.86 301.331736 -27.363269 22.068
 73    47.018 54757.56730816 25.64 301.343563 -27.323560 16.284
 73    46.771 54757.56730880 19.30 301.342713 -27.326840 16.284
 73    46.377 54757.56730945 20.39 301.341853 -27.330120 16.284
 73    45.540 54757.56731074 17.80 301.340143 -27.336690 16.284
 73    46.489 54757.56731138 15.41 301.339283 -27.339970 16.284
 73    46.970 54757.56731203 14.67 301.338433 -27.343260 16.284
 73    47.740 54757.56731267 13.61 301.337573 -27.346540 16.284
 73    48.956 54757.56731332 14.03 301.336723 -27.349830 16.284
 73    49.967 54757.56731396 13.61 301.335863 -27.353110 16.284
 73    50.058 54757.56731460 14.40 301.335003 -27.356390 16.284
 73    49.470 54757.56731525 20.94 301.334153 -27.359680 16.284
 73    47.062 54757.56731589 28.30 301.333293 -27.362960 16.284
 74    47.427 54792.56728259 35.98 301.339284 -27.325152 25.221
 74    46.846 54792.56728324 18.96 301.338424 -27.328432 25.221
 74    47.431 54792.56728581 20.66 301.335004 -27.341572 25.221
 74    47.328 54792.56728646 18.35 301.334144 -27.344852 25.221
 74    47.259 54792.56728710 17.19 301.333284 -27.348132 25.221
 74    47.983 54792.56728775 15.83 301.332434 -27.351422 25.221
 74    46.870 54792.56728839 17.18 301.331574 -27.354702 25.221
 74    47.075 54792.56728904 21.51 301.330714 -27.357982 25.221
 74    47.206 54792.56728968 20.73 301.329864 -27.361272 25.221
 74    47.041 54792.56729033 23.49 301.329004 -27.364552 25.221
 75    45.374 54827.56730559 35.26 301.343323 -27.324709 16.867
 75    45.326 54827.56730623 34.71 301.342463 -27.327999 16.867
 75    45.522 54827.56730817 32.73 301.339903 -27.337849 16.867
 75    45.456 54827.56730881 18.92 301.339043 -27.341129 16.867
 75    45.417 54827.56730946 18.02 301.338183 -27.344409 16.867
 75    45.307 54827.56731010 17.46 301.337333 -27.347699 16.867
 75    45.228 54827.56731074 17.00 301.336473 -27.350979 16.867
 75    45.070 54827.56731139 17.08 301.335623 -27.354269 16.867
 75    45.156 54827.56731203 16.93 301.334763 -27.357549 16.867
 75    45.606 54827.56731268 16.32 301.333903 -27.360829 16.867
 76    45.819 54862.56727689 35.82 301.341907 -27.324877 17.474
 76    45.804 54862.56727754 44.09 301.341047 -27.328157 17.474
 76    45.982 54862.56727947 23.64 301.338477 -27.338007 17.474
 76    45.690 54862.56728012 19.48 301.337627 -27.341297 17.474
 76    45.546 54862.56728076 19.87 301.336767 -27.344577 17.474
 76    45.642 54862.56728141 20.83 301.335907 -27.347857 17.474
 76    45.562 54862.56728205 19.93 301.335057 -27.351147 17.474
 76    45.606 54862.56728270 19.58 301.334197 -27.354427 17.474
 76    45.702 54862.56728334 18.44 301.333337 -27.357707 17.474
 76    49.336 54862.56728398 17.64 301.332487 -27.360997 17.474
 76    49.271 54862.56728463 17.75 301.331627 -27.364277 17.474
 77    47.203 54897.56730585 31.13 301.343312 -27.323525 12.134
 77    46.903 54897.56730650 22.75 301.342462 -27.326805 12.134
 77    46.642 54897.56730714 22.01 301.341602 -27.330085 12.134
 77    46.263 54897.56730843 22.76 301.339892 -27.336655 12.134
 77    46.569 54897.56730908 21.63 301.339032 -27.339935 12.134
 77    46.675 54897.56730972 21.74 301.338182 -27.343225 12.134
 77    46.828 54897.56731037 21.56 301.337322 -27.346505 12.134
 77    46.884 54897.56731101 21.13 301.336472 -27.349795 12.134
 77    46.690 54897.56731165 21.26 301.335612 -27.353075 12.134
 77    46.784 54897.56731230 21.22 301.334752 -27.356355 12.134
 77    47.031 54897.56731294 21.66 301.333902 -27.359645 12.134
 77    47.120 54897.56731359 21.29 301.333042 -27.362925 12.134
 78    46.524 54932.56727149 26.42 301.341163 -27.325198 22.250
 78    46.512 54932.56727213 34.53 301.340313 -27.328488 22.250
 78    45.957 54932.56727471 14.20 301.336883 -27.341618 22.250
 78    46.287 54932.56727536 13.22 301.336033 -27.344908 22.250
 78    46.241 54932.56727600 12.55 301.335173 -27.348188 22.250
 78    46.338 54932.56727665 11.89 301.334313 -27.351468 22.250
 78    46.341 54932.56727729 11.84 301.333463 -27.354758 22.250
 78    46.411 54932.56727794 11.19 301.332603 -27.358038 22.250
 78    46.361 54932.56727858 14.49 301.331743 -27.361318 22.250
 78    46.305 54932.56727923 19.76 301.330893 -27.364608 22.250
 79    45.735 54967.56730637 26.13 301.343879 -27.323569 13.254
 79    45.698 54967.56730701 25.20 301.343029 -27.326859 13.254
 79    45.654 54967.56730766 26.66 301.342169 -27.330139 13.254
 79    45.854 54967.56730895 19.74 301.340459 -27.336709 13.254
 79    45.849 54967.56730959 16.22 301.339599 -27.339989 13.254
 79    45.646 54967.56731024 12.24 301.338739 -27.343269 13.254
 79    45.567 54967.56731088 11.68 301.337889 -27.346559 13.254
 79    45.512 54967.56731153 11.50 301.337029 -27.349839 13.254
 79    45.487 54967.56731217 10.95 301.336179 -27.353129 13.254
 79    45.451 54967.56731281 11.03 301.335319 -27.356409 13.254
 79    45.565 54967.56731346 11.04 301.334459 -27.359689 13.254
 79    54.886 54967.56731410 10.43 301.333609 -27.362979 13.254
 80    46.084 55002.56732725 34.67 301.340180 -27.325926 22.916
 80    46.072 55002.56732789 34.33 301.339320 -27.329206 22.916
 80    45.695 55002.56733047 15.44 301.335900 -27.342346 22.916
 80    45.869 55002.56733111 14.38 301.335040 -27.345626 22.916
 80    48.626 55002.56733176 13.13 301.334180 -27.348906 22.916
 80    49.235 55002.56733240 12.32 301.333330 -27.352196 22.916
 80    49.251 55002.56733305 12.39 301.332470 -27.355476 22.916
 80    49.172 55002.56733369 12.96 301.331620 -27.358756 22.916
 80    46.613 55002.56733434 16.50 301.330760 -27.362046 22.916
 80    45.931 55002.56733498 21.22 301.329900 -27.365326 22.916
 81    47.061 55037.56731265 26.00 301.345213 -27.324047 13.970
 81    46.904 55037.56731330 24.89 301.344353 -27.327327 13.970
 81    46.604 55037.56731458 24.02 301.342643 -27.333897 13.970
 81    46.582 55037.56731523 24.17 301.341783 -27.337177 13.970
 81    46.738 55037.56731587 24.19 301.340923 -27.340457 13.970
 81    46.847 55037.56731652 23.36 301.340073 -27.343747 13.970
 81    46.956 55037.56731716 23.14 301.339213 -27.347027 13.970
 81    46.929 55037.56731781 24.58 301.338363 -27.350317 13.970
 81    46.934 55037.56731845 23.71 301.337503 -27.353597 13.970
 81    46.869 55037.56731910 23.56 301.336643 -27.356877 13.970
 81    47.189 55037.56731974 28.39 301.335793 -27.360167 13.970
 82    46.711 55072.56729920 24.60 301.345416 -27.323577  9.969
 82    46.758 55072.56729984 17.88 301.344556 -27.326857  9.969
 82    46.708 55072.56730049 14.61 301.343706 -27.330137  9.969
 82    46.574 55072.56730113 13.49 301.342846 -27.333427  9.969
 82    46.802 55072.56730178 13.81 301.341996 -27.336707  9.969
 82    46.765 55072.56730242 14.08 301.341136 -27.339987  9.969
 82    46.722 55072.56730307 14.23 301.340286 -27.343277  9.969
 82    46.672 55072.56730371 13.57 301.339426 -27.346557  9.969
 82    46.600 55072.56730435 13.10 301.338566 -27.349837  9.969
 82    46.560 55072.56730500 13.62 301.337716 -27.353127  9.969
 82    46.784 55072.56730564 11.49 301.336856 -27.356407  9.969
 82    47.016 55072.56730629 13.78 301.336006 -27.359697  9.969
 83    48.992 55107.56724564 39.56 301.340886 -27.323536 23.129
 83    48.457 55107.56724629 24.64 301.340026 -27.326816 23.129
 83    48.518 55107.56724887 33.34 301.336606 -27.339956 23.129
 83    48.303 55107.56724951 21.59 301.335746 -27.343236 23.129
 83    48.165 55107.56725016 17.44 301.334896 -27.346526 23.129
 83    48.146 55107.56725080 17.27 301.334036 -27.349806 23.129
 83    48.097 55107.56725145 17.13 301.333176 -27.353086 23.129
 83    48.252 55107.56725209 16.81 301.332326 -27.356376 23.129
 83    48.171 55107.56725274 18.81 301.331466 -27.359656 23.129
 83    48.071 55107.56725338 25.25 301.330606 -27.362936 23.129
 84    48.853 55142.56725048 27.94 301.343323 -27.323905 16.912
 84    48.622 55142.56725112 23.09 301.342473 -27.327195 16.912
 84    49.064 55142.56725306 34.19 301.339903 -27.337045 16.912
 84    49.094 55142.56725370 30.49 301.339043 -27.340325 16.912
 84    48.729 55142.56725435 23.21 301.338193 -27.343615 16.912
 84    48.752 55142.56725499 21.28 301.337333 -27.346895 16.912
 84    49.514 55142.56725564 19.80 301.336483 -27.350185 16.912
 84    50.121 55142.56725628 19.55 301.335623 -27.353465 16.912
 84    50.361 55142.56725692 20.96 301.334763 -27.356745 16.912
 84    50.935 55142.56725757 21.51 301.333913 -27.360035 16.912
 84    50.499 55142.56725821 27.38 301.333053 -27.363315 16.912
 85    49.444 55177.56721628 28.05 301.341825 -27.323290 22.896
 85    48.985 55177.56721692 25.30 301.340965 -27.326570 22.896
 85    49.231 55177.56721757 25.37 301.340105 -27.329850 22.896
 85    49.282 55177.56721950 39.26 301.337545 -27.339710 22.896
 85    48.994 55177.56722015 29.16 301.336685 -27.342990 22.896
 85    48.706 55177.56722079 25.92 301.335825 -27.346270 22.896
 85    48.780 55177.56722144 26.11 301.334975 -27.349560 22.896
 85    49.504 55177.56722208 26.06 301.334115 -27.352840 22.896
 85    50.109 55177.56722273 26.15 301.333255 -27.356120 22.896
 85    50.579 55177.56722337 24.59 301.332405 -27.359410 22.896
 85    51.290 55177.56722401 26.46 301.331545 -27.362690 22.896
 86    50.353 55212.56724532 32.77 301.343568 -27.323809 22.375
 86    49.980 55212.56724596 29.31 301.342718 -27.327089 22.375
 86    50.277 55212.56724790 32.53 301.340148 -27.336939 22.375
 86    50.155 55212.56724854 29.04 301.339288 -27.340219 22.375
 86    49.973 55212.56724918 26.70 301.338438 -27.343509 22.375
 86    49.827 55212.56724983 24.86 301.337578 -27.346789 22.375
 86    49.642 55212.56725047 25.22 301.336728 -27.350079 22.375
 86    49.493 55212.56725112 26.37 301.335868 -27.353359 22.375
 86    49.017 55212.56725176 28.68 301.335008 -27.356639 22.375
 86    49.765 55212.56725241 26.81 301.334158 -27.359929 22.375
 86    50.112 55212.56725305 27.71 301.333298 -27.363209 22.375
 87    49.665 55247.56721851 37.42 301.342764 -27.322968 30.178
 87    49.507 55247.56721916 29.12 301.341904 -27.326248 30.178
 87    49.465 55247.56721980 25.17 301.341054 -27.329538 30.178
 87    49.585 55247.56722173 35.36 301.338484 -27.339388 30.178
 87    49.316 55247.56722238 28.14 301.337624 -27.342668 30.178
 87    49.148 55247.56722302 24.78 301.336764 -27.345948 30.178
 87    49.005 55247.56722367 23.61 301.335914 -27.349238 30.178
 87    48.907 55247.56722431 22.85 301.335054 -27.352518 30.178
 87    48.439 55247.56722496 21.84 301.334204 -27.355808 30.178
 87    49.197 55247.56722560 20.07 301.333343 -27.359082 16.076
 87    49.713 55247.56722625 19.56 301.332483 -27.362372 16.076
 88    49.041 55282.56723830 33.70 301.343931 -27.324339 14.674
 88    48.785 55282.56723895 24.39 301.343071 -27.327619 14.674
 88    48.878 55282.56724088 31.65 301.340511 -27.337479 14.674
 88    48.646 55282.56724153 27.25 301.339651 -27.340759 14.674
 88    48.539 55282.56724217 24.30 301.338791 -27.344039 14.674
 88    48.716 55282.56724282 21.57 301.337941 -27.347329 14.674
 88    49.287 55282.56724346 20.01 301.337081 -27.350609 14.674
 88    49.994 55282.56724411 19.66 301.336231 -27.353899 14.674
 88    50.540 55282.56724475 19.20 301.335371 -27.357179 14.674
 88    50.736 55282.56724540 19.77 301.334511 -27.360459 14.674
 89    49.690 55317.56720785 32.31 301.342241 -27.326020 18.693
 89    49.648 55317.56720849 29.16 301.341381 -27.329300 18.693
 89    49.726 55317.56721043 34.14 301.338811 -27.339150 18.693
 89    49.547 55317.56721107 28.31 301.337961 -27.342440 18.693
 89    49.422 55317.56721172 26.03 301.337101 -27.345720 18.693
 89    49.388 55317.56721236 24.73 301.336251 -27.349010 18.693
 89    49.357 55317.56721300 24.74 301.335391 -27.352290 18.693
 89    49.358 55317.56721365 23.63 301.334531 -27.355570 18.693
 89    49.328 55317.56721429 24.06 301.333681 -27.358860 18.693
 89    49.398 55317.56721494 23.69 301.332821 -27.362140 18.693
 90    48.235 55352.56721117 37.57 301.344685 -27.322936 15.428
 90    47.731 55352.56721181 23.03 301.343835 -27.326216 15.428
 90    47.010 55352.56721245 21.42 301.342975 -27.329496 15.428
 90    47.726 55352.56721374 24.71 301.341265 -27.336066 15.428
 90    48.082 55352.56721439 24.29 301.340405 -27.339346 15.428
 90    48.049 55352.56721503 21.83 301.339555 -27.342636 15.428
 90    48.802 55352.56721568 18.80 301.338695 -27.345916 15.428
 90    49.596 55352.56721632 17.88 301.337845 -27.349206 15.428
 90    53.976 55352.56721697 17.83 301.336985 -27.352486 15.428
 90    50.629 55352.56721761 20.09 301.336125 -27.355766 15.428
 90    50.729 55352.56721826 22.14 301.335275 -27.359056 15.428
 90    47.682 55352.56721890 32.98 301.334415 -27.362336 15.428
 91    47.046 55387.56720766 24.01 301.340049 -27.324532 19.862
 91    46.710 55387.56720830 24.33 301.339199 -27.327822 19.862
 91    47.300 55387.56721088 26.12 301.335769 -27.340952 19.862
 91    47.217 55387.56721152 26.38 301.334919 -27.344242 19.862
 91    47.299 55387.56721217 18.32 301.334059 -27.347522 19.862
 91    48.465 55387.56721281 15.86 301.333199 -27.350802 19.862
 91    48.697 55387.56721346 16.66 301.332349 -27.354092 19.862
 91    46.462 55387.56721410 18.69 301.331489 -27.357372 19.862
 91    46.713 55387.56721475 20.54 301.330629 -27.360652 19.862
 91    46.595 55387.56721539 21.20 301.329779 -27.363942 19.862
 92    46.495 55422.56722876 26.11 301.344831 -27.324757  9.768
 92    46.539 55422.56722940 21.46 301.343971 -27.328047  9.768
 92    46.803 55422.56723069 21.56 301.342261 -27.334607  9.768
 92    46.792 55422.56723134 21.78 301.341411 -27.337897  9.768
 92    46.733 55422.56723198 20.38 301.340551 -27.341177  9.768
 92    46.541 55422.56723263 18.75 301.339691 -27.344457  9.768
 92    46.480 55422.56723327 17.35 301.338841 -27.347747  9.768
 92    48.787 55422.56723392 18.34 301.337981 -27.351027  9.768
 92    49.845 55422.56723456 17.63 301.337131 -27.354317  9.768
 92    50.164 55422.56723521 17.89 301.336271 -27.357597  9.768
 92    50.386 55422.56723585 17.14 301.335411 -27.360877  9.768
 93    47.111 55457.56720197 24.28 301.346508 -27.322675 13.561
 93    46.746 55457.56720262 19.99 301.345648 -27.325955 13.561
 93    46.540 55457.56720326 20.97 301.344798 -27.329235 13.561
 93    46.418 55457.56720391 26.15 301.343938 -27.332525 13.561
 93    46.742 55457.56720455 19.48 301.343088 -27.335805 13.561
 93    46.767 55457.56720519 18.69 301.342228 -27.339085 13.561
 93    47.567 55457.56720584 20.56 301.341378 -27.342375 13.561
 93    48.866 55457.56720648 19.60 301.340518 -27.345655 13.561
 93    50.160 55457.56720713 17.33 301.339658 -27.348935 13.561
 93    54.245 55457.56720777 18.22 301.338808 -27.352225 13.561
 93    50.741 55457.56720842 20.08 301.337948 -27.355505 13.561
 93    51.278 55457.56720906 21.46 301.337098 -27.358795 13.561
