-225359.367    28.564     0.00    2.42
-224983.556    28.183    -1.01    2.08
-224607.730    27.741    -1.18    1.80
-224231.889    27.386    -0.94    1.70
-223856.033    28.041     1.74    2.50
-223480.162    28.636     1.58    2.97
-223104.277    29.279     1.71    3.15
-222728.376    29.575     0.79    2.81
-222352.461    29.063    -1.36    2.46
-221976.531    28.647    -1.10    2.22
-221600.587    28.453    -0.52    2.18
-221224.627    28.252    -0.53    1.76
-220848.652    28.160    -0.24    1.72
-220472.663    28.564     1.07    2.05
-220096.659    28.355    -0.56    2.13
-219720.640    27.857    -1.33    2.20
-219344.606    27.819    -0.10    1.95
-218968.557    27.707    -0.30    1.99
-218592.494    27.493    -0.57    2.00
-218216.415    27.636     0.38    1.80
-217840.322    27.272    -0.97    2.43
-217464.213    26.892    -1.01    2.88
-217088.090    26.850    -0.11    3.09
-216711.952    27.088     0.63    3.02
-216335.799    27.311     0.59    2.56
-215959.631    27.136    -0.47    1.79
-215583.449    27.726     1.57    2.45
-215207.251    28.493     2.04    2.98
-214831.039    28.279    -0.57    3.40
-214454.811    28.368     0.24    3.52
-214078.569    28.485     0.31    3.37
-213702.312    29.033     1.46    3.47
-213326.040    28.863    -0.45    3.51
-212949.753    27.612    -3.32    3.17
-212573.451    26.299    -3.49    2.45
-212197.134    26.601     0.80    2.84
-211820.802    27.373     2.05    2.94
-211444.455    27.204    -0.45    2.60
-211068.093    27.161    -0.11    2.19
-210691.717    27.160    -0.00    1.84
-210315.325    26.993    -0.44    2.13
-209938.918    26.956    -0.10    2.34
-209562.497    27.227     0.72    2.34
-209186.060    27.161    -0.17    2.27
-208809.609    27.469     0.82    2.34
-208433.143    27.485     0.04    2.17
-208056.661    26.611    -2.32    1.95
-207680.165    25.636    -2.59    2.12
-207303.654    25.373    -0.70    2.67
-206927.127    24.999    -0.99    2.47
-206550.586    25.112     0.30    2.48
-206174.030    25.252     0.37    2.06
-205797.458    25.863     1.62    2.17
-205420.872    26.495     1.68    2.25
-205044.271    26.340    -0.41    2.27
-204667.655    26.861     1.38    2.80
-204291.023    26.834    -0.07    2.68
-203914.377    27.850     2.70    2.67
-203537.716    27.572    -0.74    2.53
-203161.040    27.249    -0.86    2.55
-202784.348    27.905     1.74    2.75
-202407.642    27.770    -0.36    2.62
-202030.921    27.564    -0.55    2.78
-201654.184    27.087    -1.27    3.07
-201277.433    25.772    -3.49    2.58
-200900.666    25.083    -1.83    2.08
-200523.885    24.469    -1.63    1.39
-200149.448    24.089    -1.01    1.15
-199775.627    24.112     0.06    1.12
-199401.792    24.469     0.96    1.36
-199027.942    24.444    -0.07    1.36
-198654.077    24.857     1.11    1.20
-198280.197    25.186     0.88    1.28
-197906.303    25.111    -0.20    1.44
-197532.393    25.017    -0.25    1.47
-197158.469    25.255     0.64    1.55
-196784.530    24.850    -1.08    1.71
-196410.576    24.787    -0.17    1.48
-196036.608    24.969     0.49    1.59
-195662.624    25.041     0.19    1.83
-195288.626    25.694     1.75    2.11
-194914.613    25.707     0.04    2.61
-194540.584    25.438    -0.72    2.73
-194166.542    24.578    -2.30    2.31
-193792.484    24.857     0.75    2.69
-193418.411    26.160     3.48    3.37
-193044.324    26.892     1.96    3.29
-192670.221    27.541     1.73    2.87
-192296.104    26.993    -1.46    2.74
-191921.972    25.803    -3.18    1.98
-191547.825    25.275    -1.41    1.70
-191173.663    25.517     0.65    2.20
-190799.487    25.541     0.06    2.29
-190425.295    26.088     1.46    2.84
-190051.089    26.326     0.64    2.80
-189676.867    26.453     0.34    2.67
-189302.631    25.850    -1.61    2.69
-188928.380    24.770    -2.89    2.72
-188554.114    23.861    -2.43    2.10
-188179.833    23.461    -1.07    1.64
-187805.537    23.264    -0.53    1.78
-187431.226    23.588     0.87    1.63
-187056.900    23.493    -0.25    1.85
-186682.559    23.601     0.29    1.83
-186308.204    23.438    -0.43    1.86
-185933.833    23.294    -0.39    1.84
-185559.448    23.363     0.19    1.83
-185185.048    24.111     2.00    2.15
-184810.632    24.231     0.32    1.83
-184436.202    23.795    -1.16    2.12
-184061.757    23.290    -1.35    2.18
-183687.297    23.318     0.07    2.17
-183312.821    23.346     0.08    2.58
-182938.331    23.863     1.38    2.54
-182563.826    24.647     2.09    2.38
-182189.306    24.787     0.37    2.66
-181814.771    24.694    -0.25    2.59
-181440.221    25.059     0.97    2.72
-181065.656    25.045    -0.04    2.59
-180691.076    24.636    -1.09    2.68
-180316.482    24.041    -1.59    2.63
-179941.872    22.868    -3.13    1.83
-179567.247    22.331    -1.43    1.31
-179192.607    21.931    -1.07    0.76
-178817.952    21.873    -0.16    0.64
-178443.282    21.660    -0.57    0.71
-178068.597    21.624    -0.09    0.77
-177693.897    21.350    -0.73    0.87
-177319.182    21.303    -0.13    0.85
-176944.453    21.361     0.16    0.86
-176569.708    21.322    -0.10    0.73
-176194.948    21.461     0.37    0.66
-175820.173    21.429    -0.09    1.01
-175445.383    21.564     0.36    1.50
-175070.578    21.636     0.19    1.66
-174695.757    21.850     0.57    1.97
-174320.922    22.113     0.70    1.88
-173946.072    22.185     0.19    1.86
-173571.207    22.453     0.72    2.43
-173196.327    22.898     1.19    2.43
-172821.431    23.461     1.50    2.47
-172446.521    23.996     1.43    2.52
-172071.595    23.683    -0.83    2.46
-171696.655    22.564    -2.98    2.30
-171321.699    21.965    -1.60    2.05
-170946.728    21.066    -2.40    1.65
-170571.743    20.647    -1.12    0.94
-170196.742    20.647     0.00    0.98
-169821.726    20.671     0.06    1.01
-169446.695    20.927     0.68    1.55
-169071.649    21.898     2.59    2.17
-168696.587    23.422     4.06    2.89
-168321.511    24.392     2.59    3.46
-167946.420    25.088     1.86    3.33
-167571.313    24.707    -1.02    3.50
-167196.192    24.749     0.11    3.35
-166821.055    24.541    -0.56    3.33
-166445.903    23.258    -3.42    2.87
-166070.736    22.803    -1.21    2.92
-165695.554    21.550    -3.34    2.40
-165320.356    21.541    -0.03    2.58
-164945.144    21.350    -0.51    2.71
-164569.917    20.672    -1.81    2.18
-164194.674    20.207    -1.24    1.42
-163819.416    20.854     1.72    2.91
-163444.143    21.275     1.12    3.53
-163068.855    22.422     3.05    3.49
-162693.552    22.950     1.41    3.59
-162318.233    23.112     0.43    3.11
-161942.900    22.688    -1.13    2.91
-161567.551    21.886    -2.14    2.68
-161192.187    20.794    -2.91    1.61
-160816.808    20.380    -1.10    1.61
-160441.413    20.229    -0.40    1.62
-160066.004    19.843    -1.03    1.38
-159690.579    20.477     1.69    1.99
-159315.139    21.033     1.48    2.25
-158939.684    20.818    -0.57    2.09
-158564.214    21.903     2.89    2.54
-158188.729    22.671     2.04    2.75
-157813.228    23.204     1.42    2.86
-157437.712    23.767     1.50    3.19
-157062.181    23.477    -0.77    3.34
-156686.635    24.111     1.69    3.56
-156311.073    24.522     1.10    3.30
-155935.496    24.803     0.75    3.50
-155559.904    25.238     1.16    3.30
-155184.297    24.999    -0.64    3.36
-154808.675    24.085    -2.44    3.49
-154433.037    22.850    -3.29    3.73
-154057.384    20.927    -5.12    2.49
-153681.716    19.993    -2.48    1.57
-153306.033    19.522    -1.25    1.02
-152930.334    19.531     0.02    0.95
-152554.620    19.204    -0.87    1.11
-152178.891    19.136    -0.18    1.15
-151803.146    19.136     0.00    1.21
-151427.387    18.996    -0.37    1.28
-151051.612    19.341     0.92    1.03
-150675.821    19.068    -0.73    0.90
-150300.016    18.986    -0.22    1.00
-149924.195    18.493    -1.31    1.23
-149548.359    18.279    -0.57    1.12
-149172.508    18.453     0.46    1.31
-148796.641    18.704     0.67    1.34
-148420.759    19.187     1.29    1.21
-148044.862    19.207     0.05    1.28
-147668.949    19.392     0.49    1.63
-147293.021    19.707     0.84    1.70
-146917.078    19.469    -0.63    1.80
-146541.119    19.341    -0.34    1.63
-146165.146    19.159    -0.48    1.75
-145789.156    19.386     0.60    1.92
-145413.152    18.993    -1.04    2.08
-145037.132    18.564    -1.14    2.04
-144661.097    18.526    -0.10    2.12
-144285.046    18.326    -0.53    1.78
-143908.980    18.307    -0.05    1.43
-143532.899    18.206    -0.27    1.33
-143156.803    18.636     1.14    1.61
-142780.691    19.231     1.58    2.31
-142404.564    19.299     0.18    2.33
-142028.421    19.554     0.68    2.26
-141652.263    19.636     0.22    2.41
-141276.090    19.374    -0.70    2.59
-140899.901    18.624    -1.99    2.47
-140523.697    17.850    -2.06    1.94
-140147.477    17.694    -0.41    1.26
-139771.242    18.779     2.88    2.45
-139394.992    19.624     2.25    2.51
-139018.726    20.279     1.74    2.53
-138642.445    19.996    -0.75    2.95
-138266.149    19.588    -1.08    2.51
-137889.837    19.415    -0.46    2.40
-137513.510    19.159    -0.68    2.15
-137137.167    18.850    -0.82    1.98
-136760.809    18.233    -1.64    1.76
-136384.436    17.898    -0.89    1.30
-136008.047    17.671    -0.60    1.30
-135631.642    17.554    -0.31    1.31
-135255.223    17.564     0.03    1.45
-134878.787    17.731     0.44    1.50
-134502.337    18.683     2.53    2.23
-134125.871    19.020     0.89    2.24
-133749.389    18.485    -1.42    2.27
-133372.892    18.415    -0.19    2.22
-132996.380    18.066    -0.93    2.18
-132619.852    18.429     0.96    2.49
-132243.309    18.810     1.01    2.60
-131866.750    19.275     1.24    2.56
-131490.175    19.113    -0.43    2.61
-131113.586    19.020    -0.25    2.44
-130736.980    18.671    -0.93    2.38
-130360.360    18.493    -0.47    2.24
-129983.724    18.038    -1.21    2.06
-129607.072    17.578    -1.22    1.84
-129230.405    17.392    -0.49    1.76
-128853.722    17.136    -0.68    1.45
-128477.024    17.231     0.25    1.51
-128100.310    16.898    -0.88    1.32
-127723.581    16.578    -0.85    1.18
-127346.837    16.787     0.56    1.91
-126970.076    18.159     3.64    3.32
-126593.301    19.368     3.21    3.57
-126216.509    20.588     3.24    3.17
-125839.703    20.517    -0.19    2.85
-125463.622    20.017    -1.33    2.71
-125089.868    19.088    -2.48    2.69
-124716.098    18.422    -1.78    2.59
-124342.313    18.322    -0.27    2.55
-123968.512    18.020    -0.81    2.10
-123594.697    18.531     1.37    1.98
-123220.866    18.648     0.31    1.98
-122847.020    19.159     1.37    2.98
-122473.158    19.916     2.03    3.09
-122099.281    20.564     1.73    3.33
-121725.389    21.779     3.25    3.46
-121351.482    22.136     0.96    3.09
-120977.559    21.704    -1.15    3.43
-120603.621    20.674    -2.75    3.77
-120229.668    18.704    -5.27    3.35
-119855.699    16.819    -5.04    2.24
-119481.715    16.043    -2.07    1.80
-119107.716    16.647     1.62    2.66
-118733.701    18.059     3.77    3.30
-118359.671    19.909     4.94    3.36
-117985.626    21.444     4.10    2.57
-117611.565    21.834     1.04    2.45
-117237.490    21.624    -0.56    2.49
-116863.398    20.438    -3.17    3.14
-116489.292    19.318    -2.99    3.25
-116115.170    17.610    -4.57    2.75
-115741.032    17.068    -1.45    2.98
-115366.880    17.036    -0.09    3.05
-114992.711    17.659     1.66    3.29
-114618.528    18.517     2.29    3.10
-114244.329    19.061     1.45    3.11
-113870.115    19.545     1.29    2.81
-113495.885    19.399    -0.39    3.06
-113121.641    18.508    -2.38    3.37
-112747.380    17.299    -3.23    2.74
-112373.105    17.041    -0.69    2.55
-111998.813    17.612     1.53    2.67
-111624.507    17.264    -0.93    2.75
-111250.185    17.522     0.69    2.98
-110875.848    17.936     1.10    3.20
-110501.495    18.183     0.66    3.55
-110127.127    18.741     1.49    3.70
-109752.743    18.160    -1.55    3.53
-109378.344    17.601    -1.49    3.32
-109003.930    17.209    -1.05    3.17
-108629.500    17.064    -0.39    3.09
-108255.055    18.233     3.12    3.48
-107880.594    18.089    -0.38    3.39
-107506.118    17.374    -1.91    3.86
-107131.627    16.345    -2.75    4.16
-106757.120    15.299    -2.79    3.64
-106382.597    14.969    -0.88    3.77
-106008.059    14.993     0.06    3.52
-105633.506    15.227     0.62    3.40
-105258.937    14.898    -0.88    3.79
-104884.353    15.043     0.39    3.85
-104509.753    14.857    -0.50    3.68
-104135.138    15.064     0.55    3.95
-103760.507    15.779     1.91    4.18
-103385.861    15.445    -0.89    4.15
-103011.199    15.438    -0.02    4.22
-102636.522    15.252    -0.50    4.08
-102261.829    13.903    -3.60    2.92
-101887.121    13.671    -0.62    2.61
-101512.398    13.159    -1.37    2.46
-101137.658    12.422    -1.97    2.09
-100762.904    11.374    -2.80    2.05
-100388.134    11.880     1.35    3.17
-100013.348    11.672    -0.55    3.29
 -99638.547    11.088    -1.56    3.29
 -99263.730    11.954     2.31    3.86
 -98888.898    13.840     5.03    5.00
 -98514.050    15.207     3.65    5.67
 -98139.187    15.588     1.02    5.32
 -97764.308    15.064    -1.40    5.02
 -97389.414    13.731    -3.56    4.55
 -97014.504    12.183    -4.13    2.75
 -96639.578    12.233     0.13    3.20
 -96264.637    12.350     0.31    3.45
 -95889.681    12.036    -0.84    3.19
 -95514.708    11.531    -1.35    2.80
 -95139.721    10.916    -1.64    2.27
 -94764.717    10.392    -1.40    2.18
 -94389.699     9.588    -2.14    1.67
 -94014.664     8.986    -1.61    1.33
 -93639.614     9.386     1.07    2.29
 -93264.549    10.061     1.80    2.63
 -92889.468    10.231     0.45    2.66
 -92514.371    10.461     0.61    2.86
 -92139.258    11.113     1.74    2.92
 -91764.131    11.977     2.30    3.09
 -91388.987    12.623     1.72    2.91
 -91013.828    13.068     1.19    2.44
 -90638.653    12.624    -1.18    2.76
 -90263.463    12.554    -0.18    2.58
 -89888.257    12.275    -0.74    2.40
 -89513.035    13.236     2.56    3.22
 -89137.798    13.613     1.01    3.37
 -88762.545    13.059    -1.48    3.50
 -88387.277    12.066    -2.65    3.64
 -88011.993    11.345    -1.92    2.96
 -87636.693    11.717     0.99    2.74
 -87261.378    12.977     3.36    3.00
 -86886.046    13.688     1.90    3.42
 -86510.700    13.363    -0.87    3.90
 -86135.337    12.779    -1.56    3.73
 -85759.959    12.568    -0.56    3.61
 -85384.566    13.136     1.51    2.91
 -85009.156    13.905     2.05    2.64
 -84633.731    14.613     1.89    2.41
 -84258.291    14.264    -0.93    2.92
 -83882.834    12.422    -4.91    4.13
 -83507.362    10.531    -5.03    3.72
 -83131.875     9.731    -2.13    3.31
 -82756.371     9.022    -1.89    3.05
 -82380.852     9.346     0.86    2.98
 -82005.317     9.795     1.19    3.30
 -81629.767    10.601     2.15    3.83
 -81254.201    11.368     2.04    3.82
 -80878.619    11.717     0.93    3.67
 -80503.021    11.597    -0.32    3.42
 -80127.408    10.977    -1.65    3.05
 -79751.779    10.486    -1.31    2.74
 -79376.134    10.113    -0.99    2.99
 -79000.474     9.950    -0.43    3.11
 -78624.797     9.355    -1.58    2.36
 -78249.105     9.568     0.57    2.55
 -77873.398     9.751     0.49    2.20
 -77497.674    10.249     1.33    2.34
 -77121.935    10.671     1.12    2.37
 -76746.180    10.741     0.19    2.37
 -76370.410    12.255     4.03    3.46
 -75994.623    12.444     0.50    3.63
 -75618.821    12.704     0.69    3.41
 -75243.003    11.611    -2.91    3.75
 -74867.169     9.898    -4.56    3.58
 -74491.320     8.112    -4.75    2.11
 -74115.454     8.648     1.43    3.59
 -73739.573     9.022     1.00    3.93
 -73363.676     9.307     0.76    4.05
 -72987.764     8.993    -0.83    3.75
 -72611.835     8.160    -2.22    2.51
 -72235.891     7.517    -1.71    1.59
 -71859.931     7.207    -0.82    0.46
 -71483.955     7.586     1.01    1.80
 -71107.964     8.727     3.03    3.66
 -70731.956     9.586     2.28    3.95
 -70355.933    10.683     2.92    4.10
 -69979.894    12.368     4.48    4.44
 -69603.839    14.575     5.87    4.77
 -69227.768    17.508     7.80    3.63
 -68851.681    18.803     3.44    3.14
 -68475.579    19.445     1.71    1.69
 -68099.461    19.392    -0.14    1.22
 -67723.327    19.531     0.37    1.18
 -67347.177    19.850     0.85    1.42
 -66971.011    20.326     1.27    1.50
 -66594.829    20.874     1.46    1.42
 -66218.632    21.088     0.57    1.53
 -65842.418    21.461     0.99    1.60
 -65466.189    21.541     0.21    1.78
 -65089.944    21.612     0.19    1.78
 -64713.683    21.636     0.06    1.60
 -64337.406    21.398    -0.63    1.40
 -63961.113    22.068     1.78    1.98
 -63584.805    22.772     1.87    2.23
 -63208.480    22.755    -0.05    2.40
 -62832.140    23.612     2.28    2.50
 -62455.784    23.671     0.16    2.29
 -62079.411    23.445    -0.60    2.76
 -61703.023    22.660    -2.09    2.83
 -61326.619    22.345    -0.84    2.95
 -60950.199    22.182    -0.43    2.90
 -60573.764    23.694     4.02    3.59
 -60197.312    25.624     5.13    4.04
 -59820.844    26.564     2.50    3.46
 -59444.360    25.755    -2.15    3.97
 -59067.861    24.227    -4.06    4.59
 -58691.345    22.755    -3.91    3.78
 -58314.814    22.113    -1.70    3.50
 -57938.267    22.438     0.86    3.58
 -57561.703    24.136     4.51    3.99
 -57185.124    23.993    -0.38    4.05
 -56808.529    22.834    -3.08    4.73
 -56431.918    22.043    -2.10    4.48
 -56055.290    21.438    -1.61    3.31
 -55678.647    22.231     2.11    2.73
 -55301.988    23.064     2.21    2.15
 -54925.313    22.717    -0.92    2.22
 -54548.622    22.601    -0.31    2.20
 -54171.915    21.973    -1.67    2.13
 -53795.192    22.181     0.55    2.19
 -53418.453    22.764     1.55    2.35
 -53041.698    22.850     0.23    2.20
 -52664.927    23.136     0.76    2.10
 -52288.140    22.922    -0.57    2.10
 -51911.337    22.903    -0.05    1.78
 -51534.518    23.206     0.80    1.88
 -51157.683    22.922    -0.75    1.98
 -50780.832    22.612    -0.82    2.04
 -50406.170    22.136    -1.27    1.90
 -50032.466    21.903    -0.62    2.06
 -49658.747    21.717    -0.50    2.43
 -49285.012    20.568    -3.08    3.32
 -48911.261    18.927    -4.39    3.45
 -48537.494    16.275    -7.09    3.73
 -48163.711    13.660    -7.00    3.44
 -47789.913    13.279    -1.02    3.73
 -47416.099    14.741     3.91    5.06
 -47042.269    17.477     7.32    5.72
 -46668.424    20.660     8.51    4.36
 -46294.562    21.954     3.46    2.94
 -45920.685    22.303     0.93    2.33
 -45546.792    22.231    -0.19    1.94
 -45172.884    22.136    -0.25    2.00
 -44798.959    22.279     0.38    1.84
 -44425.019    22.517     0.64    1.68
 -44051.063    23.229     1.90    2.01
 -43677.091    23.299     0.19    2.08
 -43303.103    23.508     0.56    2.19
 -42929.100    23.461    -0.13    2.14
 -42555.080    22.749    -1.90    2.06
 -42181.045    22.965     0.58    1.95
 -41806.994    22.779    -0.50    1.92
 -41432.928    22.880     0.27    2.26
 -41058.845    22.874    -0.02    2.44
 -40684.746    22.431    -1.18    2.08
 -40310.632    22.751     0.86    2.23
 -39936.502    23.181     1.15    2.11
 -39562.356    22.892    -0.77    2.09
 -39188.194    22.554    -0.90    2.22
 -38814.016    22.624     0.19    2.51
 -38439.823    22.892     0.72    2.43
 -38065.613    23.181     0.77    2.01
 -37691.388    23.264     0.22    1.63
 -37317.147    22.863    -1.07    1.47
 -36942.890    22.671    -0.51    1.18
 -36568.617    22.764     0.25    1.13
 -36194.328    22.772     0.02    1.04
 -35820.023    22.751    -0.06    1.16
 -35445.703    22.749    -0.00    2.40
 -35071.366    22.879     0.35    3.58
 -34697.014    22.874    -0.01    3.84
 -34322.646    23.136     0.70    3.61
 -33948.261    23.231     0.25    2.62
 -33573.861    22.999    -0.62    1.34
 -33199.445    23.188     0.50    1.14
 -32825.013    23.590     1.07    0.95
 -32450.565    23.810     0.59    1.30
 -32076.102    23.999     0.51    1.36
 -31701.622    24.089     0.24    1.41
 -31327.126    23.879    -0.56    1.41
 -30952.615    23.886     0.02    1.24
 -30578.087    24.031     0.39    1.20
 -30203.544    24.275     0.65    1.64
 -29828.984    24.531     0.68    1.65
 -29454.409    24.415    -0.31    1.72
 -29079.818    24.275    -0.37    1.82
 -28705.210    23.982    -0.78    1.74
 -28330.587    23.704    -0.74    1.35
 -27955.948    23.336    -0.98    0.82
 -27581.293    23.469     0.36    0.95
 -27206.621    23.531     0.17    1.18
 -26831.934    23.404    -0.34    1.48
 -26457.231    23.340    -0.17    1.68
 -26082.512    23.526     0.50    1.56
 -25707.777    23.541     0.04    1.40
 -25333.026    24.064     1.40    1.35
 -24958.259    24.207     0.38    1.31
 -24583.476    24.279     0.19    1.46
 -24208.676    24.477     0.53    1.39
 -23833.861    24.386    -0.24    1.06
 -23459.030    24.411     0.07    1.04
 -23084.183    24.445     0.09    0.98
 -22709.320    24.409    -0.10    1.04
 -22334.441    24.326    -0.22    1.02
 -21959.545    24.345     0.05    1.01
 -21584.634    24.438     0.25    0.96
 -21209.707    24.368    -0.19    0.97
 -20834.763    24.350    -0.05    0.98
 -20459.804    24.229    -0.32    0.97
 -20084.828    24.206    -0.06    1.12
 -19709.837    24.159    -0.12    1.37
 -19334.829    23.880    -0.74    1.60
 -18959.806    23.612    -0.71    1.58
 -18584.766    23.340    -0.72    1.58
 -18209.710    22.927    -1.10    1.17
 -17834.638    22.880    -0.12    1.16
 -17459.550    22.857    -0.06    1.12
 -17084.446    23.089     0.62    1.23
 -16709.326    23.160     0.19    1.33
 -16334.190    23.207     0.13    1.85
 -15959.038    23.041    -0.44    1.65
 -15583.869    22.568    -1.26    1.15
 -15208.685    22.461    -0.28    1.17
 -14833.484    22.704     0.65    1.26
 -14458.268    22.810     0.28    1.23
 -14083.035    22.903     0.25    2.20
 -13707.786    21.886    -2.71    3.94
 -13332.521    19.624    -6.03    4.84
 -12957.240    16.438    -8.49    5.57
 -12581.942    12.363   -10.86    5.03
 -12206.629    11.834    -1.41    5.63
 -11831.299    13.392     4.15    6.61
 -11455.954    17.599    11.21    7.05
 -11080.592    22.255    12.40    4.12
 -10705.214    24.136     5.01    2.59
 -10329.820    24.508     0.99    2.31
  -9954.409    23.089    -3.78    3.50
  -9578.983    22.159    -2.48    3.41
  -9203.540    21.671    -1.30    3.22
  -8828.081    22.810     3.04    4.16
  -8452.606    22.880     0.19    6.21
  -8077.115    20.136    -7.31    9.69
  -7701.608    17.554    -6.87   11.22
  -7326.084    14.295    -8.68   11.75
  -6950.545    12.252    -5.44   11.32
  -6574.989    10.945    -3.48   11.13
  -6199.417     8.088    -7.61    9.39
  -5823.828     7.043    -2.78    8.02
  -5448.224     6.545    -1.33    6.42
  -5072.603     6.066    -1.27    7.22
  -4696.966     7.204     3.03    8.96
  -4321.313     5.454    -4.66    7.86
  -3945.644     5.017    -1.16    7.98
  -3569.958     5.787     2.05    8.95
  -3194.256     6.996     3.22    9.93
  -2818.538     8.601     4.27   10.93
  -2442.804     7.950    -1.73    9.77
  -2067.053     7.922    -0.08    9.22
  -1691.287     5.275    -7.04    7.24
  -1315.504     3.368    -5.07    5.43
   -939.704     2.588    -2.08    4.36
   -563.889     1.880    -1.88    3.64
   -188.057     1.758    -0.32    3.58
    187.791     1.045    -1.90    3.29
    563.655     1.303     0.69    4.76
    939.536     1.764     1.23    5.60
   1315.433     1.159    -1.61    4.42
   1691.346     0.969    -0.51    3.84
   2067.276     0.950    -0.05    4.24
   2443.221     1.017     0.18    4.31
   2819.183     0.204    -2.16    2.69
   3195.162    -0.399    -1.60    1.49
   3571.156    -0.585    -0.49    1.40
   3947.167     0.322     2.41    3.06
   4323.194     1.090     2.04    3.75
   4699.238     0.886    -0.54    3.38
   5075.298     0.255    -1.68    2.60
   5451.374    -0.166    -1.12    1.98
   5827.467    -0.578    -1.10    1.29
   6203.575    -0.531     0.13    1.52
   6579.701    -0.701    -0.45    1.07
   6955.842    -0.401     0.80    1.69
   7332.000     0.066     1.24    2.48
   7708.174     0.089     0.06    2.42
   8084.365     0.857     2.04    3.18
   8460.571     1.857     2.66    3.72
   8836.795     2.671     2.16    3.83
   9213.034     3.485     2.16    3.82
   9589.290     4.526     2.77    3.81
   9965.563     5.927     3.72    4.61
  10341.851     8.445     6.69    5.67
  10718.156    10.588     5.69    7.18
  11094.478    14.499    10.39    7.22
  11470.816    17.331     7.52    5.95
  11847.170    18.950     4.30    4.84
  12223.541    19.485     1.42    4.66
  12599.928    19.636     0.40    4.64
  12976.331    19.020    -1.64    4.63
  13352.751    17.578    -3.83    5.01
  13729.187    15.485    -5.56    5.25
  14105.640    13.517    -5.23    4.59
  14482.109    13.531     0.04    4.76
  14858.594    14.183     1.73    5.98
  15235.096    15.588     3.73    6.66
  15611.615    16.749     3.08    6.90
  15988.149    17.843     2.90    6.84
  16364.701    17.431    -1.09    6.70
  16741.268    16.207    -3.25    6.98
  17117.852    15.874    -0.89    7.16
  17494.453    14.973    -2.39    6.97
  17871.070    15.345     0.99    6.87
  18247.704    15.601     0.68    6.54
  18624.353    15.445    -0.41    6.38
  19001.020    15.903     1.22    6.65
  19377.703    15.445    -1.22    6.54
  19754.402    15.113    -0.88    7.00
  20131.118    14.950    -0.43    7.43
  20507.850    14.779    -0.45    7.62
  20884.599    14.113    -1.77    6.64
  21261.364    12.350    -4.68    5.87
  21638.146    10.660    -4.49    4.24
  22014.944     9.671    -2.62    2.65
  22391.759     9.322    -0.93    1.56
  22768.590    11.159     4.88    4.68
  23145.438    13.255     5.56    6.28
  23522.302    15.717     6.53    6.72
  23899.183    16.612     2.37    6.89
  24275.593    16.182    -1.14    7.04
  24649.230    14.903    -3.42    6.54
  25022.883    13.969    -2.50    6.12
  25396.552    14.818     2.27    6.15
  25770.238    13.779    -2.78    6.43
  26143.940    13.850     0.19    5.98
  26517.658    14.136     0.76    6.29
  26891.392    14.717     1.56    6.58
  27265.142    15.903     3.17    6.47
  27638.909    16.361     1.22    7.03
  28012.692    16.227    -0.36    6.85
  28386.491    15.011    -3.25    7.00
  28760.306    13.850    -3.11    6.82
  29134.138    12.368    -3.96    5.71
  29507.986    11.578    -2.12    5.32
  29881.850    11.999     1.13    5.86
  30255.731    11.486    -1.37    6.32
  30629.628    11.886     1.07    6.45
  31003.541    11.661    -0.60    6.09
  31377.471    11.624    -0.10    6.08
  31751.416    13.295     4.47    7.17
  32125.378    13.857     1.50    7.76
  32499.357    16.181     6.22    8.31
  32873.351    18.110     5.16    8.26
  33247.362    17.999    -0.29    8.28
  33621.390    17.731    -0.72    7.73
  33995.433    16.431    -3.48    7.25
  34369.493    13.461    -7.94    6.49
  34743.569    11.086    -6.35    5.78
  35117.662     8.681    -6.43    4.08
  35491.771     8.452    -0.61    3.91
  35865.896    10.795     6.26    5.46
  36240.038    14.299     9.36    6.42
  36614.196    17.409     8.31    6.25
  36988.370    19.578     5.80    4.71
  37362.561    20.854     3.41    3.68
  37736.768    21.113     0.69    3.88
  38110.991    21.686     1.53    4.18
  38485.231    23.136     3.87    4.41
  38859.487    24.159     2.73    3.76
  39233.760    25.182     2.73    2.82
  39608.049    25.749     1.52    1.77
  39982.354    25.674    -0.20    1.50
  40356.676    25.431    -0.65    1.52
  40731.014    25.183    -0.66    1.50
  41105.368    25.068    -0.31    1.15
  41479.739    24.863    -0.55    1.23
  41854.126    24.892     0.08    1.43
  42228.530    25.227     0.89    1.44
  42602.950    25.392     0.44    1.37
  42977.387    25.318    -0.20    1.43
  43351.840    25.322     0.01    1.30
  43726.309    25.415     0.25    1.35
  44100.795    25.350    -0.17    1.30
  44475.297    25.436     0.23    1.30
  44849.816    25.704     0.72    1.30
  45224.351    25.486    -0.58    1.10
  45598.902    25.681     0.52    1.44
  45973.471    25.717     0.10    1.42
  46348.055    25.826     0.29    1.57
  46722.656    25.874     0.13    1.61
  47097.273    26.286     1.10    1.94
  47471.907    27.068     2.09    2.27
  47846.557    27.868     2.14    2.12
  48221.224    28.255     1.03    2.03
  48595.908    28.795     1.44    2.02
  48970.607    29.207     1.10    2.13
  49345.324    29.299     0.24    2.13
  49720.056    29.922     1.66    1.83
  50094.806    29.694    -0.61    1.79
  50469.571    30.404     1.90    1.95
  50844.354    30.950     1.46    2.05
  51219.152    31.064     0.31    1.89
  51593.968    30.857    -0.55    2.47
  51968.799    30.415    -1.18    2.94
  52343.648    29.469    -2.52    3.56
  52718.512    28.431    -2.77    3.64
  53093.394    27.847    -1.56    3.29
  53468.292    27.834    -0.04    3.07
  53843.206    27.993     0.43    2.82
  54218.137    28.020     0.07    2.69
  54593.084    28.229     0.56    2.72
  54968.048    28.874     1.72    2.80
  55343.029    30.066     3.18    2.49
  55718.026    30.568     1.34    2.12
  56093.040    30.694     0.34    1.56
  56468.070    29.886    -2.15    1.91
  56843.117    29.415    -1.26    1.87
  57218.180    29.578     0.43    1.94
  57593.260    30.350     2.06    2.38
  57968.357    30.089    -0.70    2.83
  58343.470    29.249    -2.24    3.56
  58718.600    28.624    -1.67    3.72
  59093.746    27.903    -1.92    2.95
  59468.909    28.398     1.32    2.67
  59844.088    27.659    -1.97    3.02
  60219.285    27.204    -1.21    2.98
  60594.497    26.578    -1.67    3.12
  60969.727    26.159    -1.12    3.08
  61344.973    26.647     1.30    3.37
  61720.235    27.731     2.89    3.55
  62095.514    28.803     2.86    3.23
  62470.810    29.438     1.69    3.19
  62846.123    29.225    -0.57    3.03
  63221.452    28.299    -2.47    2.44
  63596.797    28.431     0.35    2.77
  63972.160    28.392    -0.11    2.25
  64347.539    27.996    -1.05    2.58
  64722.935    27.880    -0.31    2.52
  65098.347    27.601    -0.74    2.57
  65473.776    27.386    -0.57    2.31
  65849.222    26.795    -1.57    1.75
  66224.684    26.590    -0.54    2.19
  66600.163    26.041    -1.46    2.16
  66975.659    25.660    -1.01    2.13
  67351.171    25.314    -0.92    2.06
  67726.700    24.647    -1.77    1.70
  68102.246    24.113    -1.42    1.20
  68477.808    23.834    -0.74    0.89
  68853.387    24.043     0.56    0.89
  69228.983    24.350     0.82    1.00
  69604.596    24.810     1.23    1.17
  69980.225    24.931     0.32    1.17
  70355.871    25.090     0.42    1.28
  70731.534    24.931    -0.42    1.30
  71107.213    24.857    -0.20    1.26
  71482.909    24.578    -0.74    1.40
  71858.622    24.090    -1.30    1.35
  72234.352    23.909    -0.48    1.24
  72610.098    23.717    -0.51    1.16
  72985.861    23.508    -0.56    1.13
  73361.641    23.578     0.19    1.03
  73737.437    23.517    -0.16    0.88
  74113.251    23.810     0.78    0.99
  74489.081    24.069     0.69    1.05
  74864.928    24.252     0.49    1.29
  75240.791    24.613     0.96    1.25
  75616.672    24.903     0.77    1.15
  75992.569    24.950     0.12    1.35
  76368.483    25.022     0.19    1.35
  76744.414    25.068     0.12    1.40
  77120.361    24.927    -0.38    1.41
  77496.326    25.272     0.92    2.00
  77872.307    25.545     0.73    1.96
  78248.305    25.857     0.83    2.03
  78624.319    26.111     0.68    1.96
  79000.351    26.003    -0.29    1.24
  79376.399    26.252     0.66    1.20
  79752.464    26.386     0.36    1.16
  80128.546    26.136    -0.66    1.35
  80504.645    25.694    -1.17    1.52
  80880.761    25.318    -1.00    1.65
  81256.893    25.834     1.37    2.14
  81633.043    26.113     0.74    2.26
  82009.209    26.636     1.39    2.18
  82385.392    26.477    -0.42    2.11
  82761.592    25.731    -1.98    1.65
  83137.808    25.977     0.65    1.79
  83514.042    26.380     1.07    2.07
  83890.292    26.624     0.65    1.97
  84266.560    26.454    -0.45    1.97
  84642.844    25.880    -1.53    1.69
  85019.145    25.326    -1.47    1.15
  85395.463    24.945    -1.01    1.04
  85771.798    24.834    -0.30    1.06
  86148.150    24.613    -0.59    1.09
  86524.518    24.363    -0.66    1.12
  86900.904    23.977    -1.03    0.99
  87277.306    23.850    -0.34    0.92
  87653.725    23.568    -0.75    0.95
  88030.162    23.469    -0.26    0.85
  88406.615    23.499     0.08    1.01
  88783.085    23.818     0.85    1.12
  89159.572    24.066     0.66    1.22
  89536.076    24.160     0.25    1.16
  89912.596    24.112    -0.13    1.32
  90289.134    24.578     1.24    1.82
  90665.689    25.318     1.97    2.48
  91042.260    26.647     3.53    3.04
  91418.849    26.954     0.81    3.52
  91795.455    26.517    -1.16    3.89
  92172.077    25.363    -3.06    3.92
  92548.717    24.558    -2.14    3.62
  92925.373    23.810    -1.99    3.01
  93302.046    23.020    -2.10    1.58
  93678.737    22.973    -0.12    1.33
  94055.444    22.795    -0.47    1.03
  94432.168    22.541    -0.68    1.06
  94808.910    22.636     0.25    1.05
  95185.668    22.707     0.19    1.21
  95562.443    22.717     0.03    1.22
  95939.235    22.741     0.06    1.20
  96316.045    22.922     0.48    1.39
  96692.871    23.499     1.53    1.95
  97069.714    24.090     1.57    2.10
  97446.575    24.345     0.68    1.99
  97823.452    24.136    -0.56    1.84
  98200.346    23.857    -0.74    1.89
  98577.258    23.659    -0.53    1.92
  98954.186    23.355    -0.80    1.65
  99329.088    23.204    -0.40    1.30
  99702.673    22.996    -0.56    1.39
 100076.275    22.898    -0.26    1.43
 100449.893    22.880    -0.05    1.47
 100823.529    22.969     0.24    1.50
 101197.181    22.136    -2.23    2.06
 101570.849    21.469    -1.78    2.33
 101944.535    20.554    -2.45    2.32
 102318.237    19.857    -1.87    2.36
 102691.956    19.392    -1.24    2.14
 103065.692    18.795    -1.60    1.54
 103439.444    18.993     0.53    2.08
 103813.214    18.840    -0.41    2.31
 104187.000    18.671    -0.45    2.59
 104560.803    18.764     0.25    2.28
 104934.622    18.431    -0.89    1.75
 105308.459    18.431     0.00    1.69
 105682.312    18.461     0.08    1.71
 106056.182    18.231    -0.62    1.57
 106430.068    17.545    -1.84    1.90
 106803.972    16.931    -1.64    1.95
 107177.892    16.136    -2.13    2.00
 107551.829    15.545    -1.58    1.66
 107925.783    15.590     0.12    1.66
 108299.754    15.681     0.24    1.70
 108673.741    15.531    -0.40    1.97
 109047.746    15.564     0.09    2.62
 109421.767    15.834     0.72    3.92
 109795.805    15.275    -1.49    4.11
 110169.860    14.159    -2.98    4.67
 110543.932    12.787    -3.67    4.75
 110918.020    10.787    -5.35    4.49
 111292.125     9.068    -4.60    4.65
 111666.248     7.819    -3.34    4.44
 112040.387     6.749    -2.86    3.50
 112414.543     6.477    -0.73    3.09
 112788.715     6.090    -1.03    2.94
 113162.905     5.508    -1.56    2.62
 113537.112     4.999    -1.36    2.65
 113911.335     4.204    -2.13    2.43
 114285.575     3.624    -1.55    2.25
 114659.832     3.647     0.06    2.57
 115034.106     3.931     0.76    2.96
 115408.397     4.340     1.09    3.25
 115782.705     3.749    -1.58    2.96
 116157.030     3.159    -1.58    2.24
 116531.372     3.066    -0.25    2.46
 116905.730     2.954    -0.30    2.54
 117280.105     3.066     0.30    2.65
 117654.498     3.090     0.06    2.64
 118028.907     2.810    -0.75    2.13
 118403.333     2.340    -1.26    1.84
 118777.776     2.252    -0.24    1.71
 119152.236     2.374     0.33    1.85
 119526.713     2.857     1.29    2.00
 119901.207     3.368     1.37    2.35
 120275.718     4.380     2.70    3.18
 120650.246     5.741     3.63    4.22
 121024.791     7.227     3.97    4.95
 121399.352     8.204     2.61    4.54
 121773.931     9.326     3.00    4.71
 122148.527    10.834     4.02    4.82
 122523.139    12.089     3.35    4.35
 122897.769    12.950     2.30    4.00
 123272.416    13.438     1.30    3.65
 123647.079    13.491     0.14    3.30
 124021.760    13.795     0.81    2.96
 124396.457    14.599     2.15    2.16
 124771.172    14.863     0.70    1.93
 125145.903    14.954     0.24    1.33
 125520.652    15.303     0.93    1.21
 125895.417    15.624     0.86    1.24
 126270.200    15.909     0.76    1.33
 126644.999    16.454     1.46    1.78
 127019.816    16.993     1.44    1.76
 127394.649    17.681     1.84    1.76
 127769.500    18.182     1.34    1.46
 128144.368    18.683     1.34    1.11
 128519.252    19.340     1.75    1.21
 128894.154    19.850     1.36    1.24
 129269.073    20.977     3.01    2.16
 129644.009    22.564     4.23    3.06
 130018.961    24.647     5.56    3.87
 130393.931    26.493     4.92    3.65
 130768.918    27.431     2.50    3.48
 131143.922    28.066     1.69    2.81
 131518.943    28.041    -0.07    2.37
 131893.982    28.469     1.14    1.82
 132269.037    28.415    -0.14    1.65
 132644.109    27.993    -1.13    2.13
 133019.199    27.415    -1.54    3.09
 133394.305    26.203    -3.23    3.38
 133769.429    25.545    -1.75    3.29
 134144.569    24.331    -3.24    3.93
 134519.727    23.114    -3.25    3.80
 134894.902    21.624    -3.97    3.35
 135270.094    21.303    -0.86    3.30
 135645.303    21.181    -0.32    2.70
 136020.530    21.554     0.99    2.60
 136395.773    22.159     1.61    2.68
 136771.034    23.374     3.24    2.68
 137146.311    24.415     2.77    2.60
 137521.606    25.182     2.05    1.91
 137896.918    25.485     0.81    1.82
 138272.247    25.477    -0.02    1.84
 138647.593    25.469    -0.02    1.66
 139022.957    25.758     0.77    1.51
 139398.337    26.206     1.19    1.42
 139773.735    26.578     0.99    1.47
 140149.150    26.345    -0.62    1.63
 140524.582    26.136    -0.56    2.02
 140900.031    25.886    -0.67    1.84
 141275.497    25.648    -0.63    1.80
 141650.981    25.736     0.23    1.81
 142026.482    25.863     0.34    1.53
 142402.000    25.564    -0.80    1.63
 142777.535    25.229    -0.89    1.72
 143153.087    25.066    -0.43    1.42
 143528.657    25.136     0.19    1.41
 143904.243    24.755    -1.01    1.59
 144279.847    24.159    -1.59    1.65
 144655.468    23.275    -2.35    1.55
 145031.107    22.909    -0.98    1.44
 145406.762    22.568    -0.91    1.37
 145782.435    22.683     0.31    1.40
 146158.125    22.954     0.72    1.45
 146533.833    22.880    -0.20    1.27
 146909.557    22.818    -0.17    1.62
 147285.299    22.694    -0.33    1.61
 147661.058    22.958     0.70    1.77
 148036.835    23.386     1.14    1.48
 148412.628    23.331    -0.15    1.35
 148788.439    23.295    -0.10    1.40
 149164.267    23.136    -0.42    1.38
 149540.112    22.954    -0.48    1.19
 149915.975    23.206     0.67    1.16
 150291.855    23.043    -0.43    1.19
 150667.752    22.909    -0.36    1.12
 151043.667    23.020     0.30    1.14
 151419.599    22.891    -0.34    1.21
 151795.548    23.066     0.46    1.37
 152171.514    22.958    -0.29    1.50
 152547.498    23.159     0.53    1.78
 152923.499    23.088    -0.19    1.90
 153299.517    22.275    -2.16    2.54
 153675.553    21.438    -2.23    2.47
 154051.606    20.772    -1.77    2.97
 154427.676    20.386    -1.03    3.31
 154803.764    20.681     0.79    3.76
 155179.869    20.840     0.42    3.59
 155555.991    20.694    -0.39    2.89
 155932.131    21.090     1.05    2.35
 156308.288    21.499     1.09    1.88
 156684.462    21.363    -0.36    2.01
 157060.654    20.590    -2.05    2.15
 157436.863    19.818    -2.05    2.23
 157813.090    19.340    -1.27    1.87
 158189.334    19.996     1.74    3.28
 158565.595    19.909    -0.23    3.33
 158941.873    20.386     1.27    3.49
 159318.169    20.249    -0.36    3.51
 159694.483    18.965    -3.41    3.13
 160070.813    18.025    -2.50    2.59
 160447.162    17.499    -1.40    2.75
 160823.527    16.318    -3.14    3.22
 161199.910    15.089    -3.26    3.48
 161576.311    13.931    -3.08    3.87
 161952.728    12.499    -3.80    3.75
 162329.163    11.318    -3.14    3.55
 162705.616    10.068    -3.32    2.76
 163082.086     9.363    -1.87    1.71
 163458.574     8.681    -1.81    1.45
 163835.079     8.469    -0.56    1.00
 164211.601     8.931     1.23    1.32
 164588.141     9.658     1.93    1.82
 164964.698    10.386     1.93    1.81
 165341.273    10.914     1.40    1.69
 165717.865    11.275     0.96    1.60
 166094.475    11.181    -0.25    1.52
 166471.102    11.350     0.45    1.52
 166847.746    11.045    -0.81    1.60
 167224.408    11.252     0.55    1.40
 167601.088    11.182    -0.19    1.40
 167977.785    11.227     0.12    1.31
 168354.499    11.231     0.01    1.57
 168731.231    10.499    -1.94    2.32
 169107.981     9.736    -2.03    2.50
 169484.748     9.159    -1.53    2.93
 169861.532     8.183    -2.59    2.95
 170238.334     7.647    -1.42    2.58
 170615.154     6.825    -2.18    2.58
 170991.991     6.255    -1.51    2.37
 171368.845     6.113    -0.38    2.16
 171745.717     5.568    -1.45    1.92
 172122.607     4.922    -1.71    1.97
 172499.514     4.409    -1.36    1.97
 172876.439     4.461     0.14    3.00
 173253.381     4.869     1.08    2.82
 173630.341     4.531    -0.90    2.01
 174007.099     3.694    -2.22    1.33
 174380.614     3.683    -0.03    1.40
 174754.147     3.697     0.04    1.40
 175127.697     3.340    -0.95    1.44
 175501.264     3.536     0.52    1.30
 175874.848     3.409    -0.34    1.30
 176248.450     3.136    -0.73    1.43
 176622.069     3.089    -0.12    1.53
 176995.705     3.064    -0.07    1.64
 177369.359     3.112     0.13    1.69
 177743.029     3.409     0.79    1.69
 178116.717     3.661     0.68    1.80
 178490.422     3.780     0.32    1.52
 178864.145     3.499    -0.75    1.73
 179237.885     3.272    -0.61    1.71
 179611.641     3.350     0.21    1.34
 179985.416     3.182    -0.45    1.38
 180359.207     3.409     0.61    1.52
 180733.016     3.550     0.38    1.48
 181106.842     2.795    -2.02    1.57
 181480.686     2.681    -0.30    1.62
 181854.546     2.345    -0.90    1.49
 182228.424     2.088    -0.69    1.41
 182602.320     1.880    -0.56    1.31
 182976.232     1.691    -0.50    1.27
 183350.162     1.517    -0.47    1.46
 183724.110     1.113    -1.08    1.34
 184098.074     0.891    -0.59    1.32
 184472.056     0.973     0.22    1.41
 184846.055     0.977     0.01    1.36
 185220.072     0.880    -0.26    1.47
 185594.106     0.669    -0.56    1.29
 185968.157     0.422    -0.66    1.24
 186342.226     0.431     0.03    1.19
 186716.312     0.380    -0.14    1.37
 187090.415     0.249    -0.35    1.48
 187464.536     0.954     1.88    2.11
 187838.674     1.741     2.10    2.17
 188212.830     2.047     0.82    2.10
 188587.002     3.303     3.36    4.78
 188961.193     6.909     9.64   10.83
 189335.400    11.181    11.42   13.35
 189709.625    12.741     4.17   14.07
 190083.868     9.568    -8.48   12.96
 190458.127     7.438    -5.69   12.05
 190832.405     2.181   -14.05    7.75
 191206.699    -0.055    -5.97    1.45
 191581.011     0.068     0.33    1.52
 191955.341     0.003    -0.17    1.29
 192329.687     0.206     0.54    1.33
 192704.052     0.499     0.79    1.43
 193078.433     0.741     0.64    1.45
 193452.832     0.590    -0.40    1.44
 193827.249     0.647     0.15    1.79
 194201.683     0.818     0.45    1.67
 194576.134     0.681    -0.36    1.66
 194950.603     0.681     0.00    1.56
 195325.090     0.113    -1.52    1.87
 195699.593    -0.531    -1.72    2.18
 196074.115    -1.114    -1.56    2.02
 196448.653    -1.818    -1.88    1.53
 196823.210    -2.259    -1.18    1.22
 197197.783    -2.251     0.02    1.26
 197572.374    -2.182     0.18    1.18
 197946.983    -2.251    -0.18    1.13
 198321.609    -2.126     0.33    1.06
 198696.253    -2.046     0.21    1.17
 199070.914    -1.975     0.19    1.13
 199445.593    -2.027    -0.14    1.07
 199820.289    -2.160    -0.35    1.15
 200195.002    -2.306    -0.39    1.10
 200569.734    -2.137     0.45    1.34
 200944.482    -1.674     1.24    1.44
 201319.248    -1.364     0.83    1.32
 201694.032    -1.153     0.56    1.42
 202068.833    -1.251    -0.26    1.60
 202443.652    -0.753     1.33    1.70
 202818.489     0.020     2.06    1.87
 203193.342     0.247     0.61    1.77
 203568.214     0.445     0.53    1.33
 203943.103    -0.137    -1.55    2.26
 204318.009    -1.331    -3.19    3.04
 204692.933    -2.143    -2.17    3.68
 205067.875    -3.546    -3.74    4.30
 205442.834    -5.306    -4.69    4.15
 205817.811    -6.775    -3.92    3.78
 206192.805    -8.078    -3.48    2.71
 206567.817    -8.319    -0.64    2.37
 206942.847    -8.001     0.85    2.04
 207317.894    -6.887     2.97    2.33
 207692.959    -6.046     2.24    2.99
 208068.041    -4.888     3.09    3.39
 208443.141    -3.321     4.18    3.40
 208818.259    -2.137     3.16    2.81
 209193.394    -1.205     2.48    2.06
 209568.547    -0.912     0.78    1.50
 209943.717    -0.701     0.56    1.13
 210318.905    -0.797    -0.26    1.32
 210694.111    -0.986    -0.50    1.31
 211069.334    -1.109    -0.33    1.42
 211444.575    -1.509    -1.07    1.61
 211819.834    -1.546    -0.10    1.41
 212195.110    -1.150     1.06    1.49
 212570.404    -0.957     0.51    1.44
 212945.716    -0.664     0.78    1.31
 213321.045    -0.483     0.48    1.15
 213696.392    -0.682    -0.53    1.40
 214071.756    -0.932    -0.67    1.72
 214447.138    -1.166    -0.62    1.85
 214822.538    -0.608     1.49    2.20
 215197.956     0.088     1.86    2.07
 215573.391     0.545     1.22    1.63
 215948.844     0.819     0.73    1.17
 216324.315     0.613    -0.55    1.27
 216699.803     0.340    -0.73    1.19
 217075.309     0.087    -0.67    1.40
 217450.833     0.022    -0.17    1.33
 217826.375     0.111     0.24    1.21
 218201.934     0.386     0.73    1.20
 218577.511     0.578     0.51    1.18
 218953.106     0.977     1.06    1.20
 219328.718     1.303     0.87    1.17
 219704.348     1.453     0.40    1.04
 220079.996     0.840    -1.63    1.23
 220455.662     0.636    -0.54    1.36
 220831.345     0.403    -0.62    1.37
 221207.046     0.508     0.28    1.43
 221582.765     0.590     0.22    1.56
 221958.502     0.477    -0.30    1.61
 222334.256     0.161    -0.84    1.61
 222710.028    -0.251    -1.10    1.32
 223085.818    -0.450    -0.53    1.43
 223461.626    -0.501    -0.14    1.46
 223837.452    -0.705    -0.54    1.43
 224213.295    -0.796    -0.24    1.48
 224589.156    -1.023    -0.60    1.31
 224965.035    -1.127    -0.28    1.08
 225340.932    -1.182    -0.15    0.91
 225716.846    -1.004     0.48    0.83
 226092.779    -1.091    -0.23    0.99
 226468.729    -1.153    -0.16    0.99
 226844.697    -0.980     0.46    0.96
 227220.683    -1.069    -0.23    0.93
 227596.686    -1.095    -0.07    1.11
 227972.708    -1.023     0.19    1.35
 228348.747    -1.073    -0.13    1.39
 228724.804    -1.160    -0.23    1.68
 229100.879    -1.251    -0.24    1.98
 229476.972    -1.181     0.18    2.43
 229853.083    -2.001    -2.18    2.80
 230229.212    -2.514    -1.37    3.02
 230605.358    -2.978    -1.23    2.78
 230981.522    -3.023    -0.12    2.56
 231357.705    -2.469     1.47    2.50
 231733.905    -1.455     2.70    2.19
 232110.123    -1.239     0.57    1.92
 232486.358    -0.955     0.76    1.55
 232862.612    -0.959    -0.01    1.36
 233238.884    -0.686     0.73    1.54
 233615.173    -0.455     0.61    1.60
 233991.481    -0.245     0.56    1.72
 234367.806    -0.410    -0.44    1.63
 234744.149    -0.814    -1.08    1.45
 235120.511    -0.705     0.29    1.40
 235496.890    -0.539     0.44    1.46
 235873.287    -0.182     0.95    1.44
 236249.702    -0.153     0.08    1.44
 236626.135     0.011     0.44    1.30
 237002.585    -0.069    -0.21    1.44
 237379.054    -0.010     0.15    1.65
 237755.541    -0.364    -0.94    2.11
 238132.046    -1.114    -1.99    2.14
 238508.568    -1.793    -1.80    2.57
 238885.109    -3.060    -3.37    2.46
 239261.668    -3.245    -0.49    2.42
 239638.244    -3.591    -0.92    2.35
 240014.839    -3.818    -0.60    2.41
 240391.451    -3.531     0.76    2.10
 240768.082    -3.501     0.08    2.02
 241144.730    -3.317     0.49    1.77
 241521.397    -2.931     1.02    1.89
 241898.081    -3.283    -0.93    2.11
 242274.784    -3.410    -0.34    2.19
 242651.504    -3.432    -0.06    2.22
 243028.243    -3.386     0.12    2.00
 243404.999    -3.069     0.84    2.21
 243781.774    -2.959     0.29    2.10
 244158.566    -2.642     0.84    1.95
 244535.377    -3.137    -1.31    2.06
 244912.206    -3.251    -0.30    2.12
 245289.052    -3.091     0.42    2.31
 245665.917    -3.069     0.06    2.53
 246042.800    -2.364     1.87    2.65
 246419.701    -1.910     1.21    2.17
 246796.619    -2.251    -0.90    2.14
 247173.556    -2.864    -1.63    2.19
 247550.511    -3.591    -1.93    2.29
 247927.484    -3.934    -0.91    2.13
 248304.476    -3.929     0.01    2.00
 248681.485    -4.492    -1.49    2.04
 249056.639    -4.775    -0.76    1.92
 249430.100    -4.748     0.07    1.93
 249803.580    -4.091     1.76    2.11
 250177.077    -3.841     0.67    1.96
 250550.592    -3.296     1.46    1.81
 250924.124    -3.531    -0.63    2.06
 251297.675    -3.678    -0.39    2.43
 251671.243    -3.597     0.22    2.66
 252044.829    -4.097    -1.34    2.68
 252418.432    -4.273    -0.47    2.79
 252792.054    -4.353    -0.21    2.31
 253165.693    -5.023    -1.80    1.96
 253539.350    -5.131    -0.29    1.92
 253913.025    -5.143    -0.03    1.75
 254286.717    -5.175    -0.09    1.93
 254660.427    -5.236    -0.16    1.90
 255034.155    -5.001     0.63    1.88
 255407.901    -4.608     1.05    1.92
 255781.665    -4.273     0.90    1.74
 256155.447    -3.753     1.39    2.12
 256529.246    -3.751     0.01    2.31
 256903.063    -3.864    -0.30    2.34
 257276.898    -4.236    -1.00    2.16
 257650.751    -4.501    -0.71    2.01
 258024.621    -4.562    -0.16    1.63
 258398.510    -4.682    -0.32    1.57
 258772.416    -4.995    -0.84    1.50
 259146.340    -5.160    -0.44    1.29
 259520.282    -5.309    -0.40    1.37
 259894.242    -5.213     0.26    1.43
 260268.219    -5.773    -1.50    1.58
 260642.215    -6.283    -1.36    1.48
 261016.228    -6.296    -0.04    1.37
 261390.259    -6.755    -1.23    1.39
 261764.308    -6.478     0.74    1.37
 262138.375    -6.309     0.45    1.45
 262512.460    -6.004     0.82    1.41
 262886.563    -5.773     0.62    1.33
 263260.684    -5.725     0.13    1.30
 263634.822    -5.591     0.36    1.09
 264008.978    -5.597    -0.02    1.16
 264383.153    -5.455     0.38    1.19
 264757.345    -5.642    -0.50    1.29
 265131.555    -5.632     0.03    1.19
 265505.783    -5.486     0.39    1.43
 265880.029    -5.725    -0.64    1.37
 266254.293    -6.501    -2.07    2.52
 266628.575    -7.864    -3.64    3.28
 267002.874    -9.932    -5.53    2.75
 267377.192   -11.109    -3.14    1.58
 267751.528   -11.608    -1.34    1.42
 268125.881   -11.364     0.65    2.14
 268500.253   -10.259     2.95    4.98
 268874.642    -8.205     5.49    7.19
 269249.050    -7.086     2.99    6.93
 269623.475    -5.614     3.93    6.33
 269997.919    -5.664    -0.13    4.94
 270372.380    -5.841    -0.47    1.67
 270746.859    -6.086    -0.66    1.08
 271121.357    -6.197    -0.30    1.03
 271495.872    -6.455    -0.69    0.97
 271870.405    -6.642    -0.50    1.02
 272244.956    -6.682    -0.11    0.95
 272619.526    -6.709    -0.07    1.09
 272994.113    -6.748    -0.10    1.14
 273368.718    -6.582     0.44    1.05
 273743.342    -6.469     0.30    1.09
 274117.983    -6.591    -0.33    1.13
 274492.642    -6.753    -0.43    1.07
 274867.320    -6.637     0.31    1.18
 275242.015    -6.773    -0.36    1.03
 275616.728    -6.674     0.27    1.23
 275991.460    -6.864    -0.51    1.05
 276366.209    -7.050    -0.50    1.05
 276740.977    -7.114    -0.17    0.99
 277115.763    -7.137    -0.06    1.09
 277490.566    -7.296    -0.42    1.19
 277865.388    -7.591    -0.79    1.13
 278240.228    -7.555     0.10    1.07
 278615.086    -7.647    -0.25    0.89
 278989.962    -7.751    -0.28    0.92
 279364.856    -7.819    -0.18    0.91
 279739.768    -7.721     0.26    1.07
 280114.698    -7.591     0.35    1.23
 280489.646    -7.375     0.58    1.44
 280864.613    -6.937     1.17    1.74
 281239.597    -6.495     1.18    1.89
 281614.600    -6.682    -0.50    2.12
 281989.621    -6.864    -0.48    2.17
 282364.660    -7.531    -1.78    1.68
 282739.717    -7.725    -0.52    1.57
 283114.792    -7.773    -0.13    1.31
 283489.885    -7.839    -0.18    1.40
 283864.996    -7.864    -0.07    1.41
 284240.126    -8.478    -1.64    1.50
 284615.273    -9.120    -1.71    1.66
 284990.439    -9.469    -0.93    1.65
 285365.623    -9.439     0.08    1.62
 285740.825    -9.228     0.56    1.38
 286116.046    -9.014     0.57    1.41
 286491.284    -8.796     0.58    1.52
 286866.541    -7.751     2.79    2.52
 287241.815    -7.182     1.51    2.28
 287617.108    -7.001     0.48    2.24
 287992.419    -7.289    -0.77    2.47
 288367.749    -8.273    -2.62    1.85
 288743.096    -8.959    -1.83    1.34
 289118.462    -9.442    -1.29    1.29
 289493.846    -9.569    -0.34    1.17
 289869.248    -9.864    -0.79    1.54
 290244.669   -10.091    -0.61    1.41
 290620.107   -10.069     0.06    1.75
 290995.564    -9.432     1.70    2.14
 291371.039    -8.578     2.27    2.26
 291746.532    -8.375     0.54    2.18
 292122.044    -8.820    -1.18    1.71
 292497.573    -9.353    -1.42    1.37
 292873.121    -9.501    -0.39    1.43
 293248.688    -9.469     0.08    1.26
 293624.272    -9.682    -0.57    1.23
 293999.875    -9.562     0.32    0.96
 294375.496    -9.820    -0.69    0.98
 294751.135    -9.909    -0.24    1.02
 295126.792    -9.983    -0.20    1.11
 295502.468    -9.910     0.20    1.18
 295878.162    -9.736     0.46    1.34
 296253.875    -9.432     0.81    1.47
 296629.605    -9.114     0.85    1.59
 297005.354    -8.887     0.61    1.39
 297381.122    -8.910    -0.06    1.16
 297756.907    -9.064    -0.41    1.04
 298132.711    -8.864     0.53    1.22
 298508.533    -8.389     1.26    1.26
 298884.374    -7.957     1.15    1.43
 299260.232    -7.546     1.09    1.44
 299636.110    -7.213     0.89    1.43
 300012.005    -6.975     0.63    1.47
 300387.919    -6.964     0.03    1.22
 300763.851    -7.023    -0.16    1.31
 301139.801    -6.818     0.55    1.54
 301515.770    -6.562     0.68    1.73
 301891.757    -5.309     3.33    3.27
 302267.763    -3.793     4.03    4.65
 302643.787    -0.538     8.66    5.99
 303019.829     2.231     7.37    5.97
 303395.890     5.291     8.14    6.15
 303771.969     7.996     7.19    5.87
 304148.066     9.069     2.85    6.30
 304524.182     8.749    -0.85    6.07
 304900.316     7.707    -2.77    5.88
 305276.469     6.780    -2.47    4.73
 305652.640     6.578    -0.54    3.76
 306028.829     7.514     2.49    4.10
 306405.037     8.659     3.04    4.18
 306781.263    11.505     7.57    6.01
 307157.508    13.409     5.06    6.34
 307533.771    16.834     9.11    7.95
 307910.052    18.047     3.23    5.93
 308286.352    19.659     4.28    4.35
 308662.671    21.068     3.75    3.53
 309039.007    22.522     3.87    2.64
 309415.362    21.863    -1.75    3.64
 309791.736    21.159    -1.87    4.63
 310168.128    18.840    -6.16    5.62
 310544.539    16.340    -6.64    5.65
 310920.968    15.469    -2.32    5.97
 311297.415    14.295    -3.12    5.96
 311673.881    12.249    -5.43    6.17
 312050.366    12.340     0.24    5.93
 312426.869    12.204    -0.36    4.53
 312803.390    13.340     3.02    5.05
 313179.930    15.545     5.86    5.51
 313556.489    19.409    10.26    5.35
 313933.066    22.303     7.69    4.96
 314309.661    23.840     4.08    4.46
 314686.275    25.558     4.56    3.54
 315062.907    26.647     2.89    3.08
 315439.558    27.772     2.99    1.89
 315816.228    28.252     1.27    1.79
 316192.916    28.491     0.64    1.84
 316569.623    27.993    -1.32    2.18
 316946.348    27.647    -0.92    2.29
 317323.091    26.772    -2.32    2.89
 317699.853    24.554    -5.89    3.77
 318076.634    22.999    -4.13    3.28
 318453.434    22.536    -1.23    2.84
 318830.251    23.818     3.40    2.98
 319207.088    25.485     4.42    2.31
 319583.943    25.613     0.34    2.51
 319960.816    25.545    -0.18    2.44
 320337.709    25.786     0.64    2.17
 320714.619    25.477    -0.82    2.02
 321091.549    25.211    -0.71    1.44
 321468.497    25.536     0.86    1.50
 321845.463    25.568     0.08    1.74
 322222.448    25.624     0.15    2.40
 322599.452    25.914     0.77    2.95
 322976.474    26.086     0.46    2.80
 323353.515    25.749    -0.89    2.61
 323730.575    24.647    -2.92    3.41
 324104.030    22.736    -5.12    3.63
 324477.440    21.522    -3.25    2.94
 324850.868    22.066     1.46    2.91
 325224.315    23.047     2.63    2.94
 325597.779    24.811     4.72    2.72
 325971.262    25.999     3.18    2.73
 326344.764    27.061     2.84    2.42
 326718.283    27.454     1.05    2.20
 327091.821    27.386    -0.18    2.53
 327465.377    26.741    -1.73    2.74
 327838.951    25.158    -4.24    3.47
 328212.544    23.136    -5.41    3.94
 328586.155    21.977    -3.10    4.19
 328959.784    19.911    -5.53    4.25
 329333.432    18.545    -3.66    5.04
 329707.098    16.772    -4.75    5.29
 330080.782    15.818    -2.56    4.76
 330454.484    14.247    -4.20    3.71
 330828.205    13.061    -3.17    3.47
 331201.944    12.181    -2.35    4.13
 331575.702    11.361    -2.20    5.23
 331949.478    10.249    -2.97    5.73
 332323.272     9.727    -1.40    5.87
 332697.084     8.431    -3.47    5.91
 333070.915     6.954    -3.95    5.92
 333444.765     4.111    -7.61    5.29
 333818.632     2.318    -4.80    4.57
 334192.518     0.453    -4.99    2.81
 334566.422    -0.137    -1.58    2.69
 334940.345    -0.228    -0.24    2.89
 335314.286    -0.069     0.43    3.58
 335688.246     0.158     0.61    3.71
 336062.223     0.697     1.44    5.24
 336436.220     0.477    -0.59    5.13
 336810.234     1.160     1.83    4.66
 337184.267     2.340     3.16    4.20
 337558.319     4.206     4.99    3.69
 337932.389     5.318     2.97    3.85
 338306.477     4.318    -2.67    4.48
 338680.584     1.599    -7.27    5.15
 339054.709    -1.296    -7.74    4.80
 339428.852    -3.650    -6.29    4.15
 339803.014    -5.796    -5.74    3.76
 340177.195    -7.864    -5.53    2.86
 340551.393    -8.887    -2.73    2.15
 340925.611    -9.664    -2.08    2.05
 341299.847   -10.150    -1.30    1.92
 341674.101    -9.864     0.76    2.32
 342048.373    -9.817     0.13    2.89
 342422.665    -9.353     1.24    3.46
 342796.974    -8.886     1.25    3.32
 343171.302    -8.796     0.24    2.99
 343545.649    -8.153     1.72    3.00
 343920.014    -7.483     1.79    3.04
 344294.397    -7.158     0.87    3.00
