-295022.172    41.747     0.00    6.67
-294645.351    39.956    -4.75    6.31
-294268.549    37.256    -7.17    5.49
-293891.765    36.842    -1.10    5.68
-293514.999    40.224     8.98    6.69
-293138.251    43.063     7.54    6.60
-292761.520    47.178    10.92    4.89
-292384.808    50.029     7.57    3.24
-292008.113    49.336    -1.84    3.47
-291631.436    47.887    -3.85    4.99
-291254.778    44.927    -7.86    5.70
-290878.137    41.313    -9.60    6.06
-290501.514    37.178   -10.98    6.99
-290124.908    33.109   -10.81    6.83
-289748.321    30.737    -6.30    4.78
-289371.752    31.949     3.22    4.78
-288995.200    35.550     9.56    5.36
-288618.667    39.887    11.52    6.19
-288242.151    45.813    15.74    8.82
-287865.653    52.912    18.86    8.92
-287489.173    59.449    17.37    8.87
-287112.711    66.362    18.37    6.62
-286736.266    68.359     5.30    5.41
-286359.840    67.631    -1.93    7.16
-285983.431    64.410    -8.56    9.01
-285607.040    62.331    -5.53    8.91
-285230.667    63.306     2.59    9.06
-284854.312    68.972    15.06    9.95
-284477.975    74.131    13.71    8.98
-284101.655    78.085    10.51    9.20
-283725.353    81.654     9.49    9.52
-283349.069    85.750    10.89    9.63
-282972.803    92.404    17.69    8.60
-282596.555    98.107    15.16    6.78
-282220.324   101.699     9.55    5.11
-281844.112   105.480    10.05    5.26
-281467.917   106.586     2.94    4.89
-281091.739   106.713     0.34    4.65
-280715.580   104.985    -4.59    4.33
-280339.438   103.177    -4.81    5.89
-279963.314    98.968   -11.19    7.69
-279587.208    94.822   -11.03    8.18
-279211.120    89.881   -13.14    8.31
-278835.049    85.768   -10.94    7.57
-278458.996    81.827   -10.48    7.60
-278082.961    77.790   -10.74    8.22
-277706.944    75.598    -5.83    8.63
-277330.944    74.759    -2.23   10.09
-276954.962    73.226    -4.08   10.45
-276578.998    69.018   -11.20   11.66
-276203.052    65.012   -10.66   11.14
-275827.123    61.023   -10.62    9.25
-275451.212    58.750    -6.05    7.86
-275075.318    60.586     4.88    9.15
-274699.443    66.131    14.76   10.49
-274323.585    71.309    13.78   10.61
-273947.745    77.904    17.55   11.72
-273571.922    85.750    20.88   10.75
-273196.117    92.620    18.28    9.84
-272820.330    98.294    15.10    6.27
-272444.560    99.813     4.04    7.28
-272068.809   100.563     2.00    9.18
-271693.074   101.827     3.36    9.84
-271317.358   101.199    -1.67    9.40
-270941.659    98.226    -7.92   11.81
-270565.978    91.753   -17.23   14.82
-270190.314    82.540   -24.53   12.85
-269814.669    75.222   -19.49   11.72
-269439.040    68.790   -17.13   10.49
-269063.430    62.813   -15.92   10.93
-268687.837    57.341   -14.57   10.66
-268312.261    54.317    -8.05   10.01
-267936.704    55.020     1.87   11.43
-267561.164    56.949     5.14   11.76
-267185.641    57.776     2.20    9.80
-266810.136    55.503    -6.05   10.65
-266434.649    48.945   -17.47   10.27
-266059.179    44.109   -12.88    8.29
-265683.727    41.992    -5.64    7.06
-265308.293    39.842    -5.73    6.90
-264932.876    36.782    -8.15    8.04
-264557.477    34.042    -7.30    9.03
-264182.095    31.060    -7.95    8.17
-263806.731    29.109    -5.20    8.90
-263431.384    26.586    -6.72    8.90
-263056.055    20.836   -15.32    9.84
-262680.744    15.427   -14.42    8.50
-262305.450    11.859    -9.51    6.90
-261930.174     9.086    -7.39    7.15
-261554.915     6.109    -7.94    6.75
-261179.674     3.699    -6.42    5.51
-260804.450     1.018    -7.15    3.53
-260429.244    -0.505    -4.06    2.75
-260054.055    -1.687    -3.15    1.96
-259678.884    -2.301    -1.64    1.73
-259303.731    -3.119    -2.18    1.50
-258928.595    -2.914     0.55    1.49
-258553.476    -2.778     0.36    1.78
-258178.375    -1.755     2.73    2.40
-257803.292    -0.528     3.27    2.88
-257428.226     1.449     5.27    3.83
-257053.178     4.666     8.58    4.75
-256678.147     7.790     8.33    3.97
-256303.133     7.768    -0.06    3.75
-255928.137     5.699    -5.52    5.12
-255553.159     3.359    -6.24    4.47
-255178.197     2.722    -1.70    3.56
-254803.254     5.336     6.97    5.12
-254428.328     9.294    10.56    5.00
-254053.419    13.109    10.18    4.41
-253678.528    16.155     8.13    3.18
-253303.654    18.040     5.03    2.13
-252928.798    19.364     3.53    1.65
-252553.959    19.790     1.14    1.84
-252179.138    19.248    -1.45    2.55
-251804.334    18.457    -2.11    2.88
-251429.547    18.131    -0.87    3.02
-251054.778    17.836    -0.79    2.91
-250680.027    17.972     0.36    2.88
-250305.292    18.317     0.92    3.31
-249930.576    18.992     1.80    2.80
-249555.876    19.449     1.22    2.75
-249181.194    20.108     1.76    2.69
-248806.530    19.836    -0.73    2.95
-248431.883    19.336    -1.33    3.08
-248057.253    18.427    -2.43    3.03
-247682.640    16.503    -5.14    4.25
-247308.045    14.178    -6.21    4.55
-246933.468    12.154    -5.40    4.68
-246558.907    11.154    -2.67    3.98
-246184.365    11.086    -0.18    2.80
-245809.839    10.745    -0.91    1.79
-245435.331    10.699    -0.12    1.55
-245060.840    10.085    -1.64    1.83
-244686.367     9.899    -0.50    2.96
-244311.911    10.563     1.77    3.74
-243937.472    11.381     2.19    3.18
-243563.051     9.859    -4.07    5.18
-243188.647     6.449    -9.11    7.30
-242814.260     1.336   -13.66    6.78
-242439.891    -3.158   -12.01    5.12
-242065.539    -5.985    -7.55    3.82
-241691.204    -8.051    -5.52    3.07
-241316.886    -8.573    -1.40    3.77
-240942.586    -7.687     2.37    4.63
-240568.304    -6.404     3.43    4.85
-240194.038    -4.937     3.92    4.38
-239819.790    -3.891     2.79    3.15
-239445.559    -3.478     1.10    2.11
-239071.345    -4.482    -2.68    1.22
-238697.149    -4.752    -0.72    1.05
-238322.970    -4.729     0.06    1.06
-237948.808    -4.241     1.31    1.27
-237574.664    -3.241     2.67    1.76
-237200.537    -0.729     6.71    4.44
-236826.427     2.536     8.73    6.57
-236452.334     5.176     7.06    6.52
-236078.259     6.222     2.80    6.03
-235704.201     8.199     5.29    8.53
-235330.160     9.341     3.05    8.78
-234956.136    11.131     4.79    9.76
-234582.130    12.359     3.28   10.13
-234208.141    14.527     5.80   10.02
-233834.169    16.666     5.72    9.83
-233460.214    16.904     0.64    9.55
-233086.277    16.177    -1.95   10.03
-232712.356    14.177    -5.35    9.94
-232338.453    10.699    -9.30    8.62
-231964.568     8.427    -6.08    6.49
-231590.699     6.972    -3.89    3.30
-231216.848     7.550     1.55    3.13
-230843.013     8.313     2.04    3.22
-230469.196     8.722     1.09    2.91
-230095.397     8.995     0.73    2.95
-229721.614     8.922    -0.20    2.61
-229347.849     8.881    -0.11    2.19
-228974.100     9.313     1.16    2.24
-228600.369     9.869     1.49    2.53
-228226.655    10.576     1.89    2.54
-227852.958    11.131     1.49    2.38
-227479.279    11.199     0.18    2.24
-227105.616    11.341     0.38    1.91
-226731.971    11.666     0.87    1.70
-226358.343    11.563    -0.28    1.35
-225984.732    12.084     1.39    1.34
-225611.138    12.518     1.16    1.32
-225237.561    12.922     1.08    1.34
-224861.129    13.427     1.34    1.17
-224484.129    13.677     0.66    1.00
-224107.146    13.798     0.32    0.87
-223730.181    13.736    -0.16    0.79
-223353.233    13.852     0.31    0.91
-222976.303    13.931     0.21    0.99
-222599.390    13.836    -0.25    1.11
-222222.494    13.849     0.03    0.98
-221845.616    13.722    -0.34    1.15
-221468.756    13.322    -1.06    1.09
-221091.913    12.768    -1.47    1.48
-220715.087    11.745    -2.71    1.79
-220338.279    10.540    -3.20    1.91
-219961.488     9.404    -3.02    1.78
-219584.714     9.290    -0.30    1.64
-219207.958    10.177     2.35    2.01
-218831.220    11.085     2.41    1.81
-218454.498    11.495     1.09    1.71
-218077.794    11.224    -0.72    1.73
-217701.108    10.745    -1.27    1.70
-217324.439    10.387    -0.95    1.40
-216947.787    10.509     0.32    1.34
-216571.153    10.768     0.69    1.40
-216194.536    11.290     1.39    1.51
-215817.936    11.899     1.62    1.41
-215441.354    12.457     1.48    1.23
-215064.789    12.813     0.95    1.03
-214688.242    12.806    -0.02    1.02
-214311.712    12.745    -0.16    1.06
-213935.199    12.518    -0.60    1.15
-213558.703    12.248    -0.72    1.12
-213182.225    11.893    -0.94    1.23
-212805.764    11.829    -0.17    1.12
-212429.321    11.544    -0.76    1.13
-212052.895    11.596     0.14    1.26
-211676.486    11.753     0.42    1.25
-211300.094    11.759     0.02    1.31
-210923.720    11.992     0.62    1.19
-210547.363    11.941    -0.14    1.06
-210171.024    11.899    -0.11    1.11
-209794.701    11.945     0.12    1.03
-209418.396    12.178     0.62    1.02
-209042.109    12.199     0.06    0.97
-208665.838    12.274     0.20    1.05
-208289.585    12.199    -0.20    1.07
-207913.349    12.042    -0.42    1.04
-207537.130    11.596    -1.19    1.14
-207160.929    10.750    -2.25    1.56
-206784.745    10.155    -1.58    1.37
-206408.578     9.398    -2.01    1.18
-206032.429     8.869    -1.41    1.08
-205656.296     8.609    -0.69    0.90
-205280.181     8.341    -0.71    1.08
-204904.084     8.248    -0.25    1.10
-204528.003     8.294     0.12    1.19
-204151.940     8.488     0.52    1.39
-203775.894     8.957     1.25    1.42
-203399.865     9.298     0.91    1.32
-203023.853     9.177    -0.32    1.31
-202647.859     8.941    -0.63    1.17
-202271.881     8.750    -0.51    0.99
-201895.921     8.836     0.23    0.95
-201519.979     8.831    -0.01    1.07
-201144.053     8.988     0.42    0.95
-200768.145     8.972    -0.04    0.91
-200392.253     9.085     0.30    0.95
-200016.379     9.410     0.87    1.03
-199640.522     9.936     1.40    1.25
-199264.683    10.359     1.12    1.57
-198888.860    11.298     2.50    1.86
-198513.055    12.922     4.32    2.54
-198137.267    14.846     5.12    2.58
-197761.496    16.180     3.55    2.18
-197385.742    17.268     2.89    1.71
-197010.005    17.906     1.70    2.33
-196634.286    17.731    -0.47    2.14
-196258.583    18.015     0.76    2.25
-195882.898    18.224     0.56    2.57
-195507.230    18.846     1.65    2.71
-195131.579    19.781     2.49    2.90
-194755.945    20.336     1.48    2.78
-194380.328    21.181     2.25    2.16
-194004.729    22.038     2.28    1.84
-193629.146    22.790     2.00    1.68
-193253.581    23.822     2.75    1.79
-192878.033    25.336     4.03    2.11
-192502.502    26.326     2.64    2.22
-192126.988    27.472     3.05    2.39
-191751.491    28.631     3.09    2.95
-191376.011    30.038     3.75    3.29
-191000.548    30.655     1.64    3.34
-190625.102    30.692     0.10    3.29
-190249.674    30.972     0.75    2.87
-189874.262    30.981     0.02    2.44
-189498.867    30.753    -0.61    2.21
-189123.490    29.527    -3.27    2.55
-188748.130    28.480    -2.79    2.29
-188372.786    27.012    -3.91    1.85
-187997.460    25.581    -3.81    2.47
-187622.151    23.790    -4.77    2.66
-187246.859    22.231    -4.16    2.47
-186871.584    20.503    -4.61    2.10
-186496.326    19.518    -2.63    2.36
-186121.084    18.607    -2.43    2.35
-185745.860    17.540    -2.84    1.67
-185370.653    16.790    -2.00    1.32
-184995.463    16.518    -0.73    1.38
-184620.291    16.226    -0.78    1.38
-184245.135    16.201    -0.07    1.16
-183869.996    16.226     0.07    1.27
-183494.874    16.156    -0.19    1.27
-183119.769    16.086    -0.19    1.33
-182744.681    15.981    -0.28    1.48
-182369.610    15.887    -0.25    1.73
-181994.556    15.992     0.28    1.75
-181619.519    16.178     0.50    1.76
-181244.499    16.060    -0.31    1.66
-180869.496    15.981    -0.21    1.46
-180494.510    16.268     0.76    1.34
-180119.540    16.181    -0.23    1.34
-179744.588    16.178    -0.01    1.56
-179369.653    16.040    -0.37    1.61
-178994.735    15.893    -0.39    1.64
-178619.834    15.968     0.20    1.86
-178244.949    15.985     0.04    1.78
-177870.082    16.177     0.51    1.78
-177495.231    16.034    -0.38    1.71
-177120.398    16.317     0.76    1.82
-176745.581    16.290    -0.07    1.51
-176370.781    16.375     0.23    1.58
-175995.999    16.427     0.14    1.47
-175621.233    16.424    -0.01    1.31
-175246.484    16.177    -0.66    1.29
-174871.752    16.393     0.58    1.36
-174497.037    16.472     0.21    1.43
-174122.338    16.465    -0.02    1.37
-173747.657    16.387    -0.21    1.18
-173372.993    16.290    -0.26    0.89
-172998.345    16.424     0.36    1.03
-172623.714    16.677     0.67    1.09
-172249.100    16.745     0.18    1.13
-171874.504    16.922     0.47    1.12
-171499.923    17.346     1.13    1.52
-171125.360    17.434     0.24    1.50
-170750.814    17.313    -0.32    1.62
-170376.284    17.156    -0.42    1.54
-170001.772    17.085    -0.19    1.21
-169627.276    16.887    -0.53    1.21
-169252.797    16.713    -0.47    1.26
-168878.335    16.736     0.06    1.35
-168503.890    16.666    -0.19    1.52
-168129.461    16.609    -0.15    1.68
-167755.049    16.393    -0.58    1.85
-167380.655    16.313    -0.21    1.87
-167006.277    16.131    -0.49    1.73
-166631.916    16.201     0.19    1.53
-166257.571    16.245     0.12    1.13
-165883.244    16.108    -0.37    1.03
-165508.933    16.063    -0.12    1.04
-165134.639    16.179     0.31    1.13
-164760.362    16.224     0.12    1.15
-164386.101    16.199    -0.07    1.39
-164011.858    16.038    -0.43    1.44
-163637.631    15.945    -0.25    1.35
-163263.421    15.875    -0.19    1.43
-162889.228    15.790    -0.23    1.29
-162515.051    15.852     0.17    1.39
-162140.892    15.945     0.25    1.38
-161766.749    15.654    -0.78    1.28
-161392.623    15.677     0.06    1.13
-161018.513    15.699     0.06    1.30
-160644.420    15.726     0.07    1.27
-160270.345    15.806     0.21    1.21
-159896.285    15.875     0.19    1.33
-159522.243    15.586    -0.77    1.39
-159148.217    15.759     0.46    1.38
-158774.208    15.736    -0.06    1.37
-158400.216    15.666    -0.19    1.26
-158026.240    15.972     0.82    1.31
-157652.282    16.131     0.43    1.28
-157278.339    16.018    -0.30    1.30
-156904.414    15.945    -0.19    1.24
-156530.505    15.806    -0.37    1.34
-156156.613    15.596    -0.56    1.16
-155782.738    15.620     0.06    1.14
-155408.879    15.359    -0.70    1.38
-155035.037    15.359     0.00    1.36
-154661.212    15.155    -0.54    1.42
-154287.404    15.224     0.19    1.38
-153913.612    15.199    -0.07    1.42
-153539.836    15.268     0.18    1.39
-153166.078    15.457     0.51    1.29
-152792.336    15.457     0.00    1.11
-152418.611    15.336    -0.32    1.07
-152044.902    15.369     0.09    0.91
-151671.210    15.518     0.40    0.99
-151297.535    15.736     0.58    1.03
-150923.876    15.703    -0.09    1.04
-150550.234    15.666    -0.10    1.30
-150175.658    15.689     0.06    1.30
-149798.690    15.790     0.27    1.33
-149421.739    15.893     0.27    1.34
-149044.805    15.949     0.15    1.26
-148667.888    15.945    -0.01    1.28
-148290.988    15.699    -0.65    1.32
-147914.105    15.596    -0.27    1.16
-147537.239    15.570    -0.07    1.18
-147160.389    15.364    -0.55    1.25
-146783.557    15.154    -0.56    1.28
-146406.741    14.949    -0.54    1.08
-146029.943    14.922    -0.07    1.08
-145653.161    14.941     0.05    1.04
-145276.396    15.177     0.63    0.99
-144899.648    15.317     0.37    1.03
-144522.917    15.376     0.16    0.91
-144146.203    15.620     0.65    0.98
-143769.506    15.776     0.41    1.15
-143392.825    15.736    -0.11    1.28
-143016.162    15.703    -0.09    1.38
-142639.515    15.434    -0.71    1.24
-142262.886    15.290    -0.38    1.12
-141886.273    15.336     0.12    1.15
-141509.677    15.550     0.57    1.07
-141133.098    15.503    -0.12    1.46
-140756.535    15.457    -0.12    1.61
-140379.990    15.131    -0.86    1.63
-140003.461    14.472    -1.75    1.57
-139626.949    14.201    -0.72    1.14
-139250.454    13.998    -0.54    1.06
-138873.976    13.893    -0.28    0.93
-138497.515    13.782    -0.29    1.00
-138121.070    13.722    -0.16    0.95
-137744.643    13.768     0.12    0.75
-137368.232    13.782     0.04    0.78
-136991.838    13.875     0.25    0.88
-136615.460    14.086     0.56    1.10
-136239.100    14.108     0.06    1.24
-135862.756    14.410     0.80    1.37
-135486.429    14.654     0.65    1.49
-135110.119    14.713     0.16    1.40
-134733.826    14.753     0.11    1.35
-134357.550    15.034     0.74    1.36
-133981.290    15.085     0.14    1.15
-133605.047    15.271     0.49    1.15
-133228.821    14.995    -0.73    1.36
-132852.611    14.131    -2.30    1.48
-132476.419    13.359    -2.05    1.41
-132100.243    12.699    -1.75    1.11
-131724.083    12.472    -0.60    0.91
-131347.941    12.666     0.52    0.96
-130971.815    13.109     1.18    1.25
-130595.706    13.666     1.48    1.12
-130219.614    13.887     0.59    1.07
-129843.539    13.887     0.00    1.11
-129467.480    13.790    -0.26    1.10
-129091.438    13.550    -0.64    1.10
-128715.413    13.359    -0.51    1.29
-128339.404    13.085    -0.73    1.48
-127963.412    12.427    -1.75    1.56
-127587.437    11.472    -2.54    1.70
-127211.478    10.364    -2.95    1.39
-126835.537     9.620    -1.98    0.86
-126459.612     9.268    -0.94    0.46
-126083.703     9.131    -0.36    0.00
-125707.811     9.131     0.00    0.00
-125331.936     9.131     0.00    0.00
-124956.078     9.155     0.06    0.15
-124580.236     9.155     0.00    0.15
-124204.411     9.131    -0.06    0.00
-123828.603     9.131     0.00    0.00
-123452.811     9.131     0.00    0.00
-123077.036     9.131     0.00    0.00
-122701.278     9.250     0.32    0.40
-122325.536     9.759     1.35    0.95
-121949.811    10.495     1.96    1.22
-121574.103    11.109     1.63    1.07
-121198.411    11.387     0.74    0.88
-120822.736    11.201    -0.50    0.88
-120447.077    10.992    -0.56    0.80
-120071.435    10.813    -0.48    0.80
-119695.810    10.782    -0.08    0.75
-119320.201    10.586    -0.52    0.76
-118944.609    10.503    -0.22    0.69
-118569.033    10.353    -0.40    0.70
-118193.475    10.326    -0.07    0.87
-117817.932    10.108    -0.58    0.89
-117442.407    10.040    -0.18    0.91
-117066.897    10.063     0.06    0.87
-116691.405    10.201     0.37    0.96
-116315.929    10.131    -0.19    0.98
-115940.470    10.222     0.24    1.22
-115565.027    10.294     0.19    1.00
-115189.601    10.061    -0.62    1.06
-114814.191     9.995    -0.18    0.88
-114438.798     9.852    -0.38    0.70
-114063.421     9.654    -0.53    0.79
-113688.061     9.713     0.16    0.66
-113312.718     9.655    -0.15    0.77
-112937.391     9.846     0.51    0.86
-112562.081     9.852     0.02    0.88
-112186.787     9.782    -0.19    0.81
-111811.510     9.782     0.00    0.84
-111436.249     9.631    -0.40    0.82
-111061.005     9.722     0.24    1.02
-110685.777     9.869     0.39    1.06
-110310.566     9.992     0.33    1.06
-109935.371    10.038     0.12    1.02
-109560.193    10.086     0.13    0.83
-109185.032     9.968    -0.31    0.95
-108809.887     9.988     0.05    0.87
-108434.758    10.061     0.19    0.91
-108059.646    10.085     0.06    0.95
-107684.550    10.131     0.12    0.72
-107309.471    10.015    -0.31    0.76
-106934.408     9.836    -0.48    0.70
-106559.362     9.736    -0.27    0.88
-106184.332     9.631    -0.28    1.09
-105809.319     9.829     0.53    1.19
-105434.322     9.806    -0.06    1.19
-105059.342     9.750    -0.15    1.10
-104684.378     9.689    -0.16    1.08
-104309.431     9.731     0.11    1.12
-103934.500     9.790     0.16    1.10
-103559.585    10.060     0.72    0.97
-103184.687    10.131     0.19    0.87
-102809.805     9.922    -0.56    0.94
-102434.940     9.965     0.11    0.99
-102060.091    10.109     0.38    0.95
-101685.259    10.253     0.39    0.87
-101310.443    10.294     0.11    0.95
-100935.643    10.322     0.07    0.92
-100560.860    10.201    -0.32    0.99
-100186.094    10.009    -0.51    1.00
 -99811.343    10.131     0.33    0.96
 -99436.609    10.226     0.25    1.01
 -99061.892    10.506     0.75    1.03
 -98687.191    10.472    -0.09    1.08
 -98312.506    10.431    -0.11    1.18
 -97937.838    10.393    -0.10    1.06
 -97563.186    10.346    -0.13    1.00
 -97188.550    10.364     0.05    0.84
 -96813.931    10.154    -0.56    0.93
 -96439.328     9.981    -0.46    1.08
 -96064.742    10.109     0.34    1.09
 -95690.171     9.936    -0.46    1.12
 -95315.618    10.036     0.27    1.03
 -94941.080    10.038     0.01    0.95
 -94566.559    10.322     0.76    1.02
 -94192.055    10.631     0.83    1.00
 -93817.566    10.952     0.86    0.97
 -93443.094    11.040     0.24    0.88
 -93068.638    10.917    -0.33    0.90
 -92694.199    10.875    -0.11    0.85
 -92319.776    10.806    -0.19    0.81
 -91945.369    10.717    -0.24    0.84
 -91570.979    10.699    -0.05    0.76
 -91196.605    10.772     0.19    0.87
 -90822.247    10.927     0.41    0.88
 -90447.905    11.061     0.36    0.94
 -90073.580    10.992    -0.19    0.94
 -89699.271    10.813    -0.48    0.91
 -89324.979    10.644    -0.45    1.19
 -88950.702    11.109     1.24    1.62
 -88576.442    11.465     0.95    1.61
 -88202.199    11.666     0.54    1.44
 -87827.971    11.563    -0.28    1.26
 -87453.760    11.457    -0.28    0.99
 -87079.565    11.245    -0.57    0.99
 -86705.386    11.105    -0.37    0.94
 -86331.224    11.154     0.13    1.02
 -85957.078    11.084    -0.19    0.96
 -85582.948    11.268     0.49    0.95
 -85208.834    11.381     0.30    0.84
 -84834.737    11.356    -0.07    0.97
 -84460.656    11.631     0.74    0.93
 -84086.591    11.684     0.14    1.08
 -83712.542    11.677    -0.02    1.13
 -83338.510    11.852     0.47    1.01
 -82964.493    11.852     0.00    1.01
 -82590.493    11.899     0.12    1.11
 -82216.509    11.926     0.07    1.17
 -81842.542    11.836    -0.24    1.25
 -81468.591    11.806    -0.08    1.27
 -81094.655    11.722    -0.22    1.15
 -80720.736    11.852     0.35    1.16
 -80346.834    11.965     0.30    0.96
 -79972.947    11.798    -0.45    0.98
 -79599.077    11.824     0.07    0.95
 -79225.222    11.722    -0.27    0.76
 -78851.384    11.756     0.09    0.70
 -78477.563    11.846     0.24    0.67
 -78103.757    11.836    -0.03    0.79
 -77729.967    11.726    -0.29    0.91
 -77356.194    11.782     0.15    0.95
 -76982.437    11.759    -0.06    0.95
 -76608.696    11.859     0.27    0.87
 -76234.971    11.941     0.22    0.86
 -75861.262    11.689    -0.67    0.93
 -75487.570    11.666    -0.06    1.03
 -75111.496    11.713     0.12    1.05
 -74734.569    11.806     0.25    0.89
 -74357.658    11.679    -0.34    0.92
 -73980.764    11.722     0.11    0.87
 -73603.886    12.065     0.91    0.89
 -73227.025    12.387     0.86    1.03
 -72850.180    12.679     0.77    1.06
 -72473.352    12.806     0.34    0.99
 -72096.540    12.573    -0.62    0.91
 -71719.744    12.298    -0.73    0.85
 -71342.965    12.341     0.11    0.89
 -70966.202    12.203    -0.37    0.97
 -70589.455    12.178    -0.07    1.00
 -70212.725    12.179     0.00    0.99
 -69836.011    12.155    -0.06    1.18
 -69459.314    12.290     0.36    1.26
 -69082.633    12.553     0.70    1.12
 -68705.968    12.679     0.33    0.86
 -68329.320    12.689     0.03    0.77
 -67952.688    12.806     0.31    0.71
 -67576.073    12.782    -0.06    0.72
 -67199.474    12.726    -0.15    0.83
 -66822.891    12.922     0.52    0.91
 -66446.324    12.750    -0.46    0.96
 -66069.774    12.573    -0.47    1.05
 -65693.241    12.679     0.28    1.02
 -65316.723    12.790     0.29    1.28
 -64940.222    12.899     0.29    1.23
 -64563.737    13.018     0.32    1.24
 -64187.269    12.941    -0.20    1.25
 -63810.817    13.108     0.44    0.96
 -63434.381    13.155     0.13    1.09
 -63057.962    13.224     0.18    1.17
 -62681.559    13.250     0.07    1.11
 -62305.172    12.922    -0.87    1.30
 -61928.801    13.060     0.37    1.22
 -61552.447    12.846    -0.57    1.11
 -61176.109    13.038     0.51    1.19
 -60799.787    12.985    -0.14    0.99
 -60423.482    12.945    -0.11    0.93
 -60047.193    12.949     0.01    0.99
 -59670.920    13.036     0.23    1.10
 -59294.664    13.224     0.50    1.34
 -58918.423    13.298     0.20    1.40
 -58542.200    13.518     0.58    1.42
 -58165.992    13.488    -0.08    1.30
 -57789.800    13.317    -0.45    1.12
 -57413.625    13.155    -0.43    1.18
 -57037.466    13.131    -0.06    0.95
 -56661.323    13.178     0.12    0.75
 -56285.197    13.084    -0.25    0.79
 -55909.087    13.060    -0.06    0.75
 -55532.993    13.063     0.01    0.66
 -55156.915    13.012    -0.14    0.83
 -54780.853    13.015     0.01    1.00
 -54404.808    14.317     3.46    3.74
 -54028.779    15.222     2.41    3.89
 -53652.766    16.274     2.80    3.72
 -53276.770    16.689     1.10    3.32
 -52900.789    16.268    -1.12    1.65
 -52524.825    16.410     0.38    1.96
 -52148.877    16.512     0.27    1.90
 -51772.945    17.084     1.52    2.25
 -51397.029    17.346     0.70    2.38
 -51021.130    18.061     1.90    2.39
 -50645.246    18.968     2.41    2.33
 -50269.379    19.359     1.04    2.27
 -49893.528    19.620     0.69    2.38
 -49517.694    18.992    -1.67    2.49
 -49141.875    18.317    -1.79    2.81
 -48766.073    17.689    -1.67    2.64
 -48390.286    19.503     4.83    7.53
 -48014.516    22.155     7.06   10.37
 -47638.762    26.822    12.42   11.38
 -47263.024    33.274    17.17   12.42
 -46887.303    39.822    17.43   12.65
 -46511.597    44.398    12.18   10.88
 -46135.908    45.294     2.39   11.29
 -45760.234    40.654   -12.35   15.29
 -45384.577    32.038   -22.94   16.43
 -45008.936    24.131   -21.05   13.63
 -44633.311    18.518   -14.95    9.99
 -44257.702    15.038    -9.26    0.75
 -43882.110    14.899    -0.37    0.78
 -43506.533    15.086     0.50    0.96
 -43130.973    15.155     0.18    0.91
 -42755.428    15.177     0.06    1.12
 -42379.900    15.204     0.07    0.98
 -42004.388    15.178    -0.07    1.00
 -41628.892    15.038    -0.37    1.15
 -41253.412    15.336     0.79    1.19
 -40877.948    15.457     0.32    1.25
 -40502.500    15.457     0.00    1.23
 -40127.068    15.620     0.43    1.18
 -39751.653    15.689     0.19    1.14
 -39376.253    15.480    -0.56    0.92
 -39000.869    15.563     0.22    1.04
 -38625.502    15.666     0.27    2.21
 -38250.150    15.736     0.19    2.18
 -37874.815    15.607    -0.34    2.30
 -37499.495    15.798     0.51    2.23
 -37124.192    15.465    -0.89    1.07
 -36748.905    15.620     0.41    1.10
 -36373.634    15.689     0.19    0.98
 -35998.378    15.736     0.12    0.93
 -35623.139    15.689    -0.12    0.85
 -35247.916    15.881     0.51    1.38
 -34872.709    16.369     1.30    1.62
 -34497.518    16.488     0.32    1.56
 -34122.342    16.631     0.38    1.47
 -33747.183    16.322    -0.83    1.04
 -33372.040    16.271    -0.14    1.01
 -32996.913    16.655     1.02    1.31
 -32621.802    16.806     0.40    1.46
 -32246.707    16.806     0.00    1.38
 -31871.627    16.852     0.12    1.28
 -31496.564    16.607    -0.65    1.19
 -31121.517    16.457    -0.40    1.02
 -30746.486    16.155    -0.81    1.10
 -30371.471    16.031    -0.33    1.13
 -29996.471    16.199     0.45    1.11
 -29621.488    16.424     0.60    1.08
 -29246.521    16.798     1.00    0.95
 -28871.569    16.782    -0.04    0.90
 -28496.634    16.941     0.42    0.97
 -28121.714    17.222     0.75    0.96
 -27746.810    17.208    -0.04    1.04
 -27371.923    17.290     0.22    1.14
 -26997.051    17.375     0.23    1.22
 -26622.195    17.155    -0.59    1.24
 -26247.355    17.131    -0.06    1.25
 -25872.532    16.756    -1.00    0.81
 -25497.724    17.040     0.76    1.27
 -25122.931    17.977     2.50    2.52
 -24748.155    18.294     0.84    2.53
 -24373.395    18.131    -0.43    2.61
 -23998.651    17.527    -1.61    2.26
 -23623.922    16.699    -2.21    0.76
 -23249.210    16.973     0.73    0.82
 -22874.513    17.699     1.94    2.04
 -22499.832    18.031     0.89    2.02
 -22125.167    18.245     0.57    2.05
 -21750.518    18.359     0.30    2.00
 -21375.885    17.906    -1.21    1.40
 -21001.268    17.745    -0.43    1.32
 -20626.666    17.473    -0.72    0.78
 -20252.081    17.336    -0.37    0.76
 -19877.511    17.317    -0.05    0.79
 -19502.957    17.336     0.05    0.90
 -19128.419    17.294    -0.11    1.00
 -18753.897    17.285    -0.02    1.04
 -18379.391    17.199    -0.23    1.09
 -18004.901    16.952    -0.66    0.94
 -17630.426    17.061     0.29    0.99
 -17255.967    17.155     0.25    0.94
 -16881.524    17.107    -0.13    0.84
 -16507.097    17.381     0.73    0.75
 -16132.686    17.388     0.02    0.88
 -15758.291    17.404     0.04    0.95
 -15383.911    17.512     0.29    0.96
 -15009.547    17.968     1.22    1.99
 -14635.199    19.226     3.36    3.21
 -14260.867    20.912     4.50    4.05
 -13886.550    22.336     3.80    3.62
 -13512.250    22.556     0.59    3.46
 -13137.965    21.084    -3.93    3.35
 -12763.696    19.550    -4.10    2.64
 -12389.443    18.917    -1.69    2.42
 -12015.205    17.988    -2.48    1.24
 -11640.984    17.831    -0.42    0.97
 -11266.778    17.745    -0.23    0.95
 -10892.587    17.506    -0.64    1.05
 -10518.413    17.393    -0.30    1.11
 -10144.254    17.155    -0.64    1.01
  -9770.112    17.155     0.00    1.12
  -9395.984    17.271     0.31    1.04
  -9021.873    17.341     0.19    1.01
  -8647.777    17.550     0.56    0.98
  -8273.698    17.584     0.09    0.92
  -7899.633    17.457    -0.34    0.99
  -7525.585    17.317    -0.37    0.88
  -7151.552    17.201    -0.31    0.94
  -6777.535    17.063    -0.37    1.00
  -6403.534    17.038    -0.07    1.09
  -6029.549    17.036    -0.01    1.05
  -5655.579    17.201     0.44    1.01
  -5281.625    17.250     0.13    0.92
  -4907.687    17.201    -0.13    0.86
  -4533.764    17.063    -0.37    0.87
  -4159.857    17.387     0.87    1.71
  -3785.966    14.687    -7.22    6.92
  -3412.090     9.893   -12.82    9.54
  -3038.230     4.229   -15.15    8.58
  -2664.386     0.107   -11.02    3.86
  -2290.557     0.782     1.81    3.31
  -1916.745     1.631     2.27    3.30
  -1542.947     3.457     4.88    3.14
  -1169.166     4.904     3.87    2.10
   -795.400     4.609    -0.79    1.70
   -421.064     4.346    -0.70    1.94
    -44.173     3.294    -2.79    2.84
    332.702     1.655    -4.35    3.03
    709.560    -0.012    -4.42    1.86
   1086.403    -0.869    -2.27    0.00
   1463.230    -0.678     0.51    0.94
   1840.041     0.248     2.46    2.26
   2216.836     1.250     2.66    2.75
   2593.615     2.512     3.35    2.84
   2970.378     3.573     2.82    2.29
   3347.125     4.226     1.73    1.30
   3723.857     4.179    -0.13    1.31
   4100.572     4.298     0.32    1.27
   4477.272     4.131    -0.44    1.27
   4853.956     3.692    -1.17    1.05
   5230.623     3.806     0.30    1.02
   5607.275     3.393    -1.10    1.08
   5983.911     3.381    -0.03    1.17
   6360.532     3.404     0.06    1.19
   6737.136     3.229    -0.47    0.89
   7113.724     3.298     0.18    0.99
   7490.297     2.703    -1.58    1.38
   7866.854     2.156    -1.45    1.86
   8243.394     2.108    -0.13    2.20
   8619.919     2.481     0.99    2.42
   8996.429     4.060     4.19    2.39
   9372.922     5.703     4.36    2.91
   9749.399     7.945     5.96    4.06
  10125.861    10.417     6.57    4.03
  10502.307    11.668     3.32    2.99
  10878.737    11.745     0.20    1.86
  11255.151    10.936    -2.15    1.69
  11631.549    10.527    -1.09    1.33
  12007.932    10.346    -0.48    1.54
  12384.299    10.181    -0.44    1.34
  12760.650    10.268     0.23    1.23
  13136.985    10.456     0.50    1.31
  13513.304    10.274    -0.48    0.90
  13889.608    10.512     0.63    0.91
  14265.895    10.666     0.41    0.96
  14642.167    10.759     0.25    1.05
  15018.423    10.695    -0.17    0.91
  15394.664    10.904     0.55    1.29
  15770.888    11.278     0.99    1.33
  16147.097    12.387     2.95    2.36
  16523.290    14.203     4.83    3.52
  16899.467    15.981     4.73    3.32
  17275.629    15.495    -1.29    3.41
  17651.775    15.029    -1.24    3.38
  18027.905    13.346    -4.47    1.77
  18404.019    12.736    -1.62    1.31
  18780.117    12.465    -0.72    0.85
  19156.200    12.427    -0.10    0.79
  19532.267    12.542     0.31    0.94
  19908.319    12.631     0.24    1.13
  20284.354    12.679     0.13    1.45
  20660.374    12.666    -0.03    1.67
  21036.378    12.465    -0.54    1.41
  21412.366    12.868     1.07    1.75
  21788.339    12.540    -0.87    1.65
  22164.296    12.054    -1.29    1.36
  22540.237    11.941    -0.30    0.94
  22916.163    12.154     0.57    1.21
  23292.073    12.473     0.85    1.30
  23667.967    12.881     1.09    1.40
  24043.845    13.131     0.67    1.26
  24419.708    12.995    -0.36    1.34
  24795.555    12.968    -0.07    1.27
  25171.386    12.945    -0.06    1.20
  25547.202    13.518     1.52    1.56
  25923.002    14.052     1.42    1.75
  26298.787    14.359     0.81    1.65
  26674.555    14.875     1.37    1.65
  27050.308    14.813    -0.16    1.61
  27426.046    14.759    -0.14    1.59
  27801.768    14.977     0.58    1.46
  28177.474    15.336     0.95    1.76
  28553.164    15.763     1.14    1.88
  28928.839    15.518    -0.65    1.87
  29304.498    15.317    -0.53    1.91
  29680.142    15.224    -0.25    2.40
  30055.769    14.154    -2.85    1.19
  30431.382    14.054    -0.27    1.33
  30806.978    14.199     0.39    1.56
  31182.559    14.253     0.14    1.57
  31558.125    14.410     0.42    1.47
  31933.675    14.369    -0.11    1.28
  32309.209    14.259    -0.29    0.95
  32684.727    14.222    -0.10    1.07
  33060.230    14.394     0.46    1.06
  33435.718    14.480     0.23    1.02
  33811.189    14.713     0.62    1.20
  34186.646    14.774     0.16    1.19
  34562.086    14.540    -0.62    1.32
  34937.511    14.413    -0.34    1.21
  35312.921    14.313    -0.27    1.39
  35688.315    14.226    -0.23    1.34
  36063.693    14.596     0.99    1.78
  36439.056    15.155     1.49    2.32
  36814.403    15.058    -0.26    2.49
  37189.735    14.972    -0.23    2.50
  37565.051    14.331    -1.71    1.54
  37940.351    14.178    -0.41    1.88
  38315.636    14.596     1.12    2.48
  38690.905    14.180    -1.11    1.79
  39066.159    14.573     1.05    2.05
  39441.398    14.619     0.12    1.61
  39816.621    14.869     0.67    2.11
  40191.828    15.692     2.19    3.24
  40567.020    16.155     1.23    3.37
  40942.196    16.822     1.78    3.87
  41317.356    17.012     0.51    3.68
  41692.502    16.679    -0.89    3.55
  42067.631    16.274    -1.08    3.42
  42442.746    15.596    -1.81    2.69
  42817.844    15.086    -1.36    2.13
  43192.927    14.893    -0.51    1.64
  43567.995    14.736    -0.42    1.26
  43943.047    15.248     1.36    2.00
  44318.084    15.512     0.71    2.04
  44693.105    15.298    -0.57    1.41
  45068.111    15.480     0.49    1.45
  45443.101    15.271    -0.56    1.39
  45818.076    14.968    -0.81    1.76
  46193.035    14.806    -0.43    1.92
  46567.979    14.434    -0.99    1.74
  46942.908    14.226    -0.55    1.69
  47317.821    14.012    -0.57    1.63
  47692.718    13.584    -1.14    1.19
  48067.600    13.736     0.41    1.09
  48442.467    14.596     2.30    1.96
  48817.318    14.607     0.03    1.94
  49192.154    14.768     0.43    2.00
  49566.974    14.596    -0.46    1.45
  49941.779    14.441    -0.42    1.30
  50316.568    14.643     0.54    1.20
  50691.342    14.480    -0.43    1.13
  51066.101    14.369    -0.30    0.98
  51440.844    14.480     0.30    1.45
  51815.572    14.765     0.76    1.95
  52190.284    14.655    -0.29    2.07
  52564.981    14.326    -0.88    2.20
  52939.663    13.852    -1.27    2.23
  53314.329    13.131    -1.92    1.40
  53688.980    12.893    -0.64    1.30
  54063.615    12.798    -0.25    1.24
  54438.235    12.881     0.22    1.13
  54812.840    13.063     0.49    0.95
  55187.429    13.081     0.05    0.96
  55562.003    13.417     0.90    1.02
  55936.561    13.620     0.54    1.42
  56311.104    13.573    -0.12    1.45
  56685.632    13.768     0.52    1.42
  57060.144    13.684    -0.22    1.18
  57434.641    13.768     0.22    1.16
  57809.123    13.887     0.32    0.94
  58183.589    13.875    -0.03    0.98
  58558.040    13.806    -0.19    1.02
  58932.476    13.772    -0.09    0.96
  59306.896    13.699    -0.19    1.00
  59681.301    13.465    -0.63    1.11
  60055.691    13.550     0.23    1.37
  60430.065    13.381    -0.45    1.42
  60804.424    13.179    -0.54    1.38
  61178.768    13.336     0.42    1.39
  61553.096    13.029    -0.82    0.94
  61927.409    13.177     0.40    1.16
  62301.707    13.156    -0.05    1.29
  62675.990    13.131    -0.07    1.45
  63050.257    13.107    -0.07    1.41
  63424.509    13.206     0.27    1.16
  63798.745    13.881     1.80    1.88
  64172.966    14.158     0.74    1.85
  64547.172    14.875     1.92    2.59
  64921.363    15.689     2.18    2.70
  65295.539    16.036     0.93    2.59
  65669.699    16.512     1.27    2.62
  66043.844    16.006    -1.35    2.04
  66417.973    15.586    -1.12    1.89
  66792.088    15.281    -0.81    1.75
  67166.187    14.703    -1.55    1.40
  67540.270    14.480    -0.59    1.63
  67914.339    14.375    -0.28    1.71
  68288.392    14.341    -0.09    1.74
  68662.431    14.131    -0.56    1.84
  69036.453    13.736    -1.06    1.58
  69410.461    13.417    -0.85    1.25
  69784.453    13.178    -0.64    1.13
  70158.431    12.941    -0.63    1.09
  70532.392    12.992     0.14    1.19
  70906.339    12.829    -0.44    1.10
  71280.271    12.620    -0.56    1.12
  71654.187    13.084     1.24    1.34
  72028.088    12.846    -0.64    1.42
  72401.974    12.822    -0.06    1.58
  72775.845    13.038     0.58    1.54
  73149.700    12.689    -0.93    1.39
  73523.540    12.465    -0.60    1.65
  73897.365    12.449    -0.04    1.58
  74271.175    12.155    -0.79    1.52
  74646.910    11.941    -0.57    1.45
  75023.757    12.085     0.38    1.02
  75400.589    12.012    -0.19    0.92
  75777.406    11.631    -1.01    1.45
  76154.206    11.736     0.28    1.66
  76530.992    11.703    -0.09    1.74
  76907.762    11.790     0.23    1.74
  77284.517    11.988     0.53    1.97
  77661.256    12.036     0.13    1.92
  78037.980    12.155     0.31    1.96
  78414.688    12.298     0.38    2.00
  78791.381    12.869     1.52    1.96
  79168.059    12.798    -0.19    1.86
  79544.721    13.061     0.70    1.79
  79921.368    13.012    -0.13    1.67
  80297.999    12.620    -1.04    1.45
  80674.615    12.512    -0.29    1.23
  81051.215    12.306    -0.55    1.15
  81427.801    12.226    -0.21    1.16
  81804.371    12.180    -0.12    1.22
  82180.925    11.846    -0.89    1.07
  82557.464    11.869     0.06    1.13
  82933.988    11.912     0.11    1.13
  83310.496    12.131     0.58    1.15
  83686.989    12.131     0.00    1.08
  84063.467    12.346     0.57    1.09
  84439.929    12.226    -0.32    1.03
  84816.376    12.131    -0.25    1.02
  85192.808    12.250     0.32    1.09
  85569.224    12.054    -0.52    0.98
  85945.625    11.972    -0.22    1.22
  86322.010    11.887    -0.23    1.24
  86698.381    11.560    -0.87    1.31
  87074.735    11.417    -0.38    1.35
  87451.075    11.356    -0.16    1.29
  87827.399    11.427     0.19    1.32
  88203.708    11.695     0.71    1.37
  88580.002    11.607    -0.23    1.23
  88956.280    11.248    -0.96    1.40
  89332.543    10.893    -0.94    1.25
  89708.791    10.654    -0.64    1.15
  90085.023    10.747     0.25    1.31
  90461.241    11.040     0.78    1.61
  90837.442    10.965    -0.20    1.68
  91213.629    11.038     0.20    1.66
  91589.800    10.666    -0.99    1.12
  91965.956    10.579    -0.23    1.22
  92342.097    10.586     0.02    1.25
  92718.223    10.206    -1.01    1.14
  93094.333     9.927    -0.74    1.17
  93470.428     9.782    -0.38    1.09
  93846.507     9.670    -0.30    1.25
  94222.572     9.268    -1.07    1.15
  94598.621     8.926    -0.91    1.03
  94974.655     8.643    -0.75    1.01
  95350.673     8.563    -0.21    1.07
  95726.677     8.584     0.05    0.99
  96102.665     8.631     0.13    1.13
  96478.638     8.763     0.35    1.20
  96854.596     8.813     0.13    1.20
  97230.538     8.679    -0.36    1.33
  97606.466     8.341    -0.90    1.41
  97982.378     8.224    -0.31    1.44
  98358.275     8.183    -0.11    1.26
  98734.156     8.995     2.16    1.95
  99110.023     8.875    -0.32    1.58
  99485.874     8.631    -0.65    1.61
  99861.710     9.060     1.14    2.12
 100237.531     8.741    -0.85    1.92
 100613.336     8.495    -0.65    1.93
 100989.127     8.079    -1.11    1.35
 101364.902     7.968    -0.29    1.33
 101740.662     7.759    -0.56    1.18
 102116.407     7.774     0.04    1.10
 102492.137     7.620    -0.41    1.01
 102867.851     7.516    -0.28    0.94
 103243.551     7.381    -0.36    1.08
 103619.235     7.179    -0.54    0.91
 103994.904     7.224     0.12    0.89
 104370.558     7.179    -0.12    0.91
 104746.197     7.131    -0.13    0.89
 105121.820     7.018    -0.30    1.02
 105497.429     7.031     0.04    1.13
 105873.022     7.036     0.01    1.23
 106248.600     6.869    -0.44    1.23
 106624.163     7.009     0.37    1.33
 106999.711     6.899    -0.29    1.15
 107375.244     6.839    -0.16    1.12
 107750.762     6.822    -0.04    1.12
 108126.264     6.393    -1.14    1.04
 108501.752     6.410     0.05    1.05
 108877.224     6.179    -0.62    1.15
 109252.681     6.155    -0.06    1.06
 109628.123     6.226     0.19    1.21
 110003.550     6.278     0.14    1.26
 110378.962     6.107    -0.45    1.22
 110754.359     5.927    -0.48    1.39
 111129.741     5.917    -0.03    1.54
 111505.108     5.699    -0.58    1.65
 111880.459     5.643    -0.15    1.96
 112255.796     5.522    -0.32    2.18
 112631.117     5.481    -0.11    2.25
 113006.423     5.180    -0.80    2.19
 113381.715     5.317     0.37    2.39
 113756.991     4.790    -1.40    2.36
 114132.252     4.750    -0.11    2.48
 114507.498     4.503    -0.66    2.55
 114882.729     4.863     0.96    2.38
 115257.945     4.607    -0.68    2.07
 115633.146     4.917     0.82    2.28
 116008.332     4.875    -0.11    2.24
 116383.503     4.717    -0.42    2.32
 116758.659     4.527    -0.51    2.07
 117133.800     4.274    -0.67    1.52
 117508.925     4.560     0.76    1.35
 117884.036     4.726     0.44    1.29
 118259.132     4.875     0.40    1.33
 118634.213     5.082     0.55    1.36
 119009.278     5.274     0.51    1.51
 119384.329     5.750     1.27    1.65
 119759.365     5.806     0.15    1.58
 120134.385     5.995     0.50    1.59
 120509.391     6.229     0.62    1.55
 120884.382     6.036    -0.51    1.49
 121259.358     6.298     0.70    1.54
 121634.318     6.036    -0.70    1.46
 122009.264     6.109     0.19    1.17
 122384.195     6.208     0.27    1.11
 122759.111     6.336     0.34    1.07
 123134.011     6.560     0.60    1.06
 123508.897     6.643     0.22    1.10
 123883.768     6.536    -0.29    1.15
 124258.624     6.921     1.03    1.76
 124633.465     6.881    -0.11    2.10
 125008.291     6.772    -0.29    1.99
 125383.102     6.584    -0.50    1.66
 125757.898     6.268    -0.84    1.39
 126132.679     6.231    -0.10    1.32
 126507.446     6.018    -0.57    1.32
 126882.197     5.947    -0.19    1.27
 127256.933     6.063     0.31    1.25
 127631.655     6.294     0.62    1.23
 128006.361     6.341     0.12    1.15
 128381.053     6.457     0.31    1.13
 128755.729     6.490     0.09    1.20
 129130.391     6.495     0.01    1.12
 129505.038     6.473    -0.06    1.06
 129879.670     6.488     0.04    0.96
 130254.287     6.298    -0.51    1.01
 130628.889     6.204    -0.25    0.98
 131003.476     6.404     0.53    1.06
 131378.049     6.490     0.23    1.18
 131752.606     6.655     0.44    1.06
 132127.149     6.620    -0.09    1.24
 132501.676     6.584    -0.10    1.29
 132876.189     6.584     0.00    1.19
 133250.687     6.631     0.13    1.28
 133625.170     6.692     0.16    1.32
 133999.638     6.717     0.07    1.12
 134374.092     6.655    -0.16    1.19
 134748.530     6.573    -0.22    1.20
 135122.954     6.607     0.09    1.13
 135497.363     6.527    -0.22    1.20
 135871.757     6.364    -0.43    1.13
 136246.136     6.400     0.10    1.10
 136620.500     6.406     0.02    1.09
 136994.849     6.400    -0.02    1.40
 137369.184     6.573     0.46    1.44
 137743.504     6.927     0.94    1.46
 138117.809     7.155     0.61    1.42
 138492.099     7.179     0.06    1.25
 138866.374     7.179     0.00    1.55
 139240.634     7.156    -0.06    1.80
 139614.880     7.424     0.72    1.87
 139989.111     7.346    -0.21    1.75
 140363.327     7.417     0.19    1.53
 140737.528     7.465     0.13    1.28
 141111.714     7.417    -0.13    1.33
 141485.886     7.607     0.51    1.42
 141860.043     7.806     0.53    1.31
 142234.185     7.945     0.37    1.22
 142608.312     8.229     0.76    1.14
 142982.425     8.229     0.00    1.09
 143356.522     8.203    -0.07    1.18
 143730.605     8.424     0.59    1.27
 144104.673     8.177    -0.66    1.31
 144478.727     8.234     0.15    1.41
 144852.765     8.224    -0.03    1.27
 145226.789     8.369     0.39    1.30
 145600.798     8.131    -0.64    1.40
 145974.793     7.922    -0.56    1.28
 146348.772     7.815    -0.28    1.25
 146722.737     7.881     0.18    1.26
 147096.687     8.234     0.94    1.23
 147470.623     8.666     1.16    1.39
 147844.543     8.798     0.35    1.36
 148218.449     8.556    -0.65    1.43
 148592.340     8.495    -0.16    1.45
 148966.217     8.631     0.36    1.33
 149340.313     8.759     0.34    1.36
 149717.134     8.666    -0.25    1.30
 150093.940     8.560    -0.28    1.33
 150470.732     8.495    -0.17    1.31
 150847.508     8.259    -0.62    1.20
 151224.269     7.995    -0.70    1.21
 151601.016     7.750    -0.65    0.94
 151977.747     7.917     0.44    1.00
 152354.464     7.750    -0.44    1.01
 152731.165     7.747    -0.01    1.07
 153107.852     7.563    -0.49    0.97
 153484.523     7.306    -0.68    0.98
 153861.180     7.393     0.23    1.13
 154237.822     7.326    -0.18    1.19
 154614.449     7.326     0.00    1.23
 154991.061     7.154    -0.46    1.21
 155367.658     7.081    -0.19    1.20
 155744.240     7.012    -0.18    1.19
 156120.808     6.679    -0.89    1.13
 156497.360     6.570    -0.29    1.10
 156873.898     6.480    -0.24    1.27
 157250.420     6.456    -0.06    1.35
 157626.928     6.703     0.65    1.64
 158003.421     7.546     2.24    2.44
 158379.899     8.393     2.25    2.21
 158756.362     9.179     2.09    2.64
 159132.810     9.619     1.17    2.50
 159509.243     9.692     0.19    2.96
 159885.662     8.985    -1.88    3.75
 160262.065     7.965    -2.71    4.24
 160638.454     7.308    -1.74    4.50
