# NaN NaN NaN ;Mean Elev.(m), Avg Gradient(m/km), RMS Gradient(m/km) - SRTM1     
#   51.280   0.171   4.163 ;Mean Elev.(m), Avg Gradient(m/km), RMS Gradient(m/km) - ASTER GDEM
#   60.954  -0.007   2.623 ;Mean Elev.(m), Avg Gradient(m/km), RMS Gradient(m/km) - GMTED2010 
  7 303.313366 -27.573321    59.138    59.120  4 52470.08663479 40.046
  8 303.313697 -27.573557    64.592    64.961  4 52505.08661831 21.937
  9 303.319819 -27.559912    70.708    70.555  5 52540.08660341 22.769
 11 303.314418 -27.570878    64.940    66.703  5 52610.08660718 26.215
 12 303.316125 -27.567673    59.764    59.941  5 52645.08659790 36.637
 13 303.317586 -27.560759    61.694    60.562  6 52680.08657564 27.192
 15 303.305461 -27.580310    59.966    59.894  3 52750.08664605 40.133
 16 303.316611 -27.566382    59.471    59.390  5 52785.08659127 38.101
 17 303.316359 -27.567425    59.337    59.304  5 52820.08666634 24.451
 18 303.317603 -27.563857    59.457    59.482  6 52855.08671525 27.418
 20 303.312724 -27.575332    65.476    65.357  4 52925.08669950 24.957
 21 303.321710 -27.557610    71.994    71.996  4 52960.08666975 21.032
 22 303.316080 -27.567539    68.210    69.536  4 52995.08670200 23.890
 23 303.313677 -27.570562    61.663    61.006  4 53030.08666529 20.666
 24 303.319084 -27.562117    63.196    59.709  6 53065.08667404 22.980
 25 303.310520 -27.578576    59.588    59.640  3 53100.08667737 40.561
 26 303.320266 -27.559210    61.770    60.302  5 53135.08667487 26.320
 28 303.314625 -27.572522    69.857    72.461  4 53205.08674156 22.153
 29 303.317069 -27.563751    59.741    59.713  6 53240.08671082 24.344
 31 303.313265 -27.573047    60.122    60.130  4 53310.08672378 37.904
 32 303.314699 -27.569015    60.291    60.273  4 53345.08669053 51.868
 34 303.318765 -27.561041    60.486    60.525  5 53415.08666915 20.646
 35 303.318941 -27.560690    59.757    59.711  5 53450.08666267 21.502
 36 303.310997 -27.576489    71.693    72.707  4 53485.08674512 20.475
 37 303.316393 -27.567770    60.120    60.118  5 53520.08674298 26.040
 38 303.310346 -27.578043    59.199    59.215  3 53555.08676438 51.097
 39 303.317997 -27.561718    64.179    64.512  6 53590.08671022 20.178
 40 303.313589 -27.572689    65.115    63.987  3 53625.08668906 19.577
 41 303.315070 -27.569966    66.154    64.819  4 53660.08671589 22.698
 42 303.313871 -27.571107    59.855    59.855  4 53695.08668964 49.766
 43 303.315660 -27.568820    65.087    63.595  5 53730.08661295 19.810
 44 303.321459 -27.558453    59.626    59.649  4 53765.08658107 21.695
 45 303.316802 -27.567058    60.265    60.256  4 53800.08658456 34.841
 46 303.318157 -27.561919    59.941    59.945  5 53835.08658725 21.470
 47 303.315615 -27.568950    59.309    59.199  4 53870.08664624 31.302
 48 303.314078 -27.570687    59.686    59.683  4 53905.08668113 38.482
 49 303.308287 -27.579491    69.046    71.397  3 53940.08671245 15.071
 50 303.312090 -27.575157    66.493    66.722  4 53975.08667122 21.513
 51 303.318723 -27.561496    59.756    59.786  5 54010.08667038 42.163
 52 303.320240 -27.559401    70.431    70.632  4 54045.08668831 18.232
 53 303.314848 -27.571953    63.353    59.603  4 54080.08667885 18.109
 54 303.312927 -27.572294    60.545    60.545  4 54115.08661399 29.150
 56 303.313737 -27.572987    60.066    60.106  4 54185.08660474 26.913
 57 303.315820 -27.568370    60.677    60.689  4 54220.08663678 26.876
 58 303.315315 -27.569966    60.135    60.091  5 54255.08666108 50.789
 59 303.316475 -27.566215    66.487    65.455  5 54290.08666419 21.024
 60 303.316399 -27.566379    60.569    59.953  4 54325.08666132 21.559
 61 303.313732 -27.571251    61.117    60.721  4 54360.08661420 21.241
 62 303.316524 -27.565191    60.149    60.097  5 54395.08660162 46.706
 63 303.315415 -27.568411    63.370    61.612  5 54430.08656459 27.080
 64 303.316889 -27.561350    60.206    60.254  6 54465.08658214 43.502
 65 303.315645 -27.568131    64.923    64.962  4 54500.08657638 16.856
 66 303.315961 -27.562836    61.267    59.854  7 54535.08659625 16.500
 67 303.314309 -27.569694    62.706    59.814  4 54570.08657920 26.341
 68 303.315839 -27.569034    59.600    59.375  4 54605.08659006 25.035
 69 303.314684 -27.569936    63.499    59.918  4 54640.08659950 25.405
 70 303.315018 -27.571704    63.569    59.865  4 54675.08660141 23.457
 71 303.315337 -27.568522    59.962    59.899  5 54710.08655895 35.809
 72 303.315990 -27.568498    59.730    59.642  4 54745.08656944 33.215
 73 303.316382 -27.568122    61.056    60.714  5 54780.08654234 29.028
 74 303.316302 -27.564483    59.983    59.973  5 54815.08656285 24.018
 75 303.315248 -27.570063    65.089    64.751  5 54850.08654134 22.358
 76 303.315362 -27.568450    58.923    58.973  4 54885.08656607 20.450
 77 303.312276 -27.575613    59.695    59.709  4 54920.08654126 45.519
 78 303.315759 -27.568919    59.276    59.222  4 54955.08656151 22.856
 79 303.314382 -27.573326    59.891    59.828  4 54990.08658456 22.648
 80 303.315717 -27.567879    60.279    60.162  5 55025.08657637 29.892
 81 303.315745 -27.569104    64.170    61.041  4 55060.08657051 25.980
 82 303.313243 -27.573586    61.925    60.580  4 55095.08652177 28.369
 83 303.315866 -27.567791    62.445    62.425  5 55130.08651232 30.417
 84 303.315739 -27.568373    60.848    60.803  4 55165.08648385 29.358
 85 303.315948 -27.568780    61.485    61.516  4 55200.08650428 41.363
 86 303.313883 -27.571237    61.811    61.797  4 55235.08648924 37.521
 87 303.315736 -27.567430    61.083    61.090  5 55270.08649835 40.772
 88 303.314538 -27.571014    60.759    60.751  4 55305.08647025 27.733
 89 303.315960 -27.568732    65.053    60.850  5 55340.08647078 33.482
 90 303.315589 -27.568528    63.738    61.770  5 55375.08646236 22.363
 91 303.316728 -27.564278    63.256    61.898  6 55410.08648516 26.052
 92 303.315557 -27.567816    60.010    60.053  5 55445.08647937 36.796
 93 303.313956 -27.570949    64.355    61.336  4 55480.08641363 23.023
