-117263.739    17.906     0.00    2.76
-116889.417    18.236     0.88    2.92
-116515.080    18.084    -0.41    3.32
-116140.727    18.536     1.21    3.54
-115766.359    18.978     1.18    3.65
-115391.975    18.433    -1.45    3.53
-115017.577    18.059    -1.00    3.30
-114643.162    17.767    -0.78    3.03
-114268.733    17.652    -0.31    3.18
-113894.287    18.675     2.73    3.41
-113519.827    18.341    -0.89    3.39
-113145.351    17.718    -1.66    3.78
-112770.859    16.194    -4.07    3.92
-112396.352    15.354    -2.24    3.68
-112021.830    15.443     0.24    3.65
-111647.292    15.420    -0.06    3.54
-111272.739    15.655     0.63    3.46
-110898.170    15.136    -1.39    3.80
-110523.586    15.309     0.46    3.77
-110148.986    15.411     0.27    3.77
-109774.371    15.822     1.10    4.24
-109399.740    16.141     0.85    4.19
-109025.094    15.877    -0.70    4.22
-108650.432    15.955     0.21    4.22
-108275.755    15.436    -1.38    4.02
-107901.063    14.250    -3.16    2.89
-107526.355    13.951    -0.80    2.46
-107151.631    13.699    -0.67    2.37
-106776.892    12.560    -3.04    1.96
-106402.137    11.655    -2.41    2.09
-106027.367    12.203     1.46    3.18
-105652.582    12.203     0.00    3.26
-105277.781    11.420    -2.09    3.27
-104902.964    12.650     3.28    3.97
-104528.132    14.345     4.52    5.10
-104153.284    15.559     3.24    5.61
-103778.421    16.071     1.36    5.19
-103403.542    15.560    -1.36    5.12
-103028.648    13.607    -5.21    4.20
-102653.738    12.488    -2.98    2.75
-102278.812    12.652     0.44    3.22
-101903.871    12.513    -0.37    3.38
-101528.915    12.396    -0.31    3.08
-101153.943    11.885    -1.36    2.83
-100778.955    11.559    -0.87    2.57
-100403.952    10.750    -2.16    2.19
-100028.933     9.845    -2.41    1.57
 -99653.899     9.327    -1.38    1.30
 -99278.849     9.908     1.55    2.42
 -98903.783    10.393     1.29    2.58
 -98528.702    10.536     0.38    2.63
 -98153.606    10.917     1.02    2.87
 -97778.493    11.655     1.97    3.14
 -97403.366    12.187     1.42    2.93
 -97028.222    12.955     2.05    2.81
 -96653.063    13.417     1.23    2.48
 -96277.888    13.048    -0.98    2.69
 -95902.698    12.703    -0.92    2.41
 -95527.492    12.655    -0.13    2.42
 -95152.271    13.745     2.91    3.28
 -94777.033    14.210     1.24    3.14
 -94401.781    13.268    -2.51    3.51
 -94026.512    12.441    -2.20    3.68
 -93651.228    11.798    -1.71    2.98
 -93275.928    12.311     1.37    2.75
 -92900.613    13.377     2.84    3.00
 -92525.282    13.975     1.59    3.50
 -92149.935    13.893    -0.22    3.94
 -91774.573    13.274    -1.65    3.74
 -91399.195    13.012    -0.70    3.56
 -91023.802    13.672     1.76    2.92
 -90648.392    14.279     1.62    2.62
 -90272.967    15.013     1.95    2.41
 -89897.527    14.438    -1.53    3.04
 -89522.070    12.652    -4.76    4.06
 -89146.598    10.774    -5.00    3.61
 -88771.111     9.786    -2.63    2.97
 -88395.607     9.422    -0.97    3.05
 -88020.088     9.664     0.64    2.98
 -87644.554    10.107     1.18    3.35
 -87269.003    11.141     2.75    3.92
 -86893.437    12.071     2.48    3.66
 -86517.855    12.036    -0.09    3.67
 -86142.258    11.972    -0.17    3.43
 -85766.644    11.377    -1.58    3.05
 -85391.015    10.679    -1.86    2.77
 -85015.371    10.489    -0.50    2.99
 -84639.710    10.036    -1.21    2.74
 -84264.034     9.720    -0.84    2.44
 -83888.342     9.968     0.66    2.55
 -83512.635    10.279     0.83    2.24
 -83136.911    10.536     0.68    2.27
 -82761.172    11.127     1.57    2.38
 -82385.417    11.179     0.14    2.39
 -82009.646    12.672     3.97    3.38
 -81633.860    12.904     0.62    3.66
 -81258.058    13.104     0.53    3.41
 -80882.240    11.679    -3.79    3.84
 -80506.406    10.172    -4.01    3.54
 -80130.557     8.536    -4.35    2.14
 -79754.691     8.946     1.09    3.64
 -79378.810     9.422     1.27    3.93
 -79002.914     9.818     1.05    4.12
 -78627.001     9.141    -1.80    3.23
 -78251.073     8.513    -1.67    2.46
 -77875.128     7.811    -1.87    1.45
 -77499.168     7.604    -0.55    0.45
 -77123.193     8.010     1.08    1.84
 -76747.201     9.127     2.97    3.66
 -76371.194    10.327     3.19    4.04
 -75995.170    11.094     2.04    4.05
 -75619.131    13.240     5.71    4.65
 -75243.076    15.356     5.63    4.57
 -74867.006    17.945     6.88    3.60
 -74490.919    19.268     3.52    3.15
 -74114.817    19.900     1.68    1.62
 -73738.699    19.869    -0.08    1.18
 -73362.565    19.861    -0.02    1.14
 -72986.415    20.263     1.07    1.39
 -72610.249    20.852     1.56    1.53
 -72234.067    21.303     1.20    1.41
 -71857.870    21.559     0.68    1.54
 -71481.656    21.845     0.76    1.62
 -71105.427    21.922     0.20    1.74
 -70729.182    22.126     0.54    1.76
 -70352.921    21.968    -0.42    1.61
 -69976.644    21.893    -0.20    1.41
 -69600.352    22.536     1.71    1.98
 -69224.043    23.155     1.64    2.27
 -68847.719    23.331     0.47    2.35
 -68471.378    24.013     1.81    2.46
 -68095.022    24.111     0.26    2.37
 -67718.650    23.869    -0.64    2.78
 -67342.262    22.955    -2.43    2.86
 -66965.858    22.707    -0.66    3.01
 -66589.438    22.809     0.27    3.01
 -66213.002    24.254     3.84    3.64
 -65836.550    26.081     4.85    3.99
 -65460.083    27.141     2.81    3.25
 -65083.599    26.187    -2.53    3.97
 -64707.100    24.417    -4.70    4.56
 -64330.584    22.997    -3.77    3.88
 -63954.053    22.468    -1.41    3.51
 -63577.505    22.936     1.24    3.65
 -63200.942    24.464     4.06    4.02
 -62824.363    24.141    -0.86    4.17
 -62447.768    23.268    -2.32    4.84
 -62071.156    22.445    -2.18    4.46
 -61694.529    21.511    -2.48    3.18
 -61317.886    22.488     2.59    2.68
 -60941.227    23.327     2.23    2.21
 -60564.552    23.107    -0.58    2.24
 -60187.861    23.048    -0.16    2.16
 -59811.154    22.305    -1.97    2.05
 -59434.431    22.650     0.91    2.17
 -59057.692    23.203     1.47    2.39
 -58680.937    23.257     0.14    2.19
 -58304.166    23.560     0.80    2.14
 -57927.379    23.219    -0.90    2.02
 -57550.576    23.400     0.48    1.90
 -57173.757    23.711     0.83    1.91
 -56796.922    23.274    -1.16    2.01
 -56420.071    22.931    -0.91    1.99
 -56045.761    22.536    -1.06    1.90
 -55672.057    22.303    -0.62    2.06
 -55298.338    22.236    -0.18    2.47
 -54924.603    20.815    -3.80    3.31
 -54550.852    19.072    -4.66    3.49
 -54177.085    16.141    -7.84    3.94
 -53803.303    13.679    -6.59    3.27
 -53429.504    13.869     0.51    3.82
 -53055.690    15.631     4.71    5.02
 -52681.861    18.322     7.20    5.44
 -52308.015    21.104     7.44    4.33
 -51934.154    22.441     3.57    2.67
 -51560.277    22.606     0.44    2.32
 -51186.384    22.629     0.06    1.91
 -50812.475    22.536    -0.25    1.98
 -50438.551    22.652     0.31    1.83
 -50064.611    22.917     0.71    1.62
 -49690.655    23.731     2.18    2.00
 -49316.683    23.798     0.18    2.07
 -48942.695    23.978     0.48    2.13
 -48568.692    23.861    -0.31    2.11
 -48194.672    23.048    -2.18    1.96
 -47820.637    23.327     0.75    1.91
 -47446.586    23.203    -0.33    2.04
 -47072.519    23.322     0.32    2.30
 -46698.437    23.298    -0.06    2.43
 -46324.338    22.768    -1.41    2.03
 -45950.224    23.327     1.49    2.26
 -45576.094    23.652     0.87    2.13
 -45201.948    23.141    -1.37    2.16
 -44827.786    22.964    -0.47    2.25
 -44453.609    23.071     0.28    2.47
 -44079.415    23.298     0.61    2.40
 -43705.206    23.582     0.76    2.03
 -43330.980    23.703     0.32    1.61
 -42956.739    23.226    -1.27    1.46
 -42582.482    23.071    -0.42    1.18
 -42208.209    23.194     0.33    1.15
 -41833.920    23.172    -0.06    1.04
 -41459.616    23.186     0.04    1.17
 -41085.295    23.164    -0.06    2.43
 -40710.959    23.250     0.23    3.47
 -40336.606    23.280     0.08    3.81
 -39962.238    23.187    -0.25    2.93
 -39587.854    23.461     0.73    2.13
 -39213.454    23.400    -0.16    1.34
 -38839.038    23.636     0.63    1.15
 -38464.606    24.084     1.20    0.86
 -38090.158    24.210     0.34    1.30
 -37715.695    24.396     0.50    1.37
 -37341.215    24.468     0.19    1.40
 -36966.719    24.325    -0.38    1.40
 -36592.208    24.286    -0.11    1.24
 -36217.680    24.463     0.47    1.21
 -35843.137    24.675     0.57    1.64
 -35468.577    24.978     0.81    1.69
 -35094.002    24.780    -0.53    1.62
 -34719.411    24.672    -0.29    1.80
 -34344.803    24.382    -0.77    1.74
 -33970.180    24.104    -0.74    1.35
 -33595.541    23.740    -0.97    0.85
 -33220.886    23.861     0.32    0.97
 -32846.215    23.945     0.22    1.17
 -32471.528    23.818    -0.34    1.52
 -32096.825    23.740    -0.21    1.68
 -31722.105    23.895     0.41    1.53
 -31347.370    24.024     0.35    1.28
 -30972.619    24.445     1.12    1.33
 -30597.852    24.584     0.37    1.29
 -30223.069    24.763     0.48    1.48
 -29848.270    24.904     0.38    1.42
 -29473.455    24.786    -0.32    1.06
 -29098.624    24.815     0.08    1.01
 -28723.777    24.809    -0.02    1.02
 -28348.913    24.792    -0.05    1.05
 -27974.034    24.741    -0.14    1.03
 -27599.139    24.740    -0.00    1.00
 -27224.228    24.761     0.05    0.92
 -26849.300    24.768     0.02    0.97
 -26474.357    24.792     0.06    0.95
 -26099.398    24.631    -0.43    0.98
 -25724.422    24.695     0.17    1.10
 -25349.431    24.510    -0.49    1.42
 -24974.423    24.309    -0.54    1.60
 -24599.400    23.941    -0.98    1.67
 -24224.360    23.606    -0.89    1.40
 -23849.304    23.155    -1.20    1.19
 -23474.232    23.316     0.43    1.17
 -23099.145    23.309    -0.02    1.10
 -22724.041    23.436     0.34    1.26
 -22348.920    23.560     0.33    1.33
 -21973.784    23.582     0.06    1.84
 -21598.632    23.417    -0.44    1.66
 -21223.464    22.917    -1.33    1.10
 -20848.279    22.886    -0.08    1.19
 -20473.079    23.081     0.52    1.27
 -20097.862    23.211     0.35    1.23
 -19722.629    23.274     0.17    2.26
 -19347.380    21.955    -3.52    4.23
 -18972.115    19.780    -5.80    4.83
 -18596.834    16.001   -10.07    5.22
 -18221.537    12.292    -9.88    4.88
 -17846.223    12.084    -0.56    5.61
 -17470.894    14.441     6.28    6.93
 -17095.548    18.443    10.66    7.18
 -16720.186    23.322    13.00    3.36
 -16344.808    24.631     3.49    2.55
 -15969.414    24.675     0.12    2.38
 -15594.004    23.390    -3.43    3.55
 -15218.577    22.396    -2.65    3.32
 -14843.135    22.354    -0.11    3.39
 -14467.676    23.345     2.64    4.26
 -14092.201    23.071    -0.73    6.93
 -13716.710    20.443    -7.00    9.78
 -13341.203    17.350    -8.24   11.39
 -12965.679    13.941    -9.08   11.45
 -12590.139    12.745    -3.18   11.43
 -12214.584    10.559    -5.82   10.95
 -11839.011     8.327    -5.94    9.34
 -11463.423     7.443    -2.35    8.02
 -11087.819     6.869    -1.53    6.38
 -10712.198     6.652    -0.58    7.28
 -10336.561     7.036     1.02    8.80
  -9960.908     5.226    -4.82    7.06
  -9585.239     5.718     1.31    8.29
  -9209.553     6.048     0.88    8.99
  -8833.851     7.560     4.02   10.00
  -8458.133     9.107     4.12   10.83
  -8082.399     8.722    -1.03    9.77
  -7706.648     7.786    -2.49    9.22
  -7330.882     5.303    -6.61    7.08
  -6955.099     3.922    -3.68    5.47
  -6579.299     2.703    -3.25    4.10
  -6203.484     2.280    -1.12    3.64
  -5827.652     1.922    -0.95    3.41
  -5451.804     1.443    -1.28    3.34
  -5075.940     1.652     0.56    4.72
  -4700.059     2.024     0.99    5.42
  -4324.162     1.607    -1.11    4.46
  -3948.249     1.393    -0.57    3.84
  -3572.320     1.141    -0.67    4.10
  -3196.374     1.094    -0.12    3.97
  -2820.412     0.604    -1.30    2.69
  -2444.434    -0.010    -1.63    1.47
  -2068.439     0.303     0.83    2.61
  -1692.428     0.750     1.19    3.10
  -1316.401     1.513     2.03    3.74
   -940.357     1.164    -0.93    3.32
   -564.297     0.629    -1.42    2.57
   -188.221     0.071    -1.48    1.72
    187.871     0.001    -0.19    1.74
    563.980    -0.131    -0.35    1.52
    940.105    -0.301    -0.45    1.07
   1316.247    -0.022     0.74    1.65
   1692.405     0.445     1.24    2.46
   2068.579     0.627     0.48    2.56
   2444.769     1.024     1.06    2.91
   2820.976     2.322     3.45    3.74
   3197.199     3.071     1.99    3.83
   3573.439     4.094     2.72    3.82
   3949.695     5.071     2.60    3.81
   4325.967     6.350     3.40    4.62
   4702.256     8.629     6.06    5.78
   5078.561    11.722     8.22    7.29
   5454.882    15.443     9.89    6.88
   5831.220    18.141     7.17    5.64
   6207.575    19.354     3.22    4.83
   6583.945    19.968     1.63    4.64
   6960.332    19.838    -0.34    4.76
   7336.736    19.298    -1.44    4.61
   7713.155    17.373    -5.11    5.28
   8089.592    15.745    -4.32    5.15
   8466.044    14.172    -4.18    4.68
   8842.513    13.559    -1.63    4.80
   9218.999    14.650     2.90    6.07
   9595.501    16.210     4.15    6.85
   9972.019    17.327     2.96    6.84
  10348.554    18.257     2.47    6.72
  10725.105    17.127    -3.00    6.82
  11101.673    16.745    -1.01    6.95
  11478.257    15.699    -2.78    7.32
  11854.857    15.414    -0.76    7.01
  12231.474    15.780     0.97    6.85
  12608.108    15.815     0.09    6.59
  12984.758    16.081     0.71    6.37
  13361.424    15.955    -0.34    6.66
  13738.107    15.722    -0.62    6.67
  14114.806    15.286    -1.16    7.44
  14491.522    15.141    -0.39    7.45
  14868.254    15.443     0.80    7.45
  15245.003    13.877    -4.16    6.58
  15621.768    12.699    -3.13    5.81
  15998.550    10.815    -5.00    4.12
  16375.348    10.024    -2.10    2.51
  16752.163    10.025     0.00    2.33
  17128.995    11.652     4.32    4.68
  17505.842    14.036     6.33    6.38
  17882.707    15.931     5.03    6.81
  18259.587    16.908     2.59    7.10
  18635.635    16.286    -1.65    7.25
  19009.272    14.955    -3.56    6.43
  19382.925    14.792    -0.44    6.02
  19756.594    14.490    -0.81    6.42
  20130.280    14.303    -0.50    6.41
  20503.981    13.792    -1.37    5.95
  20877.699    14.350     1.49    6.34
  21251.434    15.322     2.60    6.49
  21625.184    16.345     2.74    6.58
  21998.951    16.559     0.57    6.94
  22372.734    16.187    -1.00    7.09
  22746.533    15.024    -3.11    7.01
  23120.348    14.150    -2.34    6.75
  23494.180    12.655    -4.00    5.67
  23868.028    11.951    -1.88    5.42
  24241.892    12.048     0.26    5.96
  24615.773    11.768    -0.75    6.21
  24989.670    12.441     1.80    6.51
  25363.583    12.210    -0.62    6.17
  25737.512    12.291     0.22    6.39
  26111.458    13.740     3.87    7.12
  26485.420    14.822     2.89    7.74
  26859.398    16.652     4.89    8.39
  27233.393    18.071     3.79    8.17
  27607.404    18.584     1.37    8.20
  27981.431    18.084    -1.34    7.68
  28355.475    16.845    -3.31    7.42
  28729.535    13.774    -8.21    6.51
  29103.611    11.048    -7.29    5.54
  29477.703     9.081    -5.26    4.08
  29851.812     9.487     1.08    4.52
  30225.938    11.652     5.79    5.83
  30600.079    14.861     8.58    6.53
  30974.237    18.345     9.31    5.87
  31348.412    20.059     4.58    4.68
  31722.602    21.408     3.61    3.69
  32096.809    21.513     0.28    3.88
  32471.033    22.345     2.22    4.27
  32845.272    23.466     2.99    4.41
  33219.529    24.815     3.60    3.57
  33593.801    25.886     2.86    2.48
  33968.090    26.150     0.70    1.77
  34342.395    26.049    -0.27    1.48
  34716.717    25.838    -0.56    1.54
  35091.055    25.582    -0.68    1.48
  35465.410    25.466    -0.31    1.16
  35839.780    25.195    -0.72    1.18
  36214.168    25.352     0.42    1.41
  36588.571    25.627     0.73    1.44
  36962.991    25.818     0.51    1.36
  37337.428    25.650    -0.45    1.32
  37711.881    25.695     0.12    1.29
  38086.350    25.792     0.26    1.38
  38460.836    25.831     0.11    1.32
  38835.338    25.852     0.05    1.32
  39209.857    26.104     0.67    1.30
  39584.392    25.885    -0.59    1.07
  39958.944    26.127     0.65    1.45
  40333.512    26.127     0.00    1.40
  40708.096    26.236     0.29    1.62
  41082.697    26.286     0.13    1.63
  41457.314    26.667     1.02    1.99
  41831.948    27.468     2.14    2.27
  42206.599    28.234     2.04    2.08
  42581.265    28.672     1.17    1.98
  42955.949    29.210     1.44    2.03
  43330.648    29.562     0.94    2.08
  43705.365    29.740     0.48    2.12
  44080.097    30.341     1.60    1.85
  44454.847    30.094    -0.66    1.82
  44829.612    30.815     1.92    1.91
  45204.395    31.350     1.43    2.05
  45579.193    31.445     0.25    2.00
  45954.009    31.220    -0.60    2.59
  46328.840    30.650    -1.52    3.10
  46703.689    29.703    -2.53    3.41
  47078.553    28.763    -2.51    3.64
  47453.435    28.195    -1.52    3.27
  47828.333    28.086    -0.29    3.06
  48203.247    28.445     0.96    2.80
  48578.178    28.661     0.58    2.55
  48953.126    28.831     0.45    2.72
  49328.090    29.350     1.38    2.81
  49703.070    30.629     3.41    2.32
  50078.067    31.117     1.30    1.89
  50453.081    30.997    -0.32    1.54
  50828.111    30.263    -1.96    1.90
  51203.158    29.711    -1.47    1.81
  51578.221    29.955     0.65    1.93
  51953.301    30.581     1.67    2.69
  52328.398    30.488    -0.25    2.86
  52703.511    29.400    -2.90    3.59
  53078.641    28.761    -1.70    3.67
  53453.787    28.400    -0.96    2.89
  53828.950    28.726     0.87    2.69
  54204.130    28.024    -1.87    3.07
  54579.326    27.322    -1.87    2.88
  54954.538    26.926    -1.05    3.17
  55329.768    26.559    -0.98    3.08
  55705.014    27.211     1.74    3.09
  56080.276    28.195     2.62    3.56
  56455.555    29.210     2.71    3.63
  56830.851    29.822     1.63    3.23
  57206.164    29.417    -1.08    3.02
  57581.493    28.664    -2.01    2.54
  57956.839    28.695     0.08    2.48
  58332.201    28.585    -0.29    2.36
  58707.580    28.396    -0.50    2.58
  59082.976    28.309    -0.23    2.41
  59458.388    28.072    -0.63    2.52
  59833.817    27.809    -0.70    2.32
  60209.263    27.048    -2.03    1.70
  60584.725    26.990    -0.15    2.19
  60960.204    26.488    -1.34    2.12
  61335.700    25.978    -1.36    2.11
  61711.212    25.631    -0.92    1.99
  62086.741    25.061    -1.52    1.72
  62462.287    24.513    -1.46    1.17
  62837.849    24.211    -0.80    0.89
  63213.429    24.488     0.74    0.91
  63589.024    24.718     0.61    0.99
  63964.637    25.226     1.35    1.18
  64340.266    25.280     0.14    1.20
  64715.912    25.512     0.62    1.27
  65091.575    25.331    -0.48    1.25
  65467.254    25.131    -0.53    1.31
  65842.950    24.838    -0.78    1.41
  66218.663    24.369    -1.25    1.29
  66594.393    24.219    -0.40    1.21
  66970.139    24.127    -0.24    1.15
  67345.902    23.986    -0.38    1.13
  67721.682    23.955    -0.08    1.03
  68097.479    23.908    -0.12    0.87
  68473.292    24.226     0.85    1.00
  68849.122    24.488     0.70    1.08
  69224.969    24.682     0.52    1.31
  69600.833    25.104     1.12    1.17
  69976.713    25.292     0.50    1.11
  70352.610    25.350     0.15    1.48
  70728.524    25.466     0.31    1.37
  71104.455    25.512     0.12    1.44
  71480.403    25.400    -0.30    1.30
  71856.367    25.658     0.69    2.06
  72232.348    25.990     0.88    1.95
  72608.346    26.303     0.83    2.02
  72984.361    26.582     0.74    1.94
  73360.392    26.441    -0.38    1.25
  73736.441    26.609     0.45    1.19
  74112.506    26.718     0.29    1.21
  74488.588    26.486    -0.62    1.36
  74864.687    25.988    -1.32    1.52
  75240.802    25.809    -0.48    1.70
  75616.935    26.243     1.16    2.19
  75993.084    26.627     1.02    2.27
  76369.250    27.243     1.64    2.10
  76745.434    26.718    -1.40    2.05
  77121.633    26.084    -1.69    1.61
  77497.850    26.303     0.58    1.80
  77874.084    26.917     1.63    2.07
  78250.334    27.161     0.65    1.94
  78626.602    26.900    -0.69    1.95
  79002.886    26.161    -1.96    1.55
  79379.187    25.582    -1.54    1.15
  79755.505    25.354    -0.61    1.02
  80131.840    25.250    -0.28    1.07
  80508.191    25.036    -0.57    1.07
  80884.560    24.633    -1.07    1.02
  81260.945    24.354    -0.74    0.99
  81637.348    24.131    -0.59    0.86
  82013.767    23.978    -0.41    0.91
  82390.203    23.822    -0.41    0.83
  82766.657    23.886     0.17    1.03
  83143.127    24.240     0.94    1.13
  83519.614    24.586     0.92    1.18
  83896.118    24.536    -0.13    1.18
  84272.638    24.629     0.25    1.48
  84649.176    24.908     0.74    1.77
  85025.731    25.854     2.51    2.47
  85402.303    27.331     3.92    3.05
  85778.891    27.445     0.30    3.58
  86155.497    26.703    -1.97    3.96
  86532.119    25.854    -2.25    3.96
  86908.759    24.774    -2.87    3.66
  87285.415    24.049    -1.93    2.87
  87662.089    23.263    -2.09    1.45
  88038.779    23.386     0.33    1.33
  88415.486    23.069    -0.84    0.92
  88792.211    22.885    -0.49    1.07
  89168.952    23.001     0.31    1.03
  89545.710    23.172     0.45    1.24
  89922.486    23.203     0.08    1.24
  90299.278    23.150    -0.14    1.19
  90676.087    23.489     0.90    1.53
  91052.913    23.922     1.15    2.09
  91429.757    24.536     1.63    2.08
  91806.617    24.792     0.68    1.92
  92183.494    24.513    -0.74    1.82
  92560.389    24.121    -1.04    1.88
  92937.300    24.081    -0.11    1.90
  93314.229    23.792    -0.77    1.68
  93688.757    23.559    -0.62    1.30
  94062.342    23.400    -0.43    1.37
  94435.944    23.203    -0.53    1.38
  94809.563    23.240     0.10    1.47
  95183.198    23.292     0.14    1.56
  95556.850    22.396    -2.40    2.19
  95930.519    21.629    -2.05    2.27
  96304.204    20.885    -1.99    2.29
  96677.907    20.218    -1.79    2.37
  97051.626    19.767    -1.21    2.19
  97425.361    19.263    -1.35    1.62
  97799.114    19.345     0.22    2.12
  98172.883    19.309    -0.10    2.31
  98546.669    19.104    -0.55    2.56
  98920.472    19.121     0.05    2.30
  99294.292    18.831    -0.78    1.75
  99668.128    18.902     0.19    1.73
 100041.981    18.922     0.05    1.74
 100415.851    18.607    -0.84    1.58
 100789.738    17.838    -2.06    1.91
 101163.641    16.964    -2.34    1.90
 101537.562    16.390    -1.54    1.96
 101911.499    15.990    -1.07    1.68
 102285.453    15.999     0.02    1.69
 102659.424    16.218     0.58    1.62
 103033.411    15.845    -1.00    1.91
 103407.415    15.931     0.23    2.94
 103781.437    16.155     0.60    4.01
 104155.475    15.675    -1.28    4.11
 104529.530    14.536    -3.05    4.66
 104903.601    12.926    -4.30    4.68
 105277.690    10.922    -5.36    4.62
 105651.795     9.195    -4.62    4.74
 106025.917     8.117    -2.88    4.37
 106400.056     7.107    -2.70    3.51
 106774.212     6.745    -0.97    3.00
 107148.385     6.669    -0.20    2.99
 107522.575     5.877    -2.12    2.67
 107896.781     5.303    -1.53    2.60
 108271.005     4.580    -1.93    2.39
 108645.245     4.001    -1.55    2.26
 109019.502     4.257     0.68    2.81
 109393.776     4.327     0.19    3.00
 109768.067     4.718     1.05    3.27
 110142.375     4.250    -1.25    2.99
 110516.700     3.309    -2.52    2.04
 110891.041     3.309     0.00    2.42
 111265.400     3.164    -0.39    2.31
 111639.775     3.490     0.87    2.69
 112014.168     3.489    -0.00    2.67
 112388.577     3.210    -0.75    2.13
 112763.003     2.726    -1.29    1.85
 113137.446     2.675    -0.14    1.74
 113511.907     2.945     0.72    1.91
 113886.384     3.303     0.96    1.99
 114260.877     3.825     1.39    2.37
 114635.388     4.722     2.40    3.15
 115009.916     6.400     4.48    4.56
 115384.461     7.838     3.84    5.08
 115759.023     8.745     2.42    4.53
 116133.601    10.081     3.57    4.76
 116508.197    11.263     3.16    4.77
 116882.810    12.581     3.52    4.35
 117257.439    13.179     1.59    4.01
 117632.086    13.695     1.38    3.58
 118006.749    13.877     0.49    3.32
 118381.430    14.195     0.85    2.96
 118756.128    14.990     2.12    2.08
 119130.842    15.234     0.65    1.68
 119505.574    15.354     0.32    1.33
 119880.322    15.750     1.06    1.28
 120255.088    16.084     0.89    1.23
 120629.870    16.425     0.91    1.34
 121004.670    16.861     1.17    1.77
 121379.486    17.536     1.80    1.84
 121754.320    18.048     1.37    1.74
 122129.171    18.627     1.55    1.48
 122504.038    19.257     1.68    1.16
 122878.923    19.768     1.36    1.19
 123253.825    20.377     1.62    1.45
 123628.743    21.468     2.91    2.16
 124003.679    23.263     4.79    3.30
 124378.632    25.117     4.95    3.86
 124753.602    26.792     4.47    3.84
 125128.589    27.877     2.89    3.44
 125503.593    28.513     1.70    2.79
 125878.614    28.581     0.18    2.26
 126253.653    28.786     0.55    1.79
 126628.708    28.672    -0.30    1.89
 127003.780    28.350    -0.86    2.16
 127378.870    27.699    -1.74    3.08
 127753.976    26.443    -3.35    3.40
 128129.100    25.722    -1.92    3.53
 128504.241    24.675    -2.79    3.85
 128879.398    23.257    -3.78    3.92
 129254.573    22.024    -3.29    3.35
 129629.765    21.978    -0.12    3.21
 130004.975    21.396    -1.55    2.60
 130380.201    22.114     1.91    2.51
 130755.444    22.604     1.31    2.70
 131130.705    23.900     3.45    2.69
 131505.983    24.955     2.81    2.62
 131881.277    25.536     1.55    1.92
 132256.589    25.854     0.85    1.81
 132631.918    25.990     0.36    1.86
 133007.265    25.763    -0.61    1.67
 133382.628    26.309     1.45    1.33
 133758.009    26.650     0.91    1.43
 134133.406    26.885     0.63    1.56
 134508.821    26.792    -0.25    1.59
 134884.253    26.559    -0.62    2.03
 135259.703    26.286    -0.73    1.84
 135635.169    26.150    -0.36    1.94
 136010.653    26.257     0.29    1.61
 136386.153    26.263     0.02    1.53
 136761.671    25.798    -1.24    1.68
 137137.207    25.536    -0.70    1.50
 137512.759    25.558     0.06    1.51
 137888.328    25.489    -0.18    1.41
 138263.915    25.059    -1.15    1.62
 138639.519    24.420    -1.70    1.62
 139015.141    23.629    -2.11    1.52
 139390.779    23.150    -1.28    1.45
 139766.435    22.978    -0.46    1.35
 140142.108    23.036     0.15    1.27
 140517.798    23.468     1.15    1.50
 140893.505    23.195    -0.73    1.38
 141269.230    23.298     0.27    1.65
 141644.971    23.172    -0.33    1.67
 142020.731    23.309     0.36    1.75
 142396.507    23.786     1.27    1.48
 142772.301    23.786     0.00    1.33
 143148.111    23.652    -0.36    1.38
 143523.940    23.513    -0.37    1.39
 143899.785    23.369    -0.38    1.21
 144275.648    23.604     0.62    1.17
 144651.528    23.447    -0.42    1.16
 145027.425    23.373    -0.20    1.11
 145403.340    23.425     0.14    1.13
 145779.271    23.373    -0.14    1.15
 146155.221    23.400     0.07    1.39
 146531.187    23.327    -0.19    1.52
 146907.171    23.606     0.74    1.83
 147283.172    23.309    -0.79    1.98
 147659.190    22.627    -1.81    2.53
 148035.226    21.695    -2.48    2.51
 148411.279    21.048    -1.72    2.85
 148787.349    20.809    -0.64    3.30
 149163.437    21.091     0.75    3.68
 149539.542    21.350     0.69    3.61
 149915.665    21.127    -0.59    2.86
 150291.804    21.466     0.90    2.37
 150667.961    21.914     1.19    1.84
 151044.136    21.774    -0.37    2.01
 151420.328    20.695    -2.87    2.20
 151796.537    20.187    -1.35    2.17
 152172.763    19.768    -1.11    1.89
 152549.007    20.489     1.92    3.34
 152925.268    20.417    -0.19    3.35
 153301.547    20.758     0.91    3.50
 153677.843    20.627    -0.35    3.52
 154054.156    19.309    -3.50    3.12
 154430.487    18.417    -2.37    2.67
 154806.835    17.908    -1.35    2.79
 155183.201    16.672    -3.28    3.16
 155559.584    15.243    -3.80    3.74
 155935.985    14.226    -2.70    3.85
 156312.402    12.877    -3.59    3.76
 156688.838    11.774    -2.93    3.61
 157065.290    10.468    -3.47    2.76
 157441.760     9.633    -2.22    1.64
 157818.248     9.036    -1.59    1.44
 158194.753     8.869    -0.44    1.00
 158571.275     9.443     1.52    1.48
 158947.815    10.155     1.89    1.86
 159324.372    10.786     1.68    1.86
 159700.947    11.286     1.33    1.69
 160077.539    11.711     1.13    1.63
 160454.149    11.650    -0.16    1.50
 160830.776    11.699     0.13    1.51
 161207.421    11.396    -0.80    1.58
 161584.083    11.559     0.43    1.45
 161960.763    11.459    -0.26    1.29
 162337.460    11.627     0.45    1.31
 162714.174    11.726     0.26    2.00
 163090.906    10.786    -2.50    2.32
 163467.656    10.036    -1.99    2.49
 163844.423     9.461    -1.53    2.91
 164221.207     8.536    -2.46    2.89
 164598.009     7.936    -1.59    2.64
 164974.829     7.263    -1.79    2.60
 165351.666     6.792    -1.25    2.36
 165728.521     6.400    -1.04    1.90
 166105.393     5.740    -1.75    1.95
 166482.282     5.246    -1.31    1.92
 166859.190     4.809    -1.16    1.97
 167236.114     4.964     0.41    3.12
 167613.057     5.314     0.93    2.80
 167990.016     4.803    -1.36    2.06
 168366.390     4.036    -2.04    1.33
 168739.905     4.104     0.18    1.39
 169113.438     4.036    -0.18    1.41
 169486.988     3.740    -0.79    1.44
 169860.555     3.885     0.39    1.31
 170234.140     3.809    -0.20    1.30
 170607.741     3.580    -0.61    1.45
 170981.360     3.414    -0.45    1.47
 171354.997     3.445     0.08    1.61
 171728.650     3.510     0.17    1.72
 172102.321     3.809     0.80    1.69
 172476.009     4.071     0.70    1.75
 172849.714     4.240     0.45    1.58
 173223.436     3.877    -0.97    1.71
 173597.176     3.661    -0.58    1.70
 173970.933     3.809     0.40    1.34
 174344.707     3.562    -0.66    1.37
 174718.499     3.809     0.66    1.52
 175092.308     3.815     0.02    1.62
 175466.134     3.150    -1.78    1.53
 175839.978     3.081    -0.18    1.62
 176213.838     2.611    -1.26    1.59
 176587.716     2.468    -0.38    1.39
 176961.612     2.386    -0.22    1.25
 177335.524     2.104    -0.75    1.28
 177709.454     1.978    -0.34    1.50
 178083.402     1.513    -1.24    1.32
 178457.366     1.303    -0.56    1.34
 178831.348     1.382     0.21    1.44
 179205.348     1.309    -0.20    1.33
 179579.364     1.336     0.07    1.51
 179953.398     1.047    -0.77    1.34
 180327.450     0.815    -0.62    1.24
 180701.518     0.763    -0.14    1.18
 181075.604     0.768     0.01    1.41
 181449.708     0.638    -0.35    1.45
 181823.829     1.422     2.10    2.16
 182197.967     2.211     2.11    2.21
 182572.122     2.469     0.69    2.10
 182946.295     4.815     6.27    7.12
 183320.485     7.331     6.73   10.82
 183694.693    12.695    14.34   13.61
 184068.918    12.844     0.40   14.05
 184443.161     9.240    -9.63   12.56
 184817.420     7.236    -5.36   11.94
 185191.698     1.877   -14.32    6.56
 185565.992     0.240    -4.37    1.44
 185940.304     0.489     0.67    1.53
 186314.634     0.445    -0.12    1.33
 186688.981     0.690     0.65    1.35
 187063.345     0.968     0.74    1.39
 187437.727     0.988     0.05    1.38
 187812.126     1.036     0.13    1.55
 188186.542     1.059     0.06    1.77
 188560.977     1.210     0.41    1.69
 188935.428     1.172    -0.10    1.69
 189309.897     0.961    -0.56    1.52
 189684.383     0.445    -1.38    1.89
 190058.887    -0.274    -1.92    2.18
 190433.409    -0.805    -1.42    2.03
 190807.947    -1.532    -1.94    1.52
 191182.504    -1.859    -0.87    1.22
 191557.077    -1.828     0.08    1.22
 191931.669    -1.789     0.10    1.21
 192306.277    -1.941    -0.41    1.09
 192680.903    -1.604     0.90    1.08
 193055.547    -1.532     0.19    1.15
 193430.208    -1.604    -0.19    1.10
 193804.887    -1.659    -0.15    1.08
 194179.583    -1.828    -0.45    1.12
 194554.297    -1.939    -0.30    1.11
 194929.028    -1.691     0.66    1.34
 195303.777    -1.278     1.10    1.44
 195678.543    -1.055     0.60    1.39
 196053.327    -0.650     1.08    1.59
 196428.128    -0.772    -0.32    1.64
 196802.947    -0.237     1.43    1.74
 197177.783     0.486     1.93    1.91
 197552.637     0.647     0.43    1.77
 197927.509     0.885     0.63    1.34
 198302.398     0.263    -1.66    2.26
 198677.304    -1.092    -3.62    3.10
 199052.228    -1.797    -1.88    3.81
 199427.170    -3.123    -3.54    4.28
 199802.130    -5.171    -5.46    4.06
 200177.106    -6.600    -3.81    3.72
 200552.101    -7.600    -2.67    2.66
 200927.113    -8.010    -1.09    2.43
 201302.142    -7.396     1.64    1.86
 201677.190    -6.515     2.35    2.38
 202052.254    -5.578     2.50    3.01
 202427.337    -4.107     3.92    3.48
 202802.437    -2.850     3.35    3.27
 203177.555    -1.760     2.91    2.80
 203552.690    -0.873     2.36    2.13
 203927.843    -0.510     0.97    1.46
 204303.013    -0.254     0.68    1.17
 204678.201    -0.373    -0.32    1.33
 205053.407    -0.627    -0.68    1.36
 205428.630    -0.828    -0.54    1.45
 205803.871    -1.153    -0.87    1.62
 206179.130    -1.264    -0.30    1.42
 206554.406    -0.805     1.22    1.51
 206929.700    -0.514     0.78    1.41
 207305.012    -0.237     0.74    1.31
 207680.341    -0.092     0.39    1.16
 208055.688    -0.282    -0.51    1.40
 208431.053    -0.578    -0.79    1.74
 208806.435    -0.964    -1.03    1.85
 209181.835    -0.146     2.18    2.22
 209557.253     0.560     1.88    1.99
 209932.688     1.013     1.21    1.59
 210308.141     1.150     0.36    1.19
 210683.612     1.024    -0.33    1.28
 211059.100     0.718    -0.82    1.15
 211434.607     0.457    -0.69    1.44
 211810.130     0.422    -0.09    1.33
 212185.672     0.512     0.24    1.21
 212561.231     0.736     0.60    1.24
 212936.808     1.013     0.74    1.19
 213312.403     1.373     0.96    1.21
 213688.016     1.672     0.80    1.15
 214063.646     1.825     0.41    1.01
 214439.294     1.240    -1.56    1.23
 214814.959     1.001    -0.64    1.37
 215190.643     0.780    -0.59    1.35
 215566.344     0.869     0.24    1.41
 215942.063     0.988     0.32    1.56
 216317.800     0.877    -0.30    1.61
 216693.554     0.485    -1.04    1.59
 217069.327     0.150    -0.89    1.32
 217445.117    -0.078    -0.60    1.40
 217820.925    -0.139    -0.16    1.46
 218196.750    -0.420    -0.75    1.36
 218572.594    -0.514    -0.25    1.45
 218948.455    -0.623    -0.29    1.31
 219324.334    -0.746    -0.33    1.07
 219700.231    -0.813    -0.18    0.90
 220076.145    -0.600     0.57    0.82
 220452.078    -0.673    -0.19    0.99
 220828.028    -0.760    -0.23    1.00
 221203.996    -0.589     0.45    0.91
 221579.982    -0.669    -0.21    0.93
 221955.986    -0.708    -0.10    1.14
 222332.007    -0.578     0.35    1.35
 222708.047    -0.714    -0.36    1.40
 223084.104    -0.726    -0.03    1.71
 223460.179    -0.828    -0.27    1.97
 223836.272    -0.940    -0.30    2.52
 224212.383    -1.627    -1.83    2.83
 224588.511    -2.115    -1.30    2.99
 224964.658    -2.555    -1.17    2.79
 225340.822    -2.686    -0.35    2.57
 225717.005    -1.806     2.34    2.37
 226093.205    -1.086     1.91    2.18
 226469.423    -0.836     0.66    1.86
 226845.659    -0.416     1.12    1.38
 227221.912    -0.555    -0.37    1.34
 227598.184    -0.214     0.91    1.50
 227974.474     0.036     0.66    1.59
 228350.781     0.226     0.51    1.70
 228727.107     0.036    -0.51    1.62
 229103.450    -0.350    -1.03    1.54
 229479.811    -0.286     0.17    1.45
 229856.191    -0.100     0.49    1.46
 230232.588     0.203     0.81    1.46
 230609.003     0.286     0.22    1.43
 230985.436     0.396     0.29    1.28
 231361.887     0.336    -0.16    1.49
 231738.356     0.536     0.53    2.03
 232114.842    -0.203    -1.96    2.16
 232491.347    -0.805    -1.60    2.08
 232867.870    -1.555    -1.99    2.67
 233244.411    -2.828    -3.38    2.32
 233620.969    -2.896    -0.18    2.38
 233997.546    -3.191    -0.78    2.35
 234374.140    -3.396    -0.54    2.39
 234750.753    -3.169     0.60    2.14
 235127.384    -3.169     0.00    1.95
 235504.032    -2.941     0.60    1.82
 235880.699    -2.555     1.03    1.91
 236257.383    -2.828    -0.72    2.11
 236634.086    -2.964    -0.36    2.23
 237010.807    -3.032    -0.18    2.22
 237387.545    -2.812     0.59    2.12
 237764.302    -2.691     0.32    2.24
 238141.076    -2.531     0.43    2.09
 238517.869    -2.255     0.73    1.97
 238894.680    -2.842    -1.56    2.03
 239271.508    -2.678     0.43    2.18
 239648.355    -2.623     0.15    2.33
 240025.220    -2.664    -0.11    2.52
 240402.103    -1.976     1.83    2.68
 240779.004    -1.442     1.42    2.16
 241155.923    -1.750    -0.82    2.13
 241532.860    -2.725    -2.59    2.42
 241909.815    -3.464    -1.96    2.25
 242286.788    -3.555    -0.24    2.11
 242663.779    -3.631    -0.20    1.83
 243040.789    -4.114    -1.28    2.09
 243415.546    -4.350    -0.63    1.97
 243789.008    -4.289     0.16    1.97
 244162.488    -3.709     1.55    2.09
 244535.985    -3.282     1.14    1.86
 244909.500    -2.859     1.13    1.81
 245283.033    -3.250    -1.05    2.03
 245656.583    -3.269    -0.05    2.49
 246030.151    -3.305    -0.10    2.73
 246403.737    -3.764    -1.23    2.77
 246777.341    -3.820    -0.15    2.76
 247150.962    -3.964    -0.39    2.18
 247524.602    -4.623    -1.76    1.96
 247898.259    -4.797    -0.47    1.96
 248271.933    -4.702     0.25    1.75
 248645.626    -4.828    -0.34    1.97
 249019.336    -4.764     0.17    1.92
 249393.064    -4.553     0.57    1.89
 249766.810    -4.191     0.97    1.92
 250140.574    -3.873     0.85    1.74
 250514.356    -3.321     1.48    2.13
 250888.155    -3.345    -0.06    2.33
 251261.972    -3.464    -0.32    2.36
 251635.807    -3.914    -1.20    2.19
 252009.660    -4.131    -0.58    2.00
 252383.531    -4.260    -0.34    1.64
 252757.419    -4.282    -0.06    1.57
 253131.326    -4.774    -1.31    1.41
 253505.250    -4.797    -0.06    1.26
 253879.192    -4.828    -0.08    1.42
 254253.152    -4.889    -0.16    1.43
 254627.129    -5.531    -1.72    1.57
 255001.125    -5.873    -0.92    1.42
 255375.138    -5.896    -0.06    1.37
 255749.170    -6.345    -1.20    1.43
 256123.219    -6.036     0.83    1.38
 256497.286    -5.896     0.37    1.47
 256871.371    -5.614     0.75    1.46
 257245.473    -5.375     0.64    1.31
 257619.594    -5.396    -0.06    1.23
 257993.733    -5.191     0.55    1.09
 258367.889    -5.202    -0.03    1.11
 258742.064    -5.049     0.41    1.20
 259116.256    -5.237    -0.50    1.31
 259490.466    -5.214     0.06    1.21
 259864.694    -5.153     0.16    1.44
 260238.940    -5.350    -0.53    1.43
 260613.204    -6.115    -2.04    2.54
 260987.486    -7.559    -3.86    3.36
 261361.786    -9.764    -5.89    2.59
 261736.104   -10.782    -2.72    1.52
 262110.439   -11.214    -1.15    1.46
 262484.793   -10.953     0.70    2.14
 262859.165    -9.669     3.43    5.00
 263233.554    -7.673     5.33    7.23
 263607.962    -6.191     3.96    6.84
 263982.387    -5.539     1.74    5.65
 264356.831    -5.350     0.50    4.97
 264731.292    -5.639    -0.77    1.13
 265105.772    -5.691    -0.14    1.12
 265480.269    -5.760    -0.18    1.02
 265854.784    -6.069    -0.83    0.98
 266229.318    -6.373    -0.81    0.96
 266603.869    -6.364     0.02    0.93
 266978.438    -6.305     0.16    1.08
 267353.026    -6.342    -0.10    1.14
 267727.631    -6.191     0.40    1.06
 268102.255    -6.191     0.00    1.21
 268476.896    -6.214    -0.06    1.14
 268851.555    -6.373    -0.42    1.14
 269226.233    -6.264     0.29    1.22
 269600.928    -6.373    -0.29    1.03
 269975.642    -6.274     0.27    1.23
 270350.373    -6.531    -0.69    1.10
 270725.123    -6.669    -0.37    1.05
 271099.891    -6.714    -0.12    0.99
 271474.676    -6.760    -0.12    1.09
 271849.480    -6.989    -0.61    1.20
 272224.302    -7.169    -0.48    1.15
 272599.142    -7.178    -0.03    1.07
 272974.000    -7.242    -0.17    0.90
 273348.876    -7.331    -0.24    0.92
 273723.770    -7.418    -0.23    0.92
 274098.682    -7.282     0.36    1.08
 274473.613    -7.148     0.36    1.28
 274848.561    -6.964     0.49    1.45
 275223.528    -6.627     0.90    1.73
 275598.512    -6.109     1.38    1.90
 275973.515    -6.353    -0.65    2.14
 276348.536    -6.511    -0.42    2.14
 276723.575    -7.146    -1.69    1.64
 277098.632    -7.464    -0.85    1.34
 277473.707    -7.373     0.24    1.31
 277848.800    -7.487    -0.30    1.39
 278223.912    -7.553    -0.18    1.47
 278599.041    -8.131    -1.54    1.52
 278974.189    -8.750    -1.65    1.67
 279349.355    -9.010    -0.69    1.68
 279724.539    -9.028    -0.05    1.54
 280099.741    -8.828     0.53    1.38
 280474.962    -8.464     0.97    1.46
 280850.200    -8.328     0.36    1.58
 281225.457    -7.214     2.97    2.51
 281600.732    -6.659     1.48    2.27
 281976.025    -6.600     0.16    2.24
 282351.336    -6.772    -0.46    2.42
 282726.666    -7.873    -2.94    1.85
 283102.013    -8.532    -1.76    1.32
 283477.379    -8.929    -1.06    1.18
 283852.763    -9.131    -0.54    1.15
 284228.165    -9.489    -0.95    1.58
 284603.586    -9.691    -0.54    1.41
 284979.024    -9.714    -0.06    1.72
 285354.481    -8.999     1.91    2.15
 285729.956    -8.169     2.21    2.23
 286105.450    -8.069     0.27    2.16
 286480.961    -8.531    -1.23    1.67
 286856.491    -8.914    -1.02    1.36
 287232.039    -9.100    -0.50    1.43
 287607.606    -9.162    -0.16    1.23
 287983.190    -9.301    -0.37    1.15
 288358.793    -9.197     0.28    0.96
 288734.414    -9.393    -0.52    1.00
 289110.053    -9.508    -0.31    1.13
 289485.711    -9.512    -0.01    1.08
 289861.387    -9.509     0.01    1.17
 290237.081    -9.301     0.55    1.36
 290612.794    -8.964     0.90    1.56
 290988.524    -8.714     0.67    1.59
 291364.273    -8.488     0.60    1.35
 291740.041    -8.553    -0.17    1.14
 292115.826    -8.650    -0.26    1.03
 292491.630    -8.441     0.56    1.23
 292867.453    -7.919     1.39    1.23
 293243.293    -7.464     1.21    1.37
 293619.152    -7.146     0.85    1.44
 293995.029    -6.797     0.93    1.43
 294370.925    -6.532     0.71    1.45
 294746.839    -6.557    -0.07    1.23
 295122.771    -6.532     0.07    1.25
 295498.722    -6.396     0.36    1.53
 295874.691    -6.146     0.67    1.79
 296250.678    -4.737     3.75    3.44
 296626.684    -2.909     4.86    5.03
 297002.708     0.195     8.26    5.86
 297378.750     2.990     7.44    6.07
 297754.811     5.990     7.98    6.00
 298130.890     8.672     7.13    6.08
 298506.987     9.604     2.48    6.31
 298883.103     9.081    -1.39    6.18
 299259.238     8.013    -2.84    5.76
 299635.390     6.877    -3.02    4.53
 300011.561     6.958     0.22    3.68
 300387.751     7.908     2.53    4.02
 300763.959     9.331     3.78    4.33
 301140.185    12.172     7.55    6.00
 301516.430    14.172     5.32    6.25
 301892.693    17.286     8.28    7.82
 302268.974    18.629     3.57    5.87
 302645.274    20.225     4.24    4.13
 303021.593    21.845     4.31    3.29
 303397.930    22.786     2.50    2.81
 303774.285    22.225    -1.49    3.59
 304150.659    21.336    -2.36    4.82
 304527.051    18.699    -7.01    5.40
 304903.462    16.679    -5.37    5.75
 305279.891    15.736    -2.51    5.88
 305656.339    14.463    -3.38    6.11
 306032.805    12.758    -4.53    6.19
 306409.289    12.263    -1.32    5.60
 306785.792    12.210    -0.14    4.39
 307162.314    14.036     4.85    5.26
 307538.854    16.636     6.91    5.17
 307915.413    20.114     9.24    5.21
 308291.990    22.955     7.55    5.01
 308668.585    24.377     3.78    4.31
 309045.199    26.036     4.41    3.54
 309421.832    27.386     3.59    2.81
 309798.483    28.218     2.21    1.90
 310175.153    28.686     1.24    1.82
 310551.841    28.736     0.13    2.06
 310928.547    28.354    -1.01    2.15
 311305.273    28.150    -0.54    2.21
 311682.016    26.803    -3.58    3.12
 312058.779    24.511    -6.08    3.74
 312435.560    23.400    -2.95    3.28
 312812.359    22.975    -1.13    2.82
 313189.177    24.380     3.73    3.05
 313566.014    25.922     4.09    2.29
 313942.869    26.094     0.46    2.48
 314319.742    26.013    -0.21    2.42
 314696.635    26.219     0.55    2.15
 315073.546    25.877    -0.91    2.02
 315450.475    25.606    -0.72    1.42
 315827.423    25.945     0.90    1.53
 316204.390    26.047     0.27    1.80
 316581.375    25.975    -0.19    2.45
 316958.379    26.336     0.96    2.97
 317335.401    26.350     0.04    2.78
 317712.442    26.187    -0.43    2.53
 318089.158    24.854    -3.54    3.56
 318462.550    22.958    -5.08    3.50
 318835.960    21.869    -2.92    2.84
 319209.388    22.393     1.40    2.91
 319582.835    23.603     3.24    3.12
 319956.300    25.396     4.80    2.79
 320329.783    26.627     3.30    2.65
 320703.284    27.625     2.67    2.37
 321076.804    27.847     0.60    2.21
 321450.342    27.604    -0.65    2.61
 321823.898    27.036    -1.52    2.75
 322197.472    25.336    -4.55    3.72
 322571.065    23.048    -6.13    4.24
 322944.676    22.309    -1.98    4.11
 323318.305    20.240    -5.54    4.50
 323691.953    18.971    -3.40    5.01
 324065.619    17.331    -4.39    5.32
 324439.303    15.798    -4.11    4.86
 324813.006    14.514    -3.44    3.74
 325186.727    13.234    -3.43    3.51
 325560.466    12.422    -2.17    4.26
 325934.224    11.854    -1.52    5.54
 326308.000    10.645    -3.24    6.08
 326681.794     9.672    -2.60    5.90
 327055.607     8.822    -2.28    6.19
 327429.438     7.188    -4.37    5.90
 327803.287     4.071    -8.34    5.39
 328177.155     2.491    -4.23    4.41
 328551.041     0.763    -4.62    2.79
 328924.945     0.514    -0.67    2.85
 329298.868     0.127    -1.04    2.86
 329672.809     0.490     0.97    3.70
 330046.769     0.601     0.30    4.22
 330420.747     0.931     0.88    5.17
 330794.743     1.003     0.19    5.05
 331168.758     1.877     2.34    4.66
 331542.791     2.936     2.83    4.22
 331916.843     4.936     5.35    3.93
 332290.912     5.945     2.70    3.68
 332665.001     4.069    -5.02    5.13
 333039.108     1.489    -6.90    5.14
 333413.233    -1.064    -6.83    4.79
 333787.377    -3.487    -6.48    4.20
 334161.539    -5.782    -6.14    3.57
 334535.719    -7.464    -4.50    2.83
 334909.918    -8.714    -3.34    2.14
 335284.136    -9.260    -1.46    2.04
 335658.371    -9.623    -0.97    1.96
 336032.626    -9.375     0.66    2.35
 336406.899    -9.305     0.19    2.92
 336781.190    -8.941     0.97    3.47
 337155.499    -8.646     0.79    3.18
 337529.828    -8.600     0.12    3.09
 337904.174    -7.464     3.04    2.96
 338278.540    -7.131     0.89    3.09
 338652.923    -6.777     0.95    3.08
