# NaN NaN NaN ;Mean Elev.(m), Avg Gradient(m/km), RMS Gradient(m/km) - SRTM1     
#  247.576  -6.667  14.316 ;Mean Elev.(m), Avg Gradient(m/km), RMS Gradient(m/km) - ASTER GDEM
#  259.328  -6.649  13.700 ;Mean Elev.(m), Avg Gradient(m/km), RMS Gradient(m/km) - GMTED2010 
  6 308.154876 -21.132481   258.084   257.922  3 52439.06994021 20.347
  7 308.159249 -21.131704   258.020   258.035  4 52474.06993925 27.209
  8 308.164742 -21.130424   258.212   258.219  4 52509.06990437 52.589
  9 308.171652 -21.130942   258.306   258.306  2 52544.06989946 42.932
 11 308.159169 -21.131065   257.965   257.969  3 52614.06990794 17.939
 12 308.167044 -21.128141   260.578   260.440  4 52649.06988911 43.567
 13 308.168033 -21.127524   258.055   258.014  3 52684.06986909 23.401
 14 308.162001 -21.129949   258.432   258.390  4 52719.06992344 49.486
 16 308.165515 -21.129299   258.374   258.361  4 52789.06989517 47.388
 17 308.166224 -21.128132   258.435   258.457  3 52824.06996597 50.451
 18 308.167890 -21.127104   258.526   258.484  3 52859.07001240 52.189
 19 308.160770 -21.131126   258.711   258.476  4 52894.07004300 44.906
 20 308.158726 -21.131852   258.793   258.725  4 52929.06999297 50.695
 21 308.169918 -21.127643   258.332   258.337  4 52964.06997746 51.893
 22 308.158428 -21.131607   257.885   257.977  3 52999.07001339 46.185
 23 308.159225 -21.130238   258.386   258.298  4 53034.06996622 28.684
 24 308.165310 -21.129190   258.612   258.592  4 53069.06998190 43.539
 25 308.158025 -21.130639   258.393   258.375  3 53104.06996766 49.505
 27 308.163011 -21.129796   260.275   260.417  4 53174.07002633 45.284
 29 308.164510 -21.129189   257.983   257.931  3 53244.07001037 32.081
 30 308.164836 -21.128132   258.306   258.352  4 53279.06998950 41.457
 31 308.163501 -21.131765   259.117   259.117  2 53314.07001340 18.934
 34 308.171464 -21.127217   258.492   258.437  3 53419.06995966 51.351
 35 308.169482 -21.130334   258.853   258.865  3 53454.06996483 51.089
 36 308.156866 -21.131915   258.574   258.754  3 53489.07005009 42.312
 37 308.166564 -21.129113   258.380   258.392  4 53524.07003806 49.291
 38 308.156130 -21.130797   258.156   258.057  3 53559.07006455 33.073
 39 308.168247 -21.128252   258.451   258.506  3 53594.07000194 50.731
 40 308.161097 -21.131326   258.211   257.977  4 53629.06999393 37.261
 41 308.161023 -21.130997   258.165   258.068  3 53664.07001807 34.129
 43 308.165776 -21.129122   258.484   258.485  4 53734.06989938 51.114
 44 308.169930 -21.127500   258.570   258.564  3 53769.06988274 52.422
 45 308.165600 -21.127089   258.759   258.796  4 53804.06987895 23.255
 46 308.164781 -21.129296   259.266   259.184  4 53839.06989779 49.967
 47 308.165522 -21.129912   258.386   258.360  4 53874.06994433 51.344
 48 308.159593 -21.130643   258.660   258.649  4 53909.06998869 47.215
 49 308.154381 -21.131325   258.387   258.382  3 53944.07001194 51.136
 50 308.160355 -21.131361   258.389   258.291  4 53979.06996106 31.372
 52 308.170281 -21.126123   258.427   258.406  3 54049.06998102 30.152
 55 308.163011 -21.130708   260.037   260.029  4 54154.06992840 52.208
 56 308.162009 -21.129885   258.465   258.480  4 54189.06989678 52.231
 57 308.163527 -21.129661   258.455   258.467  4 54224.06993864 48.255
 58 308.163702 -21.128675   258.215   258.202  4 54259.06996066 50.294
 59 308.164962 -21.129869   258.446   258.455  4 54294.06996335 51.738
 60 308.165169 -21.129855   258.420   258.451  4 54329.06995721 52.063
 61 308.161907 -21.130802   258.740   258.484  3 54364.06990398 50.946
 63 308.163761 -21.130903   258.203   258.259  4 54434.06985517 51.323
 65 308.163217 -21.129676   260.032   260.032  2 54504.06987059 50.535
 67 308.163281 -21.129791   259.242   259.236  4 54574.06987125 49.787
 68 308.163759 -21.128675   258.875   258.799  4 54609.06988954 50.693
 69 308.163486 -21.130565   258.628   258.630  4 54644.06989679 50.382
 70 308.162951 -21.129524   258.599   258.467  4 54679.06989859 36.360
 71 308.163585 -21.130566   258.834   258.827  4 54714.06985056 42.727
 76 308.162711 -21.130549   259.115   259.070  3 54889.06986514 49.451
 77 308.160291 -21.130477   258.933   258.926  3 54924.06983415 53.081
 78 308.163724 -21.130458   262.144   262.132  4 54959.06986305 40.700
 81 308.164074 -21.129388   259.849   259.776  4 55064.06986692 22.916
 83 308.164529 -21.129360   258.393   258.463  3 55134.06981077 39.579
 85 308.164039 -21.128713   259.761   259.736  4 55204.06980419 43.352
 87 308.163872 -21.131714   260.581   260.643  3 55274.06979679 44.254
 88 308.162813 -21.130322   258.494   258.497  3 55309.06976572 52.398
 89 308.165397 -21.130299   258.298   258.256  4 55344.06976611 43.730
 90 308.163515 -21.129859   258.500   258.562  4 55379.06976048 51.382
 91 308.165293 -21.129063   258.282   258.282  3 55414.06978582 19.131
 92 308.163993 -21.129055   258.576   258.629  4 55449.06977409 49.856
 93 308.163694 -21.134120   258.600   258.600  2 55484.06969926 24.027
