-124366.043    12.648     0.00    1.23
-123991.943    12.515    -0.35    1.22
-123617.825    12.268    -0.66    1.23
-123243.688    12.109    -0.43    1.25
-122869.533    11.931    -0.48    1.26
-122495.359    12.363     1.15    1.45
-122121.166    12.564     0.54    1.49
-121746.956    12.449    -0.31    1.48
-121372.726    12.245    -0.55    1.23
-120998.478    12.192    -0.14    1.48
-120624.212    11.813    -1.01    1.68
-120249.927    11.615    -0.53    1.56
-119875.624    11.677     0.16    1.50
-119501.302    11.588    -0.24    1.43
-119126.961    11.199    -1.04    1.46
-118752.602    10.904    -0.79    1.30
-118378.225    10.745    -0.42    1.17
-118003.829    10.609    -0.36    0.93
-117629.414    10.690     0.22    1.27
-117254.981    10.790     0.27    1.18
-116880.530    10.750    -0.11    1.26
-116506.059    10.807     0.15    1.18
-116131.571    10.674    -0.36    1.10
-115757.063    10.471    -0.54    1.14
-115382.537    10.290    -0.48    1.08
-115007.993    10.290     0.00    1.33
-114633.430    10.063    -0.61    1.15
-114258.848    10.261     0.53    1.24
-113884.248    10.163    -0.26    1.19
-113509.629    10.340     0.47    0.97
-113134.992    10.378     0.10    1.07
-112760.336    10.313    -0.17    0.99
-112385.661    10.258    -0.15    1.00
-112010.968    10.290     0.09    0.94
-111636.256    10.354     0.17    0.91
-111261.525    10.429     0.20    0.86
-110886.776    10.585     0.42    0.80
-110512.008    10.612     0.07    0.89
-110137.222    10.449    -0.43    0.94
-109762.417    10.365    -0.22    0.93
-109387.593    10.290    -0.20    0.92
-109012.751    10.131    -0.42    1.04
-108637.890    10.063    -0.18    1.13
-108263.010     9.985    -0.21    1.34
-107888.112     9.969    -0.04    1.52
-107513.195    10.040     0.19    1.66
-107138.259    10.004    -0.10    1.63
-106763.305     9.881    -0.33    1.29
-106388.332    10.005     0.33    1.14
-106013.340     9.904    -0.27    1.14
-105638.330     9.985     0.22    0.94
-105263.301     9.955    -0.08    1.14
-104888.253    10.051     0.26    1.10
-104513.186     9.969    -0.22    1.42
-104138.101    10.096     0.34    1.69
-103762.997    10.051    -0.12    1.67
-103387.875     9.874    -0.47    1.75
-103012.733     9.651    -0.59    1.63
-102637.573     9.302    -0.93    1.25
-102262.394     9.118    -0.49    1.16
-101887.197     9.285     0.44    1.31
-101511.980     9.429     0.39    1.13
-101136.745     9.472     0.11    1.15
-100761.492     9.540     0.18    1.03
-100386.219     9.654     0.30    1.15
-100010.928     9.471    -0.49    1.37
 -99635.618     9.385    -0.23    1.71
 -99260.289     9.005    -1.01    1.79
 -98884.941     8.631    -1.00    1.72
 -98509.575     8.096    -1.43    1.36
 -98134.189     7.866    -0.61    1.03
 -97758.785     7.607    -0.69    1.37
 -97383.362     7.654     0.13    1.53
 -97007.921     7.563    -0.24    1.65
 -96632.460     7.474    -0.24    1.54
 -96256.981     7.836     0.96    1.53
 -95881.483     8.029     0.52    1.31
 -95505.966     8.290     0.70    1.20
 -95130.431     8.074    -0.58    1.12
 -94754.876     8.040    -0.09    1.11
 -94379.303     8.086     0.12    1.09
 -94003.711     7.918    -0.45    1.11
 -93628.100     7.750    -0.45    1.15
 -93252.470     7.584    -0.44    1.07
 -92876.821     7.563    -0.06    1.07
 -92501.153     7.404    -0.42    1.00
 -92125.467     7.432     0.07    1.14
 -91749.762     7.472     0.11    1.00
 -91374.037     7.654     0.48    0.95
 -90998.294     7.778     0.33    1.05
 -90622.532     7.823     0.12    0.96
 -90246.752     7.722    -0.27    0.87
 -89870.952     7.874     0.40    1.07
 -89495.133     7.813    -0.16    1.00
 -89119.296     7.881     0.18    1.03
 -88743.439     7.995     0.30    1.04
 -88367.564     7.965    -0.08    1.20
 -87991.670     8.096     0.35    1.10
 -87615.757     7.819    -0.74    1.20
 -87239.824     7.540    -0.74    1.08
 -86863.873     7.359    -0.48    1.02
 -86487.904     7.248    -0.29    0.98
 -86111.915     7.268     0.05    0.90
 -85735.907     7.065    -0.54    0.88
 -85359.880     7.118     0.14    0.99
 -84983.834     7.098    -0.05    1.30
 -84607.770     7.040    -0.15    1.77
 -84231.686     6.563    -1.27    2.01
 -83855.583     6.053    -1.36    2.18
 -83479.462     5.586    -1.24    1.94
 -83103.321     5.223    -0.96    2.10
 -82727.162     4.904    -0.85    2.05
 -82350.983     5.063     0.42    2.41
 -81974.786     5.122     0.16    2.43
 -81598.569     5.696     1.53    2.46
 -81222.334     6.265     1.51    2.01
 -80846.079     6.768     1.33    1.55
 -80469.806     6.995     0.60    1.35
 -80093.513     6.972    -0.06    1.26
 -79717.201     7.029     0.15    1.24
 -79340.871     6.959    -0.19    1.18
 -78964.521     6.497    -1.23    1.09
 -78588.153     6.517     0.05    1.26
 -78211.765     6.427    -0.24    1.50
 -77835.358     6.496     0.18    1.52
 -77458.932     6.453    -0.11    1.41
 -77082.487     6.404    -0.13    1.49
 -76706.024     6.154    -0.66    1.62
 -76329.541     5.932    -0.59    1.73
 -75953.039     5.285    -1.72    1.57
 -75576.517     4.674    -1.62    1.52
 -75199.977     4.407    -0.71    1.39
 -74823.418     4.388    -0.05    1.40
 -74446.840     4.674     0.76    1.65
 -74070.242     4.823     0.40    1.76
 -73693.626     4.540    -0.75    1.62
 -73316.990     4.407    -0.35    1.56
 -72940.335     4.063    -0.91    1.19
 -72563.662     3.985    -0.21    1.22
 -72186.969     4.268     0.75    1.52
 -71810.256     5.096     2.20    2.11
 -71433.525     6.193     2.91    2.29
 -71056.775     6.972     2.07    2.06
 -70680.005     7.927     2.53    1.56
 -70303.217     8.374     1.19    1.67
 -69926.409     8.149    -0.60    2.59
 -69549.582     8.609     1.22    2.90
 -69172.736     8.451    -0.42    3.29
 -68795.871     8.889     1.16    3.24
 -68418.986     8.699    -0.50    3.07
 -68042.083     9.199     1.33    2.02
 -67665.160     8.690    -1.35    1.75
 -67288.218     8.185    -1.34    1.30
 -66914.532     8.131    -0.14    1.63
 -66541.354     8.540     1.10    1.58
 -66168.158     8.563     0.06    1.52
 -65794.943     8.272    -0.78    1.32
 -65421.709     8.199    -0.19    1.14
 -65048.457     7.940    -0.69    1.19
 -64675.185     8.451     1.37    1.56
 -64301.895     8.819     0.99    1.82
 -63928.586     9.096     0.74    1.90
 -63555.258     9.429     0.89    1.75
 -63181.911     9.378    -0.14    1.85
 -62808.546     9.586     0.56    1.89
 -62435.161     9.665     0.21    2.16
 -62061.758     9.199    -1.25    2.40
 -61688.336     8.587    -1.64    2.57
 -61314.895     8.296    -0.78    2.80
 -60941.436     8.029    -0.71    3.17
 -60567.957     7.610    -1.12    3.28
 -60194.460     7.336    -0.73    2.91
 -59820.943     7.515     0.48    2.73
 -59447.408     8.109     1.59    2.76
 -59073.854     8.398     0.77    2.51
 -58700.281     8.407     0.03    2.46
 -58326.689     8.185    -0.59    2.39
 -57953.079     7.773    -1.10    2.21
 -57579.449     7.385    -1.04    2.09
 -57205.801     6.840    -1.46    1.49
 -56832.133     6.268    -1.53    1.30
 -56458.447     6.077    -0.51    1.32
 -56084.742     5.763    -0.84    1.40
 -55711.018     5.540    -0.59    1.84
 -55337.275     5.927     1.03    2.08
 -54963.513     5.874    -0.14    2.12
 -54589.732     5.687    -0.50    2.06
 -54215.932     5.427    -0.70    2.00
 -53842.113     5.711     0.76    1.80
 -53468.276     5.745     0.09    1.59
 -53094.419     5.540    -0.55    1.89
 -52720.543     5.563     0.06    2.06
 -52346.649     5.607     0.12    1.91
 -51972.735     5.565    -0.11    2.16
 -51598.803     6.018     1.21    1.86
 -51224.851     6.517     1.33    1.85
 -50850.881     6.518     0.00    1.82
 -50476.891     5.763    -2.02    2.57
 -50102.883     4.790    -2.60    3.19
 -49728.855     4.007    -2.09    3.18
 -49354.809     3.683    -0.87    3.07
 -48980.744     4.171     1.30    2.94
 -48606.659     4.469     0.80    2.84
 -48232.556     4.874     1.08    2.64
 -47858.433     5.649     2.07    2.30
 -47484.292     5.888     0.64    2.18
 -47110.131     5.963     0.20    2.28
 -46735.952     6.378     1.11    1.85
 -46361.753     6.062    -0.84    2.47
 -45987.536     4.969    -2.92    3.13
 -45613.299     3.474    -4.00    2.97
 -45239.043     1.790    -4.50    0.84
 -44864.769     1.540    -0.67    0.00
 -44490.475     1.718     0.47    1.19
 -44116.162     3.131     3.78    5.92
 -43741.830    10.649    20.08   14.98
 -43367.479    21.654    29.40   17.46
 -42993.109    27.963    16.85   14.35
 -42618.720    31.768    10.16    9.88
 -42244.312    29.018    -7.34   10.74
 -41869.884    25.229   -10.12   11.65
 -41495.438    23.063    -5.78   14.70
 -41120.972    20.290    -7.40   16.52
 -40746.487    15.474   -12.86   17.50
 -40371.984    13.007    -6.59   17.74
 -39997.461     7.896   -13.65   13.83
 -39622.919     5.745    -5.74   10.26
 -39248.358     4.051    -4.52    4.37
 -38873.777     5.199     3.06    4.42
 -38499.178     5.696     1.33    3.95
 -38124.559     6.866     3.12    5.73
 -37749.922     7.609     1.98    7.12
 -37375.265     7.829     0.59    7.31
 -37000.589     8.936     2.95    9.08
 -36625.894    10.627     4.51   11.25
 -36251.179    12.881     6.01   13.20
 -35876.446    11.086    -4.79   11.46
 -35501.693    10.214    -2.33   10.72
 -35126.921     6.997    -8.58    5.67
 -34752.130     5.495    -4.01    2.41
 -34377.320     5.040    -1.21    1.82
 -34002.491     5.258     0.58    2.18
 -33627.642     5.826     1.52    1.63
 -33252.774     5.896     0.19    0.98
 -32877.887     5.949     0.14    0.92
 -32502.981     5.963     0.04    0.99
 -32128.056     5.859    -0.28    1.09
 -31753.111     5.778    -0.21    0.96
 -31378.147    10.859    13.55   10.89
 -31003.164    18.612    20.68   15.86
 -30628.161    23.296    12.49   16.24
 -30253.140    27.404    10.95   14.55
 -29878.099    28.768     3.64   11.64
 -29503.039    31.381     6.97    9.03
 -29127.959    36.112    12.61    7.58
 -28752.861    41.859    15.32    7.00
 -28377.743    47.112    14.00    7.25
 -28002.606    52.163    13.46    8.07
 -27627.449    59.096    18.48    8.00
 -27252.274    64.517    14.45    6.64
 -26877.079    67.029     6.70    5.01
 -26501.864    66.565    -1.24    6.00
 -26126.631    63.313    -8.67    8.01
 -25751.378    57.731   -14.88    7.85
 -25376.105    51.585   -16.38    8.22
 -25000.814    46.563   -13.38    7.66
 -24625.503    42.215   -11.59    6.32
 -24250.173    37.651   -12.16    7.21
 -23874.823    33.515   -11.02    7.32
 -23499.455    33.654     0.37    6.23
 -23124.066    37.029     8.99    7.77
 -22748.659    41.881    12.92    8.84
 -22373.232    48.585    17.86    8.07
 -21997.786    53.586    13.32    7.44
 -21622.320    56.497     7.75    7.93
 -21246.835    57.802     3.48    8.49
 -20871.331    59.274     3.92    7.91
 -20495.807    59.927     1.74    6.46
 -20120.264    63.062     8.35    6.28
 -19744.702    66.874    10.15    7.22
 -19369.120    70.631    10.00    6.81
 -18993.519    72.019     3.69    6.46
 -18617.899    70.359    -4.42    6.09
 -18242.259    68.740    -4.31    7.08
 -17866.599    64.631   -10.94    7.29
 -17490.920    61.363    -8.70    8.27
 -17115.222    57.185   -11.12    8.30
 -16739.505    52.290   -13.03    6.61
 -16363.768    51.609    -1.81    6.57
 -15988.011    50.222    -3.69    7.84
 -15612.235    51.336     2.96    8.27
 -15236.440    52.451     2.97    7.54
 -14860.625    51.972    -1.28    6.20
 -14484.791    53.910     5.16    7.18
 -14108.937    55.086     3.13    6.77
 -13733.064    52.874    -5.89    6.34
 -13357.171    51.631    -3.31    6.18
 -12981.259    48.768    -7.62    7.06
 -12605.328    45.585    -8.47    6.88
 -12229.377    44.296    -3.43    6.09
 -11853.406    43.236    -2.82    6.71
 -11477.416    43.429     0.51    6.84
 -11101.407    42.363    -2.84    7.19
 -10725.378    41.404    -2.55    6.71
 -10349.329    42.540     3.02    5.35
  -9973.261    41.540    -2.66    6.85
  -9597.174    37.990    -9.44    8.90
  -9221.067    32.385   -14.90   11.76
  -8844.940    24.745   -20.31   14.04
  -8468.794    16.427   -22.11   12.02
  -8092.629     9.474   -18.48    6.63
  -7716.443     6.004    -9.22    3.67
  -7340.239     4.927    -2.86    2.48
  -6964.014     4.321    -1.61    2.31
  -6587.771     4.109    -0.56    2.19
  -6211.507     4.131     0.06    2.24
  -5835.224     4.199     0.18    2.35
  -5458.922     4.340     0.37    2.78
  -5082.600     4.190    -0.40    3.14
  -4706.258     4.063    -0.34    3.28
  -4329.897     3.229    -2.22    3.46
  -3953.516     3.378     0.39    4.71
  -3577.116     4.474     2.91    8.42
  -3200.696     8.029     9.45   16.23
  -2824.256    11.671     9.67   19.76
  -2447.797    10.898    -2.05   18.32
  -2071.318    11.629     1.94   17.58
  -1694.820     9.972    -4.40   15.84
  -1318.302    11.975     5.32   19.33
   -941.764     9.274    -7.17   18.11
   -565.207     5.654    -9.61   13.56
   -188.630     2.157    -9.29    8.42
    187.967    -0.914    -8.16    1.76
    564.583    -1.215    -0.80    1.15
    941.219    -1.460    -0.65    0.00
   1317.874    -0.860     1.59    1.96
   1694.550    -0.096     2.03    3.31
   2071.244     0.472     1.51    3.46
   2447.959     1.074     1.60    3.83
   2824.693     1.768     1.84    4.09
   3201.447     1.609    -0.42    3.86
   3578.221     3.051     3.83    4.49
   3955.014     4.159     2.94    4.05
   4331.827     4.671     1.36    3.44
   4708.660     5.096     1.13    2.86
   5085.512     5.345     0.66    1.83
   5462.384     4.381    -2.56    1.46
   5839.276     4.159    -0.59    1.46
   6216.187     3.949    -0.56    1.56
   6593.119     3.612    -0.90    1.67
   6970.070     3.829     0.58    1.69
   7347.040     3.740    -0.24    1.63
   7722.751     3.540    -0.53    1.57
   8095.859     4.029     1.31    1.66
   8468.985     4.285     0.68    1.57
   8842.131     4.131    -0.41    1.54
   9215.296     3.874    -0.69    1.44
   9588.481     3.074    -2.14    1.71
   9961.684     2.813    -0.70    1.40
  10334.908     2.763    -0.14    1.69
  10708.150     3.540     2.08    1.81
  11081.412     3.350    -0.51    2.36
  11454.693     3.359     0.02    3.51
  11827.994     2.401    -2.57    4.32
  12201.314     1.268    -3.04    4.67
  12574.653     0.427    -2.25    4.76
  12948.012     0.274    -0.41    4.62
  13321.390     1.340     2.86    5.33
  13694.788     2.350     2.70    5.52
  14068.205     2.496     0.39    5.53
  14441.641     2.115    -1.02    5.03
  14815.096     0.745    -3.67    4.32
  15188.572     0.051    -1.86    3.90
  15562.066     0.177     0.34    4.11
  15935.580     1.029     2.28    4.06
  16309.113     2.404     3.68    4.06
  16682.666     3.149     1.99    3.49
  17056.238     2.053    -2.94    3.58
  17429.830     1.629    -1.13    3.46
  17803.441     0.773    -2.29    3.14
  18177.072     0.796     0.06    3.09
  18550.722     1.323     1.41    3.19
  18924.391     2.029     1.89    3.45
  19298.080     1.838    -0.51    3.30
  19671.788     1.898     0.16    3.19
  20045.516     2.051     0.41    3.39
  20419.264     2.005    -0.12    3.32
  20793.030     2.251     0.66    3.39
  21166.817     2.366     0.31    3.30
  21540.623     2.997     1.69    3.07
  21914.448     2.985    -0.03    2.92
  22288.293     2.881    -0.28    2.76
  22662.157     2.519    -0.97    1.84
  23036.041     2.427    -0.25    1.40
  23409.944     2.407    -0.05    1.08
  23783.867     2.881     1.27    1.61
  24157.809     3.385     1.35    1.80
  24531.771     3.474     0.24    1.92
  24905.752     3.722     0.66    2.07
  25279.753     3.584    -0.37    2.38
  25653.774     2.829    -2.02    2.18
  26027.814     2.585    -0.65    1.99
  26401.874     2.163    -1.13    2.93
  26775.953     1.563    -1.60    3.11
  27150.052     0.649    -2.44    3.46
  27524.170    -0.778    -3.81    3.11
  27898.308    -1.637    -2.30    2.21
  28272.465    -2.199    -1.50    1.25
  28646.642    -2.460    -0.70    0.00
  29020.839    -2.460     0.00    0.00
  29395.055    -2.227     0.62    1.02
  29769.291    -1.894     0.89    1.67
  30143.546    -1.785     0.29    1.76
  30517.822    -1.928    -0.38    1.64
  30892.116    -1.351     1.54    2.24
  31266.430    -0.549     2.14    2.83
  31640.764     0.290     2.24    2.82
  32015.118     0.680     1.04    2.60
  32389.491     1.163     1.29    2.41
  32763.884     0.493    -1.79    2.78
  33138.296    -0.699    -3.18    2.60
  33512.729    -1.460    -2.03    1.83
  33887.180    -1.260     0.53    1.94
  34261.652    -0.801     1.23    2.57
  34636.143    -0.204     1.59    2.67
  35010.654     0.268     1.26    2.59
  35385.184     0.615     0.93    2.60
  35759.734     0.651     0.10    2.80
  36134.304     0.354    -0.79    2.56
  36508.893    -0.349    -1.88    2.20
  36883.503    -0.526    -0.47    2.17
  37258.131    -0.436     0.24    2.47
  37632.780    -0.528    -0.25    2.19
  38007.448    -0.293     0.63    2.25
  38382.136    -0.255     0.10    2.57
  38756.844    -0.297    -0.11    2.66
  39131.572     0.029     0.87    2.87
  39506.319     0.718     1.84    3.02
  39881.086     1.088     0.99    3.17
  40255.872     1.896     2.16    3.15
  40630.679     2.965     2.85    2.55
  41005.505     3.586     1.66    1.90
  41380.351     3.823     0.63    1.34
  41755.217     4.063     0.64    1.37
  42130.102     4.229     0.44    1.47
  42505.007     4.222    -0.02    1.39
  42879.932     4.149    -0.20    1.71
  43254.877     4.159     0.03    1.65
  43629.841     4.029    -0.35    1.66
  44004.826     3.859    -0.46    1.65
  44379.830     3.997     0.37    1.66
  44754.854     3.874    -0.33    1.64
  45129.898     3.927     0.14    1.48
  45504.961     2.953    -2.60    2.67
  45880.045     1.109    -4.92    3.37
  46255.148    -0.971    -5.54    3.16
  46630.271    -2.615    -4.38    2.08
  47005.414    -3.460    -2.25    0.00
  47380.576    -3.460     0.00    0.00
  47755.759    -3.460     0.00    0.00
  48130.961    -3.237     0.59    0.95
  48506.183    -2.416     2.19    2.82
  48881.425    -1.260     3.08    3.67
  49256.687     0.140     3.73    3.79
  49631.969     0.813     1.79    3.71
  50007.271     2.084     3.39    3.17
  50382.592     2.609     1.40    2.56
  50757.934     2.432    -0.47    2.02
  51133.295     2.236    -0.52    2.03
  51508.676     2.040    -0.52    2.07
  51884.077     1.874    -0.44    2.16
  52259.498     1.945     0.19    2.37
  52634.939     1.345    -1.60    2.67
  53010.400     0.588    -2.02    3.03
  53385.881     1.475     2.36    6.86
  53761.382     4.040     6.83   10.30
  54136.902     7.651     9.62   12.40
  54512.443    11.677    10.72   12.98
  54888.003    15.703    10.72   11.65
  55263.584    21.427    15.24    9.14
  55639.184    25.517    10.89    5.78
  56014.804    26.763     3.32    3.45
  56390.444    26.363    -1.06    3.65
  56766.105    24.750    -4.29    3.39
  57141.785    23.185    -4.17    2.08
  57517.485    22.540    -1.72    1.09
  57893.205    22.268    -0.73    1.04
  58268.945    22.268     0.00    1.17
  58644.705    22.496     0.61    1.26
  59020.485    22.607     0.30    1.32
  59396.286    22.449    -0.42    1.36
  59772.106    22.279    -0.45    1.36
  60147.946    22.248    -0.08    1.31
  60523.806    21.563    -1.82    1.92
  60899.686    20.768    -2.12    2.39
  61275.586    20.251    -1.37    2.22
  61651.506    19.896    -0.95    2.19
  62027.447    20.451     1.48    2.79
  62403.407    20.779     0.87    3.13
  62779.387    21.495     1.90    3.28
  63155.387    21.607     0.30    2.67
  63531.408    21.963     0.95    2.28
  63907.448    22.313     0.93    1.75
  64283.509    22.649     0.89    1.83
  64659.590    23.063     1.10    1.77
  65035.690    23.429     0.97    1.72
  65411.811    23.693     0.70    1.62
  65787.952    24.163     1.25    1.34
  66164.113    24.451     0.77    1.38
  66540.294    24.773     0.85    1.27
  66916.495    25.040     0.71    1.21
  67292.716    25.313     0.72    1.29
  67668.957    25.585     0.72    1.33
  68045.219    25.651     0.18    1.30
  68421.501    25.689     0.10    1.22
  68797.802    25.829     0.37    1.22
  69174.124    25.809    -0.05    1.27
  69550.466    26.051     0.65    1.18
  69926.828    26.285     0.62    1.14
  70303.210    26.074    -0.56    0.99
  70679.613    26.296     0.59    1.03
  71056.035    26.494     0.53    1.02
  71432.478    26.677     0.49    1.11
  71808.941    26.826     0.40    1.17
  72185.424    26.677    -0.40    1.25
  72561.927    26.677     0.00    1.27
  72938.451    26.631    -0.12    1.34
  73314.995    26.432    -0.53    1.45
  73691.558    26.302    -0.34    1.41
  74068.142    25.888    -1.10    1.79
  74444.747    25.255    -1.68    1.89
  74821.371    24.607    -1.72    2.30
  75198.016    23.823    -2.08    2.39
  75574.681    23.475    -0.92    2.56
  75951.366    22.953    -1.39    2.50
  76328.071    22.427    -1.40    2.46
  76704.797    21.519    -2.41    1.59
  77081.542    21.131    -1.03    1.23
  77458.308    21.163     0.08    1.32
  77835.095    21.171     0.02    1.34
  78211.901    21.385     0.57    1.28
  78588.728    21.714     0.87    1.23
  78965.575    21.932     0.58    1.22
  79342.443    22.497     1.50    1.15
  79719.330    23.007     1.35    1.18
  80096.238    23.285     0.74    1.26
  80473.166    23.497     0.56    1.32
  80850.115    23.445    -0.14    1.34
  81227.084    23.497     0.14    1.23
  81604.073    23.404    -0.25    1.19
  81981.082    23.606     0.53    1.32
  82358.112    23.654     0.13    1.28
  82731.953    23.773     0.32    1.25
  83105.002    24.040     0.72    1.34
  83478.072    24.296     0.69    1.20
  83851.161    24.407     0.30    1.29
  84224.270    25.336     2.49    3.73
  84597.400    25.118    -0.58    1.47
  84970.549    25.563     1.19    1.51
  85343.717    25.494    -0.18    1.46
  85716.906    25.654     0.43    1.24
  86090.115    25.778     0.33    1.36
  86463.344    26.363     1.57    1.72
  86836.592    26.773     1.10    1.69
  87209.861    27.629     2.29    1.64
  87583.149    28.540     2.44    1.45
  87956.457    29.517     2.62    1.64
  88329.786    30.518     2.68    1.66
  88703.134    31.440     2.47    1.41
  89076.502    32.313     2.34    1.64
  89449.890    32.859     1.46    1.36
  89823.298    33.251     1.05    1.20
  90196.726    33.185    -0.18    1.05
  90570.174    33.154    -0.08    1.10
  90943.642    33.179     0.07    1.34
  91317.130    32.969    -0.56    1.33
  91690.638    32.940    -0.08    1.21
  92064.166    33.088     0.40    1.35
  92437.714    33.296     0.56    1.94
  92811.281    33.711     1.11    2.03
  93184.869    34.758     2.80    2.51
  93558.477    35.019     0.70    2.46
  93932.105    34.718    -0.80    2.17
  94305.753    33.714    -2.69    1.90
  94679.421    32.778    -2.50    1.66
  95053.109    32.823     0.12    1.68
  95426.817    32.949     0.34    1.98
  95800.545    33.154     0.55    2.10
  96174.293    33.236     0.22    1.92
  96548.061    33.149    -0.23    1.82
  96921.849    32.817    -0.89    1.66
  97295.658    32.985     0.45    1.75
  97669.486    32.975    -0.03    1.63
  98043.334    33.359     1.03    1.72
  98417.203    33.607     0.66    1.83
  98791.091    34.149     1.45    1.82
  99165.000    34.475     0.87    1.89
  99538.928    35.094     1.65    1.75
  99912.877    35.586     1.32    1.75
 100286.846    36.171     1.56    1.58
 100660.835    37.290     2.99    1.92
 101034.844    38.631     3.59    2.33
 101408.873    39.985     3.62    2.38
 101782.923    41.471     3.97    2.21
 102156.992    42.671     3.21    1.90
 102531.082    43.654     2.63    1.66
 102905.191    44.410     2.02    1.17
 103279.321    44.823     1.10    1.36
 103653.471    44.604    -0.58    1.59
 104027.641    43.651    -2.55    2.38
 104401.832    42.945    -1.89    2.64
 104776.042    42.236    -1.90    2.39
 105150.273    41.802    -1.16    2.18
 105524.524    42.453     1.74    2.31
 105898.795    43.336     2.36    2.19
 106273.086    43.985     1.73    2.16
 106647.397    44.007     0.06    2.11
 107021.729    43.912    -0.25    2.07
 107396.080    44.699     2.10    2.10
 107770.452    45.516     2.18    1.97
 108144.844    46.740     3.27    1.71
 108519.257    47.881     3.05    1.52
 108893.689    48.696     2.18    1.62
 109268.142    49.474     2.08    1.85
 109642.615    50.231     2.02    2.07
 110017.108    50.609     1.01    2.53
 110391.622    50.726     0.31    2.93
 110766.156    51.040     0.84    2.60
 111140.710    51.736     1.86    2.38
 111515.284    52.290     1.48    2.22
 111889.878    53.627     3.57    2.18
 112264.493    54.904     3.41    1.70
 112639.128    56.171     3.38    1.78
 113013.783    57.278     2.96    1.85
 113388.459    57.874     1.59    1.78
 113763.155    58.975     2.94    1.54
 114137.871    59.801     2.20    1.73
 114512.607    60.366     1.51    1.90
 114887.364    61.051     1.83    1.77
 115262.141    61.497     1.19    1.44
 115636.939    61.609     0.30    1.45
 116011.756    61.963     0.94    1.64
 116386.594    62.607     1.72    1.56
 116761.453    62.904     0.79    1.56
 117136.331    62.987     0.22    1.68
 117511.230    62.699    -0.77    1.95
 117886.150    61.918    -2.08    2.21
 118261.089    60.866    -2.81    2.46
 118636.049    59.453    -3.77    2.61
 119011.030    57.474    -5.28    2.61
 119386.031    55.790    -4.49    2.94
 119761.052    52.693    -8.26    3.84
 120136.093    49.819    -7.66    4.46
 120511.155    46.062   -10.02    4.66
 120886.237    42.714    -8.93    3.25
 121261.340    40.975    -4.64    1.94
 121636.463    40.972    -0.01    2.04
 122011.607    42.207     3.29    2.61
 122386.770    44.163     5.21    2.86
 122761.955    45.906     4.65    2.35
 123137.159    47.985     5.54    3.13
 123512.384    49.404     3.78    3.16
 123887.630    51.074     4.45    3.10
 124262.896    52.051     2.61    3.00
 124638.182    52.657     1.61    3.58
 125013.489    53.268     1.63    4.90
 125388.816    53.778     1.36    6.56
 125764.164    53.807     0.08    5.91
 126139.532    55.185     3.67    5.97
 126514.921    55.629     1.18    4.74
 126890.330    57.671     5.44    4.24
 127265.760    58.424     2.01    3.87
 127641.210    58.214    -0.56    4.01
 128016.680    57.850    -0.97    3.48
 128392.171    57.896     0.12    2.75
 128767.683    59.072     3.13    2.75
 129143.215    59.693     1.65    2.32
 129518.767    59.627    -0.17    2.65
 129894.340    58.972    -1.74    3.49
 130269.934    56.845    -5.66    3.92
 130645.548    54.290    -6.80    3.33
 131021.183    52.896    -3.71    3.90
 131396.838    51.607    -3.43    3.99
 131772.514    49.451    -5.74    3.73
 132148.210    48.242    -3.22    3.08
 132523.927    47.449    -2.11    1.78
 132899.664    48.007     1.48    2.15
 133275.422    49.497     3.97    2.68
 133651.200    50.932     3.82    2.92
 134026.999    52.429     3.99    2.53
 134402.819    53.745     3.50    2.58
 134778.659    54.953     3.22    2.36
 135154.520    56.290     3.56    2.52
 135530.401    58.693     6.39    3.10
 135906.303    60.674     5.27    2.77
 136282.225    62.242     4.17    2.27
 136658.169    63.074     2.21    1.95
 137034.132    63.098     0.07    2.40
 137410.117    63.140     0.11    2.53
 137786.122    63.278     0.37    2.53
 138162.147    63.963     1.82    2.58
 138538.193    64.740     2.07    2.59
 138914.260    65.703     2.56    2.74
 139290.348    67.363     4.41    2.74
 139666.456    68.731     3.64    2.42
 140042.585    69.881     3.06    2.08
 140418.734    71.030     3.05    1.49
 140794.904    71.696     1.77    1.40
 141171.095    72.171     1.26    1.42
 141547.307    72.496     0.86    1.28
 141923.539    72.910     1.10    1.36
 142299.792    73.192     0.75    1.25
 142676.065    73.296     0.28    1.45
 143052.359    73.404     0.29    1.64
 143428.674    73.118    -0.76    1.98
 143805.010    73.845     1.93    1.47
 144181.366    74.199     0.94    1.48
 144557.743    74.770     1.51    1.43
 144934.141    75.345     1.53    1.31
 145310.560    75.714     0.98    1.32
 145686.999    76.429     1.90    1.34
 146063.459    76.995     1.50    1.45
 146439.940    77.758     2.03    1.44
 146816.441    78.154     1.05    1.50
 147192.963    78.157     0.01    1.84
 147569.506    78.106    -0.14    2.54
 147946.070    78.242     0.36    3.61
 148322.655    76.874    -3.64    3.75
 148699.260    75.612    -3.35    3.36
 149075.886    73.953    -4.40    3.11
 149452.533    71.588    -6.28    3.29
 149829.201    69.185    -6.38    3.48
 150205.889    66.674    -6.67    3.06
 150582.598    64.796    -4.98    2.04
 150959.328    64.563    -0.62    1.74
 151336.079    65.112     1.46    2.11
 151712.851    66.904     4.76    2.53
 152089.644    69.477     6.83    2.60
 152466.457    71.199     4.57    2.23
 152843.291    72.932     4.60    2.24
 153220.146    74.768     4.87    2.07
 153597.022    75.779     2.69    1.93
 153973.919    76.612     2.21    1.72
 154350.836    76.758     0.39    1.99
 154727.775    76.714    -0.12    2.10
 155104.734    76.801     0.23    1.89
 155481.714    77.453     1.73    1.92
 155858.715    78.109     1.74    2.03
 156235.737    79.221     2.95    1.97
 156612.780    80.029     2.14    1.98
 156989.844    80.674     1.71    1.74
 157365.819    81.318     1.71    1.48
 157738.790    81.813     1.33    1.17
 158111.782    81.845     0.08    1.15
 158484.795    82.131     0.77    1.13
 158857.828    82.242     0.30    1.06
 159230.881    82.236    -0.02    1.05
 159603.955    82.285     0.13    0.99
 159977.050    82.318     0.09    0.90
 160350.164    82.154    -0.44    0.99
 160723.300    81.851    -0.81    1.08
 161096.455    81.683    -0.45    1.12
 161469.632    81.366    -0.85    1.16
 161842.828    81.318    -0.13    1.38
 162216.045    80.866    -1.21    1.55
 162589.283    80.586    -0.75    1.60
 162962.541    80.072    -1.38    2.06
 163335.820    79.586    -1.30    2.35
 163709.119    79.192    -1.06    2.66
 164082.438    79.018    -0.47    2.37
 164455.779    79.421     1.08    2.21
 164829.139    79.985     1.51    2.14
 165202.520    80.763     2.08    1.69
 165575.922    81.318     1.49    1.59
 165949.344    82.118     2.14    1.53
 166322.787    82.819     1.88    1.33
 166696.251    83.290     1.26    1.10
 167069.734    83.354     0.17    1.01
 167443.239    83.274    -0.22    1.10
 167816.764    82.888    -1.03    1.27
 168190.309    82.563    -0.87    1.44
 168563.876    81.997    -1.52    1.92
 168937.462    81.495    -1.34    2.10
 169311.070    80.084    -3.78    2.50
 169684.698    78.955    -3.02    2.29
 170058.346    78.229    -1.94    1.77
 170432.015    78.074    -0.42    1.24
 170805.705    78.563     1.31    1.32
 171179.415    79.221     1.76    1.53
 171553.146    79.736     1.38    1.42
 171926.898    80.061     0.87    1.40
 172300.670    80.199     0.37    1.49
 172674.463    80.477     0.74    1.51
 173048.276    80.813     0.90    1.48
 173422.110    81.318     1.35    1.62
 173795.965    81.975     1.76    1.36
 174169.840    82.714     1.98    1.40
 174543.736    83.115     1.07    1.41
 174917.653    83.677     1.50    1.11
 175291.590    83.866     0.51    1.10
 175665.548    84.040     0.47    1.11
 176039.527    84.051     0.03    1.16
 176413.526    84.318     0.71    0.97
 176787.547    84.359     0.11    0.99
 177161.587    84.606     0.66    1.04
 177535.649    84.563    -0.11    1.07
 177909.731    84.853     0.77    1.15
 178283.834    84.888     0.09    1.22
 178657.958    84.845    -0.12    1.19
 179032.102    84.768    -0.21    1.18
 179406.267    84.453    -0.84    1.19
 179780.453    84.318    -0.36    0.93
 180154.659    84.199    -0.32    0.82
 180528.887    83.779    -1.12    1.21
 180903.135    83.245    -1.43    1.21
 181277.403    82.918    -0.87    1.13
 181651.693    82.651    -0.71    1.07
 182026.003    82.518    -0.36    1.19
 182400.334    82.385    -0.35    1.24
 182774.686    82.421     0.10    1.21
 183149.059    82.177    -0.65    1.12
 183523.452    81.995    -0.49    1.07
 183897.866    82.007     0.03    0.92
 184272.301    82.296     0.77    1.07
 184646.757    82.699     1.08    0.89
 185021.234    83.171     1.26    1.02
 185395.731    83.588     1.11    0.94
 185770.249    83.629     0.11    0.90
 186144.788    83.610    -0.05    0.91
 186519.348    83.496    -0.30    0.93
 186893.929    83.328    -0.45    0.93
 187268.531    83.236    -0.24    0.99
 187643.153    83.221    -0.04    0.86
 188017.796    83.154    -0.18    0.87
 188392.460    83.242     0.24    1.21
 188767.145    83.404     0.43    1.23
 189141.851    83.407     0.01    1.38
 189516.578    83.363    -0.12    1.47
 189891.326    83.214    -0.40    1.10
 190266.094    83.306     0.25    1.25
 190640.883    83.245    -0.16    1.27
 191015.694    82.953    -0.78    1.17
 191390.525    82.671    -0.75    1.28
 191765.377    82.584    -0.23    1.59
 192140.250    82.451    -0.35    1.50
 192515.144    82.427    -0.07    1.63
 192890.058    82.062    -0.97    1.85
 193264.994    81.063    -2.66    1.64
 193639.951    80.583    -1.28    1.64
 194014.928    79.888    -1.85    1.42
 194389.927    79.519    -0.99    1.41
 194764.946    79.084    -1.16    1.29
 195139.987    78.631    -1.21    1.24
 195515.048    78.427    -0.55    1.47
 195890.131    78.261    -0.44    1.45
 196265.234    78.251    -0.03    1.52
 196640.358    78.790     1.44    2.00
 197015.503    79.051     0.70    2.24
 197390.670    79.096     0.12    2.47
 197765.857    79.207     0.30    2.54
 198141.065    79.429     0.59    2.46
 198516.294    79.222    -0.55    2.67
 198891.545    79.118    -0.28    2.35
 199266.816    79.115    -0.01    2.02
 199642.108    79.040    -0.20    1.59
 200017.422    78.860    -0.48    1.52
 200392.756    78.029    -2.21    2.01
 200768.111    77.301    -1.94    2.40
 201143.488    76.177    -3.00    2.62
 201518.885    76.007    -0.45    2.47
 201894.304    75.496    -1.36    2.79
 202269.743    75.518     0.06    2.93
 202645.204    74.711    -2.15    2.91
 203020.686    74.109    -1.60    2.67
 203396.188    73.149    -2.56    2.17
 203771.712    72.540    -1.62    1.70
 204147.257    72.370    -0.45    1.69
 204522.823    72.918     1.46    2.39
 204898.410    74.086     3.11    2.81
 205274.018    76.084     5.32    2.20
 205649.648    77.336     3.33    1.62
 206025.298    77.945     1.62    1.48
 206400.970    78.606     1.76    1.45
 206776.662    79.149     1.45    1.31
 207152.376    79.562     1.10    1.09
 207528.111    80.086     1.39    0.90
 207903.867    80.109     0.06    0.82
 208279.644    79.982    -0.34    1.45
 208655.443    79.696    -0.76    1.97
 209031.262    79.429    -0.71    2.26
 209407.103    80.163     1.95    2.48
 209782.965    80.497     0.89    2.09
 210158.848    81.255     2.02    2.11
 210534.752    81.736     1.28    2.02
 210910.677    82.222     1.29    1.93
 211286.624    83.096     2.32    1.69
 211662.592    83.881     2.09    1.39
 212038.580    84.410     1.41    1.64
 212414.591    84.966     1.48    1.56
 212790.622    85.086     0.32    1.72
 213166.675    84.062    -2.72    2.80
 213542.748    83.359    -1.87    2.81
 213918.843    82.963    -1.05    2.70
 214294.960    82.953    -0.02    2.24
 214671.097    83.649     1.85    2.09
 215047.256    84.540     2.37    1.65
 215423.436    85.336     2.11    1.41
 215799.637    86.157     2.18    1.50
 216175.860    86.910     2.00    1.48
 216552.103    87.714     2.14    1.37
 216928.368    88.563     2.26    1.36
 217304.655    89.159     1.59    1.21
 217680.962    90.345     3.15    1.72
 218057.291    91.086     1.97    1.63
 218433.641    91.714     1.67    1.87
 218810.013    92.340     1.66    2.06
 219186.405    92.518     0.47    2.05
 219562.820    92.585     0.18    2.34
 219939.255    92.540    -0.12    2.15
 220315.712    92.699     0.42    2.08
 220692.190    92.807     0.29    2.09
 221068.689    92.874     0.18    1.99
 221445.210    92.779    -0.25    1.54
 221821.752    92.740    -0.10    1.12
 222198.315    93.040     0.80    1.38
 222574.900    93.255     0.57    1.27
 222951.506    93.251    -0.01    1.04
 223328.134    93.084    -0.45    0.91
 223704.782    93.019    -0.17    0.94
 224081.453    92.860    -0.42    1.02
 224458.144    92.472    -1.03    1.07
 224834.857    92.207    -0.70    1.02
 225211.592    91.693    -1.37    1.15
 225588.347    91.072    -1.65    1.40
 225965.125    90.251    -2.18    1.50
 226341.923    89.563    -1.83    1.32
 226718.743    88.910    -1.73    1.32
 227095.585    88.654    -0.68    1.28
 227472.447    88.221    -1.15    1.11
 227849.332    87.953    -0.71    1.15
 228226.237    87.838    -0.31    1.16
 228603.165    87.649    -0.50    1.40
 228980.113    87.540    -0.29    1.50
 229357.083    87.363    -0.47    1.32
 229734.075    87.075    -0.76    1.10
 230111.088    86.851    -0.59    1.29
 230488.122    86.540    -0.83    1.52
 230865.178    86.199    -0.90    1.51
 231242.256    85.758    -1.17    1.53
 231619.355    85.735    -0.06    1.27
 231996.475    85.474    -0.69    1.14
 232370.474    85.328    -0.39    1.04
 232743.387    85.193    -0.36    1.12
 233116.322    85.285     0.25    1.33
 233489.277    85.366     0.22    1.37
 233862.253    85.499     0.35    1.29
 234235.251    85.722     0.60    1.26
 234608.269    86.072     0.94    1.10
 234981.309    86.427     0.95    1.19
 235354.369    86.896     1.26    1.28
 235727.451    87.627     1.96    1.46
 236100.553    88.301     1.81    1.42
 236473.677    88.689     1.04    1.30
 236846.822    88.881     0.51    1.33
 237219.987    88.826    -0.15    1.58
 237593.174    88.149    -1.81    1.67
 237966.382    87.860    -0.78    1.59
 238339.611    87.540    -0.86    1.40
 238712.861    87.207    -0.89    1.33
 239086.132    86.627    -1.55    1.59
 239459.424    86.359    -0.72    1.53
 239832.737    86.193    -0.44    1.40
 240206.072    86.222     0.08    1.20
 240579.427    86.413     0.51    1.48
 240952.804    86.736     0.87    1.68
 241326.201    86.689    -0.13    1.72
 241699.620    86.562    -0.34    1.67
 242073.060    86.222    -0.91    1.39
 242446.521    86.029    -0.52    1.34
 242820.003    85.931    -0.26    1.18
 243193.507    85.519    -1.10    1.41
 243567.031    84.586    -2.50    2.24
 243940.577    83.785    -2.14    2.66
 244314.144    83.007    -2.08    2.54
 244687.732    82.699    -0.82    2.52
 245061.341    82.829     0.35    2.56
 245434.971    83.659     2.22    2.30
 245808.623    84.086     1.14    1.72
 246182.295    84.051    -0.09    1.58
 246555.989    83.829    -0.59    1.47
 246929.704    83.625    -0.55    1.54
 247303.441    83.171    -1.22    1.54
 247677.198    83.115    -0.15    1.47
 248050.977    82.699    -1.11    1.40
 248424.777    82.671    -0.08    1.57
 248798.598    82.331    -0.91    1.46
 249172.441    81.963    -0.99    1.57
 249546.304    81.519    -1.19    1.71
 249920.189    81.019    -1.34    1.76
 250294.095    80.434    -1.56    1.91
 250668.023    80.018    -1.11    1.82
 251041.971    79.520    -1.33    1.76
 251415.941    78.714    -2.15    2.12
 251789.932    78.030    -1.83    2.68
 252163.945    76.851    -3.15    2.60
 252537.979    76.540    -0.83    2.68
 252912.034    76.366    -0.47    2.69
 253286.110    76.229    -0.37    2.98
 253660.208    76.902     1.80    3.40
 254034.326    77.496     1.59    3.43
 254408.467    78.306     2.17    3.04
 254782.628    78.301    -0.01    3.29
 255156.811    78.285    -0.04    3.44
 255531.015    77.274    -2.70    3.43
 255905.241    76.790    -1.29    3.20
 256279.488    76.345    -1.19    3.05
 256653.756    76.168    -0.47    2.50
 257028.045    76.410     0.65    2.32
 257402.356    76.859     1.20    2.15
 257776.689    77.274     1.11    2.31
 258151.042    76.540    -1.96    2.36
 258525.417    76.177    -0.97    2.54
 258899.814    75.836    -0.91    2.35
 259274.231    74.819    -2.72    2.00
 259648.671    74.163    -1.75    2.14
 260023.131    73.966    -0.53    1.95
 260397.613    73.274    -1.85    1.88
 260772.116    73.030    -0.65    1.65
 261146.641    72.940    -0.24    1.45
 261521.187    73.301     0.96    1.48
 261895.755    73.631     0.88    1.63
 262270.344    73.997     0.98    1.63
 262644.954    74.306     0.83    1.68
 263019.586    74.407     0.27    1.42
 263394.240    74.455     0.13    1.52
 263768.914    74.584     0.34    1.50
 264143.611    74.785     0.54    1.60
 264518.328    75.007     0.59    1.59
 264893.067    74.881    -0.34    1.65
 265267.828    74.427    -1.21    2.36
 265642.610    73.985    -1.18    2.12
 266017.414    73.647    -0.90    1.58
 266392.239    73.607    -0.11    1.47
 266767.085    73.221    -1.03    1.37
 267141.953    72.985    -0.63    1.39
 267516.843    72.391    -1.58    1.49
 267891.754    72.258    -0.36    1.50
 268266.687    72.136    -0.32    1.54
 268641.641    72.251     0.31    1.55
 269016.616    72.790     1.44    1.57
 269391.614    73.040     0.67    1.55
 269766.632    73.378     0.90    1.29
 270141.673    73.563     0.49    1.50
 270516.734    73.585     0.06    1.40
 270891.818    73.813     0.61    1.63
 271266.923    74.301     1.30    1.79
 271642.049    75.159     2.29    1.67
 272017.197    75.940     2.08    1.92
 272392.367    76.586     1.72    2.36
 272767.558    77.106     1.39    2.59
 273142.771    77.008    -0.26    2.55
 273518.005    76.779    -0.61    2.34
 273893.261    76.455    -0.86    1.60
 274268.539    76.063    -1.05    1.39
 274643.838    76.207     0.38    1.58
 275019.159    76.359     0.40    1.63
 275394.501    76.451     0.25    1.43
 275769.865    76.649     0.53    1.49
 276145.251    76.975     0.87    1.33
 276520.659    77.353     1.01    1.61
 276896.088    77.768     1.11    1.61
 277271.538    77.987     0.58    1.67
 277647.010    78.171     0.49    1.57
 278022.504    78.306     0.36    1.27
 278398.020    78.671     0.97    1.36
 278773.557    79.040     0.98    1.37
 279149.116    79.214     0.46    1.30
 279524.697    79.183    -0.08    1.36
 279900.299    79.200     0.04    1.34
 280275.924    79.631     1.15    1.38
 280651.569    80.185     1.47    1.64
 281027.237    80.258     0.19    1.75
 281402.926    79.904    -0.94    1.81
 281778.637    79.199    -1.88    1.35
 282154.370    79.086    -0.30    1.34
 282530.124    79.214     0.34    1.23
 282905.900    79.306     0.25    1.20
 283281.698    79.475     0.45    1.24
 283657.517    79.732     0.68    1.31
 284033.359    79.449    -0.75    1.76
 284409.222    79.301    -0.39    1.95
 284785.107    78.995    -0.82    2.03
 285161.013    78.274    -1.92    2.10
 285536.942    78.008    -0.71    1.84
 285912.892    78.149     0.37    2.03
 286288.864    77.895    -0.68    1.74
 286664.858    77.768    -0.34    2.24
 287040.873    76.604    -3.09    2.40
 287416.911    75.953    -1.73    2.18
 287792.970    75.477    -1.27    1.94
 288169.051    75.584     0.29    1.49
 288545.154    75.936     0.94    1.40
 288921.278    75.932    -0.01    1.50
 289297.425    75.995     0.17    1.47
 289673.593    76.453     1.22    2.61
 290049.783    76.290    -0.43    2.74
 290425.995    76.475     0.49    2.66
 290802.229    76.585     0.29    2.45
 291178.485    76.427    -0.42    1.62
 291554.763    76.177    -0.66    1.50
 291931.062    76.163    -0.04    1.45
 292307.384    76.106    -0.15    1.47
 292683.727    76.061    -0.12    1.44
 293060.092    76.149     0.23    1.47
 293436.479    76.249     0.26    1.30
 293812.888    75.949    -0.80    1.32
 294189.319    75.860    -0.24    1.37
 294565.772    75.949     0.24    1.34
 294942.246    75.718    -0.61    1.61
 295318.743    75.285    -1.15    1.69
 295695.261    75.258    -0.07    1.80
 296071.802    75.353     0.25    1.78
 296448.364    74.995    -0.95    1.92
 296824.949    74.796    -0.53    2.28
 297201.555    74.432    -0.97    2.08
 297578.183    74.604     0.46    2.05
 297954.833    74.651     0.13    2.16
 298331.506    75.040     1.03    2.27
 298708.200    75.410     0.98    2.23
 299084.916    75.495     0.23    2.06
 299461.654    75.323    -0.46    1.99
 299838.414    75.385     0.16    1.97
 300215.197    75.654     0.71    2.15
 300592.001    76.363     1.88    2.29
 300968.827    76.494     0.35    2.32
 301345.675    76.251    -0.64    2.52
 301722.545    75.689    -1.49    2.23
 302099.438    75.845     0.41    2.25
 302476.352    76.008     0.43    2.12
 302853.288    76.063     0.15    1.96
 303230.247    75.711    -0.94    1.93
 303607.227    75.193    -1.37    2.08
 303984.229    74.649    -1.44    2.22
 304361.254    74.140    -1.35    2.21
 304738.301    73.801    -0.90    2.15
 305115.369    73.895     0.25    2.10
 305492.460    74.018     0.33    2.05
 305869.573    74.328     0.82    2.06
 306246.708    74.062    -0.70    2.18
 306623.865    74.094     0.08    2.01
 307000.120    73.866    -0.60    2.29
 307372.958    74.336     1.26    2.15
 307745.816    73.953    -1.03    2.15
 308118.697    73.610    -0.92    2.16
 308491.599    74.062     1.21    2.19
 308864.523    73.859    -0.55    2.15
 309237.468    73.874     0.04    2.25
 309610.435    74.385     1.37    2.22
 309983.424    74.051    -0.89    2.38
 310356.434    73.829    -0.60    2.29
 310729.465    73.659    -0.46    2.14
 311102.519    73.918     0.69    2.05
 311475.594    74.051     0.36    2.29
 311848.691    73.975    -0.20    2.43
 312221.809    74.030     0.15    2.53
 312594.949    73.975    -0.15    2.66
 312968.110    74.264     0.77    2.24
 313341.294    74.518     0.68    2.24
 313714.499    74.432    -0.23    2.28
 314087.725    74.472     0.11    1.98
 314460.973    74.242    -0.62    2.24
 314834.243    74.171    -0.19    2.08
 315207.535    74.474     0.81    2.04
 315580.848    74.902     1.15    2.03
 315954.183    74.888    -0.04    1.77
 316327.540    74.933     0.12    2.46
 316700.918    75.018     0.23    2.81
 317074.319    75.477     1.23    2.97
 317447.740    75.606     0.35    2.72
 317821.184    75.711     0.28    2.71
 318194.649    75.185    -1.41    2.81
 318568.136    74.768    -1.12    2.77
 318941.645    75.171     1.08    2.18
 319315.176    74.904    -0.71    2.40
 319688.728    74.811    -0.25    2.20
 320062.302    75.214     1.08    2.26
 320435.898    75.030    -0.49    2.38
 320809.516    75.062     0.09    2.42
 321183.155    75.306     0.65    2.57
 321556.816    75.540     0.63    2.76
 321930.499    76.588     2.80    2.43
 322304.204    77.096     1.36    2.28
 322677.931    77.381     0.76    2.10
 323051.679    77.345    -0.10    1.95
 323425.449    76.258    -2.91    2.32
 323799.241    75.927    -0.89    2.48
 324173.055    75.668    -0.69    2.58
 324546.891    75.609    -0.16    2.56
 324920.748    75.888     0.75    2.55
 325294.628    76.040     0.41    2.73
 325668.529    76.074     0.09    2.36
 326042.452    75.540    -1.43    2.18
 326416.397    75.149    -1.05    2.05
 326790.363    75.179     0.08    2.08
 327164.352    75.649     1.26    2.37
 327538.363    76.228     1.55    2.20
 327912.395    76.790     1.50    2.50
 328286.449    76.604    -0.50    2.77
 328660.525    76.654     0.13    2.96
 329034.623    76.896     0.65    2.92
 329408.743    76.519    -1.01    2.63
 329782.885    75.953    -1.51    2.62
 330157.049    75.436    -1.38    2.74
 330531.235    75.086    -0.94    2.24
 330905.442    75.264     0.48    2.53
 331279.672    75.323     0.16    2.50
 331653.924    74.881    -1.18    2.61
 332028.197    74.826    -0.15    2.60
 332402.492    74.697    -0.35    2.36
