# NaN NaN NaN ;Mean Elev.(m), Avg Gradient(m/km), RMS Gradient(m/km) - SRTM1     
#   41.706  -1.145   4.692 ;Mean Elev.(m), Avg Gradient(m/km), RMS Gradient(m/km) - ASTER GDEM
#   45.060  -0.927   2.120 ;Mean Elev.(m), Avg Gradient(m/km), RMS Gradient(m/km) - GMTED2010 
  8    44.602 52492.09258362 48.90 301.171214 -27.579986 43.914
  8    44.848 52492.09258684 50.93 301.166924 -27.563566 43.914
  8    44.895 52492.09258748 47.46 301.166064 -27.560286 43.914
  8    44.684 52492.09258813 40.44 301.165204 -27.557006 43.914
  8    44.719 52492.09258877 44.80 301.164344 -27.553716 43.914
  8    44.755 52492.09258942 48.87 301.163484 -27.550436 43.914
  8    44.805 52492.09259006 45.56 301.162628 -27.547155 37.834
 10    44.839 52562.09261036 32.46 301.169455 -27.592238 22.516
 10    45.090 52562.09261100 32.25 301.168595 -27.588958 22.516
 10    45.163 52562.09261165 41.13 301.167734 -27.585679 26.950
 10    45.128 52562.09261229 41.75 301.166874 -27.582389 26.950
 10    45.170 52562.09261294 35.22 301.166014 -27.579109 26.950
 10    45.039 52562.09261358 32.85 301.165154 -27.575829 26.950
 10    45.089 52562.09261423 30.27 301.164294 -27.572549 26.950
 10    45.062 52562.09261487 27.11 301.163444 -27.569259 26.950
 10    45.295 52562.09261552 26.65 301.162584 -27.565979 26.950
 10    45.267 52562.09261616 36.33 301.161724 -27.562699 26.950
 10    45.407 52562.09261681 37.03 301.160864 -27.559409 26.950
 10    45.496 52562.09261745 33.87 301.160004 -27.556129 26.950
 10    45.267 52562.09261810 29.15 301.159144 -27.552849 26.950
 10    45.354 52562.09261874 33.91 301.158284 -27.549559 26.950
 12    58.082 52632.09256767 19.04 301.168439 -27.592525 20.986
 12    57.066 52632.09256831 21.95 301.167579 -27.589245 20.986
 12    45.556 52632.09256895 26.26 301.166719 -27.585955 20.986
 12    45.918 52632.09256960 33.67 301.165869 -27.582675 20.986
 12    46.681 52632.09257024 30.76 301.165009 -27.579395 20.986
 12    46.029 52632.09257089 32.34 301.164149 -27.576115 20.986
 12    45.835 52632.09257153 35.53 301.163289 -27.572825 20.986
 12    46.063 52632.09257218 37.46 301.162431 -27.569546 15.244
 12    46.321 52632.09257282 28.70 301.161571 -27.566266 15.244
 12    45.920 52632.09257347 20.61 301.160711 -27.562976 15.244
 12    45.048 52632.09257411 21.45 301.159851 -27.559696 15.244
 12    45.319 52632.09257476 20.13 301.158991 -27.556416 15.244
 12    45.729 52632.09257540 22.46 301.158131 -27.553126 15.244
 12    45.809 52632.09257605 32.45 301.157271 -27.549846 15.244
 13    45.127 52667.09258819 27.26 301.164005 -27.591041 32.203
 13    45.272 52667.09258883 34.45 301.163145 -27.587761 32.203
 13    45.355 52667.09258948 41.89 301.162285 -27.584471 32.203
 13    45.332 52667.09259012 43.70 301.161425 -27.581191 32.203
 13    45.327 52667.09259077 47.08 301.160565 -27.577911 32.203
 13    45.358 52667.09259141 43.43 301.159705 -27.574621 32.203
 13    45.385 52667.09259206 47.03 301.158845 -27.571341 32.203
 13    45.369 52667.09259270 47.01 301.157995 -27.568061 32.203
 13    45.336 52667.09259335 44.77 301.157135 -27.564771 32.203
 13    45.356 52667.09259399 44.64 301.156275 -27.561491 32.203
 13    45.340 52667.09259464 39.58 301.155415 -27.558211 32.203
 13    45.366 52667.09259528 42.76 301.154555 -27.554921 32.203
 14    47.036 52702.09256645 49.67 301.166043 -27.551092 38.226
 14    47.043 52702.09256709 48.99 301.165183 -27.547812 38.226
 14    47.059 52702.09256774 48.34 301.164323 -27.544532 38.226
 15    45.035 52737.09260074 25.03 301.166901 -27.591054 12.737
 15    45.461 52737.09260139 35.38 301.166051 -27.587764 12.737
 15    45.324 52737.09260203 35.90 301.165191 -27.584484 12.737
 15    45.542 52737.09260267 34.44 301.164331 -27.581204 12.737
 15    45.631 52737.09260332 33.54 301.163471 -27.577914 12.737
 15    45.684 52737.09260396 33.42 301.162611 -27.574634 12.737
 15    45.795 52737.09260461 39.94 301.161751 -27.571353 13.710
 15    45.214 52737.09260525 37.02 301.160901 -27.568073 13.710
 15    45.270 52737.09260590 33.86 301.160041 -27.564783 13.710
 15    45.042 52737.09260654 27.58 301.159181 -27.561503 13.710
 15    45.113 52737.09260719 25.22 301.158321 -27.558223 13.710
 15    45.198 52737.09260783 26.20 301.157461 -27.554933 13.710
 15    45.452 52737.09260848 28.87 301.156601 -27.551653 13.710
 16    44.048 52772.09256901 27.68 301.165814 -27.593005 27.557
 16    44.242 52772.09256966 28.94 301.164954 -27.589715 27.557
 16    44.445 52772.09257030 42.84 301.164094 -27.586435 27.557
 16    44.499 52772.09257095 50.41 301.163234 -27.583155 27.557
 16    44.413 52772.09257159 37.95 301.162374 -27.579865 27.557
 16    44.510 52772.09257224 36.90 301.161514 -27.576585 27.557
 16    44.448 52772.09257288 36.40 301.160664 -27.573305 27.557
 16    44.555 52772.09257353 39.94 301.159804 -27.570025 27.557
 16    44.511 52772.09257417 39.25 301.158944 -27.566735 27.557
 16    44.471 52772.09257481 39.68 301.158084 -27.563455 27.557
 16    44.549 52772.09257546 47.05 301.157224 -27.560175 27.557
 16    44.651 52772.09257610 48.36 301.156374 -27.556885 27.557
 16    44.646 52772.09257675 45.50 301.155514 -27.553605 27.557
 17    44.076 52807.09262393 25.44 301.167010 -27.593080 20.705
 17    44.192 52807.09262457 26.70 301.166150 -27.589800 20.705
 17    44.634 52807.09262522 34.27 301.165290 -27.586510 20.705
 17    44.719 52807.09262586 40.76 301.164430 -27.583230 20.705
 17    44.430 52807.09262651 32.89 301.163580 -27.579950 20.705
 17    44.523 52807.09262715 30.19 301.162720 -27.576670 20.705
 17    44.598 52807.09262780 29.72 301.161860 -27.573380 20.705
 17    44.521 52807.09262844 33.57 301.161000 -27.570102 17.883
 17    44.349 52807.09262909 21.86 301.160140 -27.566822 17.883
 17    44.243 52807.09262973 20.86 301.159280 -27.563532 17.883
 17    44.225 52807.09263037 20.39 301.158420 -27.560252 17.883
 17    44.458 52807.09263102 21.23 301.157560 -27.556972 17.883
 17    44.619 52807.09263166 25.21 301.156700 -27.553682 17.883
 18    44.123 52842.09268268 22.80 301.168940 -27.593443 22.418
 18    44.084 52842.09268333 22.96 301.168080 -27.590163 22.418
 18    44.148 52842.09268397 24.66 301.167220 -27.586883 22.418
 18    44.159 52842.09268462 29.05 301.166360 -27.583593 22.418
 18    44.127 52842.09268526 26.86 301.165510 -27.580313 22.418
 18    44.227 52842.09268591 28.18 301.164650 -27.577033 22.418
 18    44.264 52842.09268655 27.49 301.163790 -27.573743 22.418
 18    44.227 52842.09268720 33.27 301.162930 -27.570463 22.418
 18    44.369 52842.09268784 27.07 301.162073 -27.567183  9.186
 18    44.272 52842.09268848 20.94 301.161213 -27.563903  9.186
 18    43.928 52842.09268913 18.22 301.160353 -27.560613  9.186
 18    44.028 52842.09268977 16.40 301.159493 -27.557333  9.186
 18    44.151 52842.09269042 17.56 301.158633 -27.554053  9.186
 18    44.458 52842.09269106 23.09 301.157773 -27.550763  9.186
 19    44.110 52877.09272137 50.62 301.166168 -27.592513 48.448
 19    44.118 52877.09272202 51.07 301.165308 -27.589233 48.448
 19    44.118 52877.09272266 46.55 301.164448 -27.585953 48.448
 19    44.135 52877.09272331 41.32 301.163588 -27.582663 48.448
 19    44.140 52877.09272395 34.86 301.162738 -27.579383 48.448
 19    44.128 52877.09272460 36.89 301.161878 -27.576103 48.448
 19    44.078 52877.09272524 36.11 301.161018 -27.572813 48.448
 19    44.267 52877.09272589 39.17 301.160158 -27.569533 48.448
 19    44.330 52877.09272653 39.36 301.159303 -27.566253 32.937
 19    44.403 52877.09272718 44.07 301.158443 -27.562973 32.937
 19    44.456 52877.09272782 41.26 301.157583 -27.559683 32.937
 19    44.476 52877.09272847 38.96 301.156723 -27.556403 32.937
 19    44.458 52877.09272911 39.00 301.155863 -27.553123 32.937
 20    44.473 52912.09268010 49.91 301.171271 -27.589952 25.603
 20    45.051 52912.09268075 48.28 301.170411 -27.586662 25.603
 20    44.612 52912.09268139 50.49 301.169551 -27.583382 25.603
 20    44.328 52912.09268203 43.09 301.168691 -27.580092 25.603
 20    44.502 52912.09268268 40.28 301.167831 -27.576812 25.603
 20    44.408 52912.09268332 49.64 301.166981 -27.573532 25.603
 20    44.452 52912.09268397 50.77 301.166121 -27.570252 25.603
 20    44.488 52912.09268461 46.19 301.165261 -27.566962 25.603
 20    44.542 52912.09268526 46.04 301.164401 -27.563682 25.603
 20    44.560 52912.09268590 46.32 301.163541 -27.560402 25.603
 20    44.603 52912.09268655 48.92 301.162691 -27.557112 25.603
 20    44.649 52912.09268719 48.25 301.161831 -27.553832 25.603
 20    44.680 52912.09268784 44.08 301.160970 -27.550550 13.391
 21    44.784 52947.09264264 41.20 301.166896 -27.559782 26.257
 21    44.881 52947.09264328 22.07 301.166046 -27.556492 26.257
 21    44.649 52947.09264393 20.47 301.165186 -27.553212 26.257
 21    44.643 52947.09264457 25.34 301.164326 -27.549932 26.257
 21    44.658 52947.09264522 27.16 301.163466 -27.546652 26.257
 23    45.306 53017.09266942 30.53 301.163854 -27.592038 19.736
 23    45.684 53017.09267006 29.81 301.162994 -27.588758 19.736
 23    45.884 53017.09267071 34.63 301.162134 -27.585468 19.736
 23    45.920 53017.09267135 38.05 301.161274 -27.582188 19.736
 23    45.914 53017.09267200 49.29 301.160424 -27.578908 19.736
 23    46.095 53017.09267264 44.17 301.159564 -27.575628 19.736
 23    45.999 53017.09267328 46.29 301.158704 -27.572338 19.736
 23    45.947 53017.09267393 40.87 301.157844 -27.569058 19.736
 23    46.025 53017.09267457 32.37 301.156984 -27.565778 19.736
 23    46.064 53017.09267522 27.48 301.156124 -27.562488 19.736
 23    45.704 53017.09267586 24.22 301.155274 -27.559208 19.736
 23    45.846 53017.09267651 31.12 301.154409 -27.555927 34.250
 23    45.986 53017.09267715 40.22 301.153549 -27.552647 34.250
 24    44.336 53052.09264916 35.01 301.171123 -27.590406 29.960
 24    44.115 53052.09264980 30.40 301.170263 -27.587126 29.960
 24    44.357 53052.09265045 28.80 301.169403 -27.583846 29.960
 24    44.316 53052.09265109 31.73 301.168543 -27.580566 29.960
 24    44.395 53052.09265173 34.31 301.167683 -27.577276 29.960
 24    44.352 53052.09265238 40.74 301.166833 -27.573996 29.960
 24    44.504 53052.09265302 37.90 301.165973 -27.570716 29.960
 24    44.321 53052.09265367 33.55 301.165113 -27.567426 29.960
 24    44.378 53052.09265431 27.18 301.164253 -27.564146 29.960
 24    44.369 53052.09265496 25.22 301.163395 -27.560865 18.304
 24    44.476 53052.09265560 31.60 301.162535 -27.557585 18.304
 24    44.518 53052.09265625 32.96 301.161675 -27.554295 18.304
 24    44.469 53052.09265689 30.92 301.160815 -27.551015 18.304
 24    44.552 53052.09265754 35.46 301.159955 -27.547735 18.304
 25    44.217 53087.09268562 24.72 301.156141 -27.591692 30.918
 25    44.050 53087.09268627 29.93 301.155281 -27.588412 30.918
 25    44.242 53087.09268691 38.85 301.154431 -27.585132 30.918
 25    44.335 53087.09268756 49.36 301.153571 -27.581852 30.918
 25    44.400 53087.09268820 50.46 301.152711 -27.578562 30.918
 25    44.299 53087.09268885 46.63 301.151851 -27.575282 30.918
 25    44.393 53087.09268949 40.53 301.150991 -27.572002 30.918
 25    44.459 53087.09269014 43.82 301.150131 -27.568712 30.918
 25    44.469 53087.09269078 39.13 301.149271 -27.565432 30.918
 25    44.534 53087.09269143 44.44 301.148416 -27.562150 25.914
 26    44.737 53122.09265512 20.33 301.167501 -27.593409 15.768
 26    44.739 53122.09265577 22.08 301.166641 -27.590119 15.768
 26    44.757 53122.09265641 30.34 301.165781 -27.586839 15.768
 26    44.788 53122.09265706 36.22 301.164921 -27.583559 15.768
 26    44.850 53122.09265770 29.94 301.164061 -27.580279 15.768
 26    44.799 53122.09265835 28.43 301.163201 -27.576989 15.768
 26    44.744 53122.09265899 25.73 301.162351 -27.573709 15.768
 26    44.597 53122.09265963 34.06 301.161491 -27.570429 15.768
 26    44.413 53122.09266028 20.67 301.160631 -27.567139 15.768
 26    44.445 53122.09266092 20.62 301.159771 -27.563859 15.768
 26    44.508 53122.09266157 18.22 301.158916 -27.560580  9.871
 26    44.455 53122.09266221 20.16 301.158056 -27.557300  9.871
 26    44.717 53122.09266286 18.87 301.157196 -27.554010  9.871
 26    44.862 53122.09266350 23.94 301.156336 -27.550730  9.871
 27    45.325 53157.09271178 20.61 301.160902 -27.592631 19.795
 27    45.450 53157.09271243 21.03 301.160042 -27.589351 19.795
 27    45.592 53157.09271307 23.56 301.159182 -27.586061 19.795
 27    45.647 53157.09271372 24.02 301.158322 -27.582781 19.795
 27    45.779 53157.09271436 25.80 301.157462 -27.579501 19.795
 27    45.688 53157.09271501 23.42 301.156602 -27.576211 19.795
 27    45.503 53157.09271565 22.68 301.155742 -27.572931 19.795
 27    45.370 53157.09271630 25.35 301.154892 -27.569651 19.795
 27    45.485 53157.09271694 24.84 301.154032 -27.566361 19.795
 27    45.609 53157.09271758 24.93 301.153172 -27.563081 19.795
 27    45.619 53157.09271823 22.93 301.152312 -27.559801 19.795
 27    45.863 53157.09271887 26.33 301.151452 -27.556511 19.795
 28    44.555 53192.09270454 49.48 301.170327 -27.590407 37.145
 28    44.617 53192.09270519 39.95 301.169467 -27.587127 37.145
 28    44.680 53192.09270583 41.38 301.168617 -27.583837 37.145
 28    44.610 53192.09270648 36.92 301.167757 -27.580557 37.145
 28    44.700 53192.09270712 41.13 301.166897 -27.577277 37.145
 28    44.686 53192.09270777 49.12 301.166037 -27.573997 37.145
 28    44.665 53192.09270841 53.83 301.165177 -27.570707 37.145
 28    44.817 53192.09270905 52.94 301.164315 -27.567426 32.387
 28    44.718 53192.09270970 51.92 301.163465 -27.564146 32.387
 28    44.740 53192.09271034 49.23 301.162605 -27.560856 32.387
 28    44.858 53192.09271099 50.53 301.161745 -27.557576 32.387
 28    44.747 53192.09271163 49.16 301.160885 -27.554296 32.387
 28    44.715 53192.09271228 52.00 301.160025 -27.551006 32.387
 29    45.043 53227.09270556 47.77 301.168532 -27.590684 28.939
 29    45.169 53227.09270620 49.93 301.167672 -27.587404 28.939
 29    45.136 53227.09270685 40.56 301.166812 -27.584114 28.939
 29    45.508 53227.09270749 36.72 301.165952 -27.580834 28.939
 29    45.241 53227.09270814 40.20 301.165102 -27.577554 28.939
 29    45.113 53227.09270878 43.58 301.164242 -27.574264 28.939
 29    45.368 53227.09270943 39.46 301.163382 -27.570984 28.939
 29    45.216 53227.09271007 42.06 301.162522 -27.567704 28.939
 29    45.311 53227.09271072 50.10 301.161662 -27.564414 28.939
 29    45.346 53227.09271136 48.08 301.160802 -27.561134 28.939
 29    45.348 53227.09271201 47.51 301.159945 -27.557853 22.879
 29    45.268 53227.09271265 44.48 301.159085 -27.554573 22.879
 29    45.208 53227.09271330 46.27 301.158235 -27.551283 22.879
 30    43.776 53262.09267865 22.36 301.160476 -27.593233 33.627
 30    43.909 53262.09267930 26.68 301.159616 -27.589953 33.627
 30    43.982 53262.09267994 35.07 301.158756 -27.586663 33.627
 30    44.013 53262.09268059 44.28 301.157896 -27.583383 33.627
 30    43.986 53262.09268123 50.55 301.157046 -27.580103 33.627
 30    43.944 53262.09268188 51.71 301.156186 -27.576823 33.627
 30    43.951 53262.09268252 50.39 301.155326 -27.573533 33.627
 30    43.982 53262.09268316 50.38 301.154466 -27.570253 33.627
 30    44.018 53262.09268381 47.97 301.153606 -27.566973 33.627
 30    44.058 53262.09268445 47.65 301.152746 -27.563683 33.627
 30    44.093 53262.09268510 43.90 301.151896 -27.560403 33.627
 30    44.110 53262.09268574 38.06 301.151034 -27.557121 30.352
 31    43.837 53297.09271467 18.31 301.158859 -27.592660 18.789
 31    43.996 53297.09271531 22.08 301.157999 -27.589380 18.789
 31    44.083 53297.09271596 25.57 301.157139 -27.586100 18.789
 31    44.134 53297.09271660 27.20 301.156289 -27.582810 18.789
 31    44.157 53297.09271725 24.38 301.155429 -27.579530 18.789
 31    44.098 53297.09271789 25.01 301.154569 -27.576250 18.789
 31    43.897 53297.09271854 19.57 301.153709 -27.572960 18.789
 31    43.950 53297.09271918 18.97 301.152849 -27.569680 18.789
 31    44.078 53297.09271983 20.64 301.151994 -27.566400 10.164
 31    44.209 53297.09272047 24.43 301.151134 -27.563120 10.164
 31    44.400 53297.09272112 22.86 301.150274 -27.559830 10.164
 32    46.357 53332.09268639 29.94 301.166664 -27.592472 29.162
 32    46.567 53332.09268703 44.64 301.165804 -27.589182 29.162
 32    46.481 53332.09268768 52.38 301.164944 -27.585902 29.162
 32    46.453 53332.09268832 48.52 301.164084 -27.582622 29.162
 32    46.549 53332.09268897 46.70 301.163234 -27.579332 29.162
 32    46.548 53332.09268961 49.38 301.162374 -27.576052 29.162
 32    46.489 53332.09269026 47.25 301.161514 -27.572772 29.162
 32    46.416 53332.09269090 44.79 301.160654 -27.569482 29.162
 32    46.539 53332.09269155 38.42 301.159794 -27.566202 29.162
 32    46.558 53332.09269219 36.21 301.158933 -27.562921 32.399
 32    46.557 53332.09269284 38.39 301.158083 -27.559641 32.399
 32    46.569 53332.09269348 38.18 301.157223 -27.556351 32.399
 32    46.584 53332.09269413 35.96 301.156363 -27.553071 32.399
 33    45.652 53367.09263201 45.94 301.166197 -27.591560 46.412
 33    45.665 53367.09263265 48.87 301.165337 -27.588270 46.412
 33    45.638 53367.09263330 45.31 301.164477 -27.584990 46.412
 33    45.589 53367.09263394 38.33 301.163617 -27.581710 46.412
 33    45.780 53367.09263459 39.75 301.162767 -27.578430 46.412
 33    45.827 53367.09263523 40.00 301.161907 -27.575140 46.412
 33    45.711 53367.09263588 40.58 301.161047 -27.571860 46.412
 33    45.729 53367.09263652 45.84 301.160187 -27.568580 46.412
 33    45.799 53367.09263717 48.88 301.159327 -27.565290 46.412
 33    45.793 53367.09263781 49.75 301.158477 -27.562010 46.412
 33    45.809 53367.09263846 50.74 301.157615 -27.558727 27.919
 33    45.784 53367.09263910 50.43 301.156755 -27.555447 27.919
 33    45.818 53367.09263975 50.86 301.155895 -27.552157 27.919
 35    44.620 53437.09264929 37.70 301.165355 -27.590439 17.565
 35    44.705 53437.09264993 43.33 301.164495 -27.587159 17.565
 35    44.652 53437.09265058 48.58 301.163645 -27.583879 17.565
 35    44.620 53437.09265122 34.56 301.162785 -27.580599 17.565
 35    45.540 53437.09265187 34.51 301.161925 -27.577309 17.565
 35    44.910 53437.09265251 33.74 301.161065 -27.574029 17.565
 35    45.104 53437.09265316 29.01 301.160205 -27.570749 17.565
 35    44.767 53437.09265380 27.28 301.159345 -27.567459 17.565
 35    44.494 53437.09265445 24.39 301.158495 -27.564179 17.565
 35    44.527 53437.09265509 23.05 301.157630 -27.560897 19.172
 35    44.433 53437.09265574 23.06 301.156770 -27.557617 19.172
 35    44.665 53437.09265638 23.65 301.155920 -27.554327 19.172
 36    45.246 53472.09270145 22.47 301.164309 -27.591296 13.627
 36    46.270 53472.09270209 26.92 301.163449 -27.588016 13.627
 36    45.582 53472.09270274 34.14 301.162599 -27.584726 13.627
 36    45.413 53472.09270338 28.26 301.161739 -27.581446 13.627
 36    45.024 53472.09270403 31.84 301.160879 -27.578166 13.627
 36    44.984 53472.09270467 23.76 301.160019 -27.574886 13.627
 36    44.967 53472.09270532 21.84 301.159159 -27.571596 13.627
 36    44.801 53472.09270596 20.87 301.158303 -27.568318 18.379
 36    44.344 53472.09270661 23.54 301.157443 -27.565038 18.379
 36    44.561 53472.09270725 22.56 301.156583 -27.561748 18.379
 36    44.542 53472.09270790 22.80 301.155723 -27.558468 18.379
 36    45.341 53472.09270854 18.68 301.154863 -27.555188 18.379
 36    45.593 53472.09270919 30.42 301.154003 -27.551898 18.379
 37    44.121 53507.09273243 25.19 301.163155 -27.590649 19.437
 37    44.324 53507.09273307 35.84 301.162295 -27.587369 19.437
 37    44.278 53507.09273372 42.70 301.161435 -27.584079 19.437
 37    44.483 53507.09273436 43.31 301.160575 -27.580799 19.437
 37    44.548 53507.09273501 42.29 301.159715 -27.577519 19.437
 37    44.607 53507.09273565 42.80 301.158865 -27.574229 19.437
 37    44.623 53507.09273630 42.46 301.158005 -27.570949 19.437
 37    44.417 53507.09273694 32.17 301.157145 -27.567669 19.437
 37    44.295 53507.09273759 29.93 301.156285 -27.564389 19.437
 37    44.178 53507.09273823 27.05 301.155425 -27.561099 19.437
 37    44.635 53507.09273888 27.40 301.154565 -27.557820 24.310
 37    44.599 53507.09273952 27.90 301.153715 -27.554540 24.310
 38    45.357 53542.09273954 23.56 301.162108 -27.590529 11.634
 38    45.755 53542.09274018 26.47 301.161258 -27.587249 11.634
 38    45.750 53542.09274083 27.19 301.160398 -27.583959 11.634
 38    45.712 53542.09274147 30.41 301.159538 -27.580679 11.634
 38    45.815 53542.09274212 31.64 301.158678 -27.577399 11.634
 38    45.698 53542.09274276 24.49 301.157818 -27.574109 11.634
 38    45.384 53542.09274340 22.51 301.156958 -27.570829 11.634
 38    45.059 53542.09274405 22.82 301.156097 -27.567549 30.270
 38    45.057 53542.09274469 22.95 301.155247 -27.564269 30.270
 38    45.435 53542.09274534 21.45 301.154387 -27.560979 30.270
 38    45.636 53542.09274598 21.90 301.153527 -27.557699 30.270
 38    46.037 53542.09274663 33.76 301.152667 -27.554419 30.270
 39    44.456 53577.09272629 52.80 301.162544 -27.592455 47.757
 39    44.474 53577.09272693 52.32 301.161684 -27.589165 47.757
 39    44.473 53577.09272758 45.30 301.160824 -27.585885 47.757
 39    44.486 53577.09272822 44.70 301.159974 -27.582605 47.757
 39    44.437 53577.09272886 46.18 301.159114 -27.579325 47.757
 39    44.460 53577.09272951 50.88 301.158254 -27.576035 47.757
 39    44.476 53577.09273015 50.90 301.157394 -27.572755 47.757
 39    44.487 53577.09273080 53.35 301.156534 -27.569475 47.757
 39    44.499 53577.09273144 50.24 301.155674 -27.566185 47.757
 39    44.518 53577.09273209 52.21 301.154824 -27.562905 47.757
 39    44.536 53577.09273273 51.75 301.153959 -27.559623 31.601
 39    44.546 53577.09273338 51.47 301.153099 -27.556343 31.601
 40    43.658 53612.09267826 16.56 301.160961 -27.592889 15.310
 40    43.768 53612.09267890 22.02 301.160101 -27.589599 15.310
 40    43.869 53612.09267955 24.01 301.159241 -27.586319 15.310
 40    43.878 53612.09268019 24.46 301.158391 -27.583039 15.310
 40    43.879 53612.09268084 23.41 301.157531 -27.579759 15.310
 40    43.951 53612.09268148 22.86 301.156671 -27.576469 15.310
 40    43.884 53612.09268213 21.39 301.155811 -27.573189 15.310
 40    43.718 53612.09268277 19.47 301.154951 -27.569909 15.310
 40    43.653 53612.09268341 17.17 301.154091 -27.566619 15.310
 40    43.917 53612.09268406 16.86 301.153241 -27.563339 15.310
 40    43.905 53612.09268470 15.84 301.152379 -27.560057 11.548
 40    44.112 53612.09268535 16.62 301.151519 -27.556777 11.548
 41    44.602 53647.09268320 16.92 301.169511 -27.591267 19.207
 41    44.582 53647.09268385 20.41 301.168651 -27.587977 19.207
 41    44.587 53647.09268449 24.50 301.167791 -27.584697 19.207
 41    44.634 53647.09268514 24.93 301.166931 -27.581417 19.207
 41    44.564 53647.09268578 24.42 301.166071 -27.578127 19.207
 41    44.565 53647.09268643 23.11 301.165221 -27.574847 19.207
 41    44.681 53647.09268707 29.48 301.164361 -27.571567 19.207
 41    44.637 53647.09268772 21.79 301.163501 -27.568277 19.207
 41    44.528 53647.09268836 17.54 301.162641 -27.564997 19.207
 41    44.457 53647.09268900 16.51 301.161785 -27.561717 10.805
 41    44.014 53647.09268965 20.29 301.160925 -27.558437 10.805
 41    44.840 53647.09269029 15.19 301.160065 -27.555147 10.805
 41    45.009 53647.09269094 20.09 301.159205 -27.551867 10.805
 42    46.679 53682.09269916 27.31 301.159538 -27.590578 11.539
 42    46.743 53682.09269981 28.07 301.158678 -27.587298 11.539
 42    46.823 53682.09270045 28.34 301.157828 -27.584018 11.539
 42    46.814 53682.09270110 29.26 301.156968 -27.580738 11.539
 42    46.845 53682.09270174 27.80 301.156108 -27.577448 11.539
 42    46.893 53682.09270239 27.76 301.155248 -27.574168 11.539
 42    46.853 53682.09270303 26.46 301.154388 -27.570888 11.539
 42    46.836 53682.09270368 27.79 301.153528 -27.567598 11.539
 42    46.943 53682.09270432 27.00 301.152668 -27.564318 11.539
 42    47.026 53682.09270497 28.04 301.151810 -27.561036 40.969
 42    47.260 53682.09270561 30.98 301.150950 -27.557756 40.969
 43    44.685 53717.09262628 20.76 301.167155 -27.591204 21.198
 43    44.845 53717.09262692 25.97 301.166295 -27.587914 21.198
 43    44.989 53717.09262757 34.15 301.165435 -27.584634 21.198
 43    44.949 53717.09262821 33.79 301.164585 -27.581354 21.198
 43    45.211 53717.09262886 34.26 301.163725 -27.578074 21.198
 43    45.359 53717.09262950 31.51 301.162865 -27.574784 21.198
 43    45.088 53717.09263015 41.09 301.162005 -27.571504 21.198
 43    45.191 53717.09263079 23.53 301.161145 -27.568224 21.198
 43    44.480 53717.09263144 18.72 301.160285 -27.564934 21.198
 43    44.562 53717.09263208 17.15 301.159435 -27.561654 21.198
 43    44.635 53717.09263273 15.98 301.158572 -27.558372 16.138
 43    44.916 53717.09263337 19.71 301.157712 -27.555092 16.138
 43    44.960 53717.09263401 23.31 301.156852 -27.551802 16.138
 44    45.091 53752.09255198 15.21 301.166407 -27.557428  7.298
 44    45.012 53752.09255262 14.61 301.165547 -27.554148  7.298
 44    45.125 53752.09255327 14.27 301.164687 -27.550858  7.298
 44    45.240 53752.09255391 16.81 301.163827 -27.547578  7.298
 45    44.432 53787.09257571 26.71 301.169261 -27.590907 18.278
 45    44.235 53787.09257636 27.88 301.168401 -27.587627 18.278
 45    44.482 53787.09257700 32.25 301.167541 -27.584347 18.278
 45    44.351 53787.09257765 29.25 301.166691 -27.581067 18.278
 45    44.621 53787.09257829 29.02 301.165831 -27.577777 18.278
 45    44.602 53787.09257894 28.51 301.164971 -27.574497 18.278
 45    44.574 53787.09257958 31.56 301.164111 -27.571217 18.278
 45    44.739 53787.09258023 31.12 301.163251 -27.567927 18.278
 45    44.668 53787.09258087 26.12 301.162391 -27.564647 18.278
 45    44.498 53787.09258152 26.03 301.161533 -27.561365 17.412
 45    44.636 53787.09258216 32.34 301.160673 -27.558085 17.412
 45    44.702 53787.09258281 31.70 301.159823 -27.554795 17.412
 45    44.607 53787.09258345 27.01 301.158963 -27.551515 17.412
 46    45.975 53822.09253029 22.86 301.165061 -27.591772 27.431
 46    46.216 53822.09253093 32.35 301.164201 -27.588492 27.431
 46    46.256 53822.09253158 40.57 301.163341 -27.585212 27.431
 46    46.308 53822.09253222 42.64 301.162491 -27.581932 27.431
 46    46.113 53822.09253287 48.99 301.161631 -27.578642 27.431
 46    46.243 53822.09253351 44.42 301.160771 -27.575362 27.431
 46    46.088 53822.09253416 35.17 301.159911 -27.572082 27.431
 46    46.342 53822.09253480 34.22 301.159051 -27.568792 27.431
 46    46.299 53822.09253544 33.55 301.158201 -27.565512 27.431
 46    46.244 53822.09253609 28.20 301.157341 -27.562232 27.431
 46    46.103 53822.09253673 27.76 301.156481 -27.558942 27.431
 46    46.053 53822.09253738 28.57 301.155621 -27.555662 27.431
 46    46.397 53822.09253802 37.30 301.154761 -27.552382 27.431
 47    44.837 53857.09262179 22.59 301.163149 -27.590408 20.040
 47    45.050 53857.09262244 31.87 301.162289 -27.587128 20.040
 47    45.025 53857.09262308 37.45 301.161429 -27.583838 20.040
 47    45.534 53857.09262373 32.23 301.160569 -27.580558 20.040
 47    45.628 53857.09262437 30.65 301.159709 -27.577278 20.040
 47    45.684 53857.09262501 28.21 301.158849 -27.573988 20.040
 47    45.480 53857.09262566 24.88 301.157989 -27.570708 20.040
 47    44.183 53857.09262630 27.05 301.157129 -27.567428 20.040
 47    44.395 53857.09262695 26.30 301.156279 -27.564138 20.040
 47    44.254 53857.09262759 26.07 301.155419 -27.560858 20.040
 47    45.144 53857.09262824 19.65 301.154559 -27.557578 20.040
 47    45.487 53857.09262888 21.12 301.153699 -27.554288 20.040
 48    44.917 53892.09263457 50.99 301.171297 -27.589979 37.398
 48    45.080 53892.09263521 52.65 301.170437 -27.586699 37.398
 48    45.078 53892.09263586 50.84 301.169587 -27.583409 37.398
 48    45.035 53892.09263650 44.95 301.168727 -27.580129 37.398
 48    44.904 53892.09263715 51.35 301.167867 -27.576849 37.398
 48    45.029 53892.09263779 51.01 301.167007 -27.573559 37.398
 48    45.129 53892.09263844 50.64 301.166147 -27.570279 37.398
 48    45.034 53892.09263908 50.05 301.165294 -27.567000 34.110
 48    45.109 53892.09263973 47.51 301.164434 -27.563720 34.110
 48    45.135 53892.09264037 48.25 301.163574 -27.560430 34.110
 48    45.097 53892.09264102 49.35 301.162714 -27.557150 34.110
 48    45.055 53892.09264166 52.62 301.161854 -27.553870 34.110
 48    45.064 53892.09264230 49.74 301.160994 -27.550580 34.110
 49    43.958 53927.09269575 21.52 301.155916 -27.591034 25.728
 49    44.004 53927.09269640 28.31 301.155056 -27.587754 25.728
 49    44.072 53927.09269704 32.67 301.154196 -27.584474 25.728
 49    44.185 53927.09269769 41.24 301.153336 -27.581184 25.728
 49    44.235 53927.09269833 42.10 301.152476 -27.577904 25.728
 49    44.276 53927.09269898 39.47 301.151616 -27.574624 25.728
 49    44.096 53927.09269962 24.77 301.150766 -27.571344 25.728
 49    44.111 53927.09270027 27.10 301.149906 -27.568054 25.728
 49    44.184 53927.09270091 29.46 301.149046 -27.564774 25.728
 49    44.461 53927.09270156 41.75 301.148186 -27.561494 25.728
 50    44.045 53962.09268038 18.37 301.157231 -27.589933 12.225
 50    44.127 53962.09268103 18.75 301.156371 -27.586653 12.225
 50    44.002 53962.09268167 20.87 301.155511 -27.583363 12.225
 50    44.105 53962.09268232 21.58 301.154651 -27.580083 12.225
 50    43.985 53962.09268296 21.29 301.153791 -27.576803 12.225
 50    43.863 53962.09268361 21.39 301.152931 -27.573513 12.225
 50    43.905 53962.09268425 16.08 301.152071 -27.570233 12.225
 50    43.960 53962.09268490 15.76 301.151221 -27.566953 12.225
 50    44.361 53962.09268554 15.65 301.150361 -27.563663 12.225
 50    44.420 53962.09268619 22.34 301.149501 -27.560383 12.225
 51    44.614 53997.09262434 50.76 301.171931 -27.585037 38.576
 51    44.941 53997.09262498 51.91 301.171071 -27.581747 38.576
 51    44.784 53997.09262563 41.71 301.170211 -27.578467 38.576
 51    44.842 53997.09262820 51.58 301.166781 -27.565337 38.576
 51    44.816 53997.09262885 47.58 301.165921 -27.562057 38.576
 51    44.904 53997.09262949 42.13 301.165061 -27.558767 38.576
 51    44.938 53997.09263014 44.88 301.164201 -27.555487 38.576
 51    44.916 53997.09263078 45.14 301.163340 -27.552209 17.974
 51    44.755 53997.09263143 38.70 301.162480 -27.548919 17.974
 52    45.109 54032.09267469 48.25 301.170867 -27.593440 47.086
 52    45.168 54032.09267533 50.28 301.170007 -27.590160 47.086
 52    45.215 54032.09267598 51.93 301.169147 -27.586880 47.086
 52    45.259 54032.09267662 45.99 301.168287 -27.583590 47.086
 52    45.151 54032.09267727 40.81 301.167427 -27.580310 47.086
 52    45.210 54032.09267791 44.26 301.166567 -27.577030 47.086
 52    45.255 54032.09267856 47.75 301.165707 -27.573740 47.086
 52    45.298 54032.09267920 51.29 301.164847 -27.570460 47.086
 52    45.343 54032.09267985 52.79 301.163997 -27.567180 47.086
 52    45.374 54032.09268049 47.78 301.163137 -27.563890 47.086
 52    45.387 54032.09268113 51.05 301.162277 -27.560610 47.086
 52    45.387 54032.09268178 50.64 301.161417 -27.557330 47.086
 52    45.392 54032.09268242 50.65 301.160557 -27.554040 47.086
 52    45.418 54032.09268307 49.29 301.159697 -27.550760 47.086
 53    45.117 54067.09266812 22.40 301.168279 -27.593426 23.002
 53    45.187 54067.09266877 26.65 301.167429 -27.590146 23.002
 53    45.302 54067.09266941 39.27 301.166569 -27.586866 23.002
 53    45.710 54067.09267006 37.86 301.165709 -27.583576 23.002
 53    45.424 54067.09267070 36.28 301.164849 -27.580296 23.002
 53    45.505 54067.09267135 37.40 301.163989 -27.577006 23.002
 53    45.333 54067.09267199 41.85 301.163129 -27.573726 23.002
 53    45.505 54067.09267263 45.05 301.162269 -27.570446 23.002
 53    45.689 54067.09267328 36.92 301.161419 -27.567166 23.002
 53    44.709 54067.09267392 23.34 301.160559 -27.563876 23.002
 53    44.090 54067.09267457 22.12 301.159699 -27.560596 23.002
 53    44.832 54067.09267521 18.57 301.158839 -27.557316 23.002
 53    45.313 54067.09267586 18.24 301.157979 -27.554026 23.002
 53    45.484 54067.09267650 20.59 301.157119 -27.550746 23.002
 54    45.987 54102.09262900 26.12 301.163607 -27.592232 26.314
 54    46.264 54102.09262965 29.50 301.162747 -27.588952 26.314
 54    46.294 54102.09263029 43.92 301.161897 -27.585672 26.314
 54    46.412 54102.09263094 47.19 301.161037 -27.582392 26.314
 54    46.374 54102.09263158 47.87 301.160177 -27.579102 26.314
 54    46.424 54102.09263223 43.01 301.159317 -27.575822 26.314
 54    46.556 54102.09263287 41.03 301.158457 -27.572542 26.314
 54    46.293 54102.09263352 27.55 301.157597 -27.569252 26.314
 54    45.983 54102.09263416 23.46 301.156747 -27.565972 26.314
 54    45.799 54102.09263481 23.84 301.155887 -27.562692 26.314
 54    46.140 54102.09263545 23.77 301.155027 -27.559402 26.314
 54    46.320 54102.09263609 28.08 301.154167 -27.556122 26.314
 54    46.465 54102.09263674 41.43 301.153307 -27.552842 26.314
 55    47.842 54137.09259695 35.66 301.167592 -27.591030 45.221
 55    47.932 54137.09259760 46.99 301.166732 -27.587740 45.221
 55    47.878 54137.09259824 49.80 301.165872 -27.584460 45.221
 55    47.812 54137.09259889 54.18 301.165012 -27.581180 45.221
 55    47.836 54137.09259953 51.43 301.164152 -27.577890 45.221
 55    47.852 54137.09260018 50.69 301.163292 -27.574610 45.221
 55    47.863 54137.09260082 53.07 301.162442 -27.571330 45.221
 55    47.858 54137.09260147 51.61 301.161582 -27.568040 45.221
 55    47.883 54137.09260211 47.15 301.160722 -27.564760 45.221
 55    47.914 54137.09260276 50.04 301.159862 -27.561480 45.221
 55    47.919 54137.09260340 50.41 301.159002 -27.558190 45.221
 55    47.947 54137.09260405 47.46 301.158142 -27.554910 45.221
 55    47.969 54137.09260469 45.72 301.157289 -27.551629 26.644
 56    47.348 54172.09260656 29.27 301.163424 -27.591085 23.741
 56    47.620 54172.09260720 29.51 301.162564 -27.587805 23.741
 56    47.575 54172.09260785 36.93 301.161704 -27.584525 23.741
 56    47.672 54172.09260849 46.15 301.160844 -27.581235 23.741
 56    47.843 54172.09260914 46.83 301.159984 -27.577955 23.741
 56    47.725 54172.09260978 47.62 301.159126 -27.574672 39.163
 56    47.820 54172.09261043 41.63 301.158266 -27.571392 39.163
 56    47.811 54172.09261107 31.91 301.157416 -27.568102 39.163
 56    47.407 54172.09261172 27.69 301.156556 -27.564822 39.163
 56    47.295 54172.09261236 27.07 301.155696 -27.561542 39.163
 56    47.401 54172.09261301 27.90 301.154836 -27.558262 39.163
 56    47.736 54172.09261365 31.22 301.153976 -27.554972 39.163
 57    46.015 54207.09260169 36.17 301.167113 -27.591437 26.088
 57    45.869 54207.09260233 44.13 301.166253 -27.588157 26.088
 57    45.667 54207.09260298 38.38 301.165393 -27.584867 26.088
 57    45.680 54207.09260362 40.88 301.164533 -27.581587 26.088
 57    45.686 54207.09260426 45.02 301.163674 -27.578309 38.741
 57    45.701 54207.09260491 44.51 301.162814 -27.575019 38.741
 57    45.740 54207.09260555 49.75 301.161954 -27.571739 38.741
 57    45.801 54207.09260620 42.24 301.161094 -27.568459 38.741
 57    45.849 54207.09260684 45.34 301.160234 -27.565179 38.741
 57    45.885 54207.09260749 44.88 301.159374 -27.561889 38.741
 57    45.933 54207.09260813 46.18 301.158524 -27.558609 38.741
 57    45.975 54207.09260878 41.62 301.157664 -27.555329 38.741
 57    45.941 54207.09260942 36.76 301.156804 -27.552039 38.741
 58    46.307 54242.09263490 34.00 301.166541 -27.591065 33.345
 58    46.385 54242.09263555 49.94 301.165681 -27.587785 33.345
 58    46.463 54242.09263619 48.63 301.164821 -27.584495 33.345
 58    46.342 54242.09263683 48.35 301.163966 -27.581217 43.049
 58    46.257 54242.09263748 46.08 301.163106 -27.577927 43.049
 58    46.254 54242.09263812 51.36 301.162246 -27.574647 43.049
 58    46.273 54242.09263877 47.23 301.161386 -27.571367 43.049
 58    46.353 54242.09263941 40.41 301.160526 -27.568087 43.049
 58    46.377 54242.09264006 40.50 301.159666 -27.564797 43.049
 58    46.393 54242.09264070 43.10 301.158816 -27.561517 43.049
 58    46.410 54242.09264135 39.73 301.157956 -27.558237 43.049
 58    46.419 54242.09264199 32.45 301.157096 -27.554957 43.049
 58    46.437 54242.09264264 38.82 301.156236 -27.551667 43.049
 59    44.833 54277.09264896 20.13 301.166972 -27.593612 22.684
 59    44.907 54277.09264961 22.49 301.166112 -27.590332 22.684
 59    45.079 54277.09265025 35.43 301.165252 -27.587042 22.684
 59    45.118 54277.09265090 40.89 301.164392 -27.583762 22.684
 59    45.472 54277.09265154 35.67 301.163537 -27.580482 24.259
 59    45.480 54277.09265219 40.45 301.162677 -27.577202 24.259
 59    45.558 54277.09265283 40.55 301.161817 -27.573912 24.259
 59    45.670 54277.09265348 32.05 301.160957 -27.570632 24.259
 59    45.350 54277.09265412 18.76 301.160097 -27.567352 24.259
 59    45.175 54277.09265477 17.29 301.159237 -27.564062 24.259
 59    44.759 54277.09265541 16.30 301.158377 -27.560782 24.259
 59    44.795 54277.09265605 17.10 301.157527 -27.557502 24.259
 59    45.095 54277.09265670 19.28 301.156667 -27.554212 24.259
 59    45.108 54277.09265734 25.80 301.155807 -27.550932 24.259
 60    44.669 54312.09264931 46.15 301.167699 -27.592960 40.754
 60    44.695 54312.09264996 50.37 301.166839 -27.589680 40.754
 60    44.712 54312.09265060 36.63 301.165979 -27.586400 40.754
 60    44.747 54312.09265125 36.26 301.165119 -27.583110 40.754
 60    44.910 54312.09265189 37.48 301.164259 -27.579830 40.754
 60    44.934 54312.09265254 40.30 301.163396 -27.576550 31.297
 60    45.081 54312.09265318 43.40 301.162546 -27.573270 31.297
 60    45.033 54312.09265383 46.80 301.161686 -27.569980 31.297
 60    44.793 54312.09265447 47.98 301.160826 -27.566700 31.297
 60    44.809 54312.09265512 50.79 301.159966 -27.563420 31.297
 60    44.832 54312.09265576 49.91 301.159106 -27.560130 31.297
 60    44.908 54312.09265640 50.24 301.158246 -27.556850 31.297
 60    44.969 54312.09265705 51.53 301.157396 -27.553570 31.297
 60    44.929 54312.09265769 49.82 301.156536 -27.550280 31.297
 61    43.896 54347.09262199 21.34 301.164881 -27.593395 19.307
 61    44.112 54347.09262264 27.52 301.164021 -27.590105 19.307
 61    44.563 54347.09262328 37.14 301.163161 -27.586825 19.307
 61    44.504 54347.09262393 44.19 301.162301 -27.583545 19.307
 61    44.610 54347.09262457 41.05 301.161441 -27.580255 19.307
 61    44.594 54347.09262521 43.06 301.160581 -27.576975 19.307
 61    44.292 54347.09262586 39.25 301.159725 -27.573694 32.682
 61    44.314 54347.09262650 45.91 301.158865 -27.570414 32.682
 61    44.298 54347.09262715 45.46 301.158015 -27.567124 32.682
 61    44.310 54347.09262779 44.71 301.157155 -27.563844 32.682
 61    44.348 54347.09262844 41.45 301.156295 -27.560564 32.682
 61    44.122 54347.09262908 34.76 301.155435 -27.557274 32.682
 61    44.280 54347.09262973 31.60 301.154575 -27.553994 32.682
 62    43.911 54382.09258660 29.46 301.168460 -27.591662 15.425
 62    43.919 54382.09258725 36.71 301.167600 -27.588372 15.425
 62    44.109 54382.09258789 35.92 301.166750 -27.585092 15.425
 62    44.569 54382.09258854 31.41 301.165890 -27.581812 15.425
 62    44.128 54382.09258918 32.52 301.165030 -27.578522 15.425
 62    44.031 54382.09258983 35.55 301.164170 -27.575242 15.425
 62    44.600 54382.09259047 37.43 301.163313 -27.571962 29.282
 62    44.029 54382.09259112 39.53 301.162453 -27.568682 29.282
 62    44.082 54382.09259176 49.53 301.161593 -27.565392 29.282
 62    44.166 54382.09259241 49.86 301.160733 -27.562112 29.282
 62    44.262 54382.09259305 47.02 301.159873 -27.558832 29.282
 62    44.200 54382.09259370 49.09 301.159013 -27.555542 29.282
 62    44.255 54382.09259434 49.97 301.158163 -27.552262 29.282
 63    44.387 54417.09257138 28.56 301.164610 -27.591365 21.841
 63    44.515 54417.09257203 37.03 301.163750 -27.588085 21.841
 63    44.625 54417.09257267 44.84 301.162890 -27.584795 21.841
 63    44.550 54417.09257332 44.48 301.162030 -27.581515 21.841
 63    44.645 54417.09257396 45.50 301.161170 -27.578235 21.841
 63    44.727 54417.09257461 42.60 301.160310 -27.574945 21.841
 63    44.715 54417.09257525 43.64 301.159450 -27.571665 21.841
 63    44.756 54417.09257590 49.21 301.158592 -27.568383 33.588
 63    44.782 54417.09257654 49.29 301.157732 -27.565103 33.588
 63    44.781 54417.09257719 45.85 301.156882 -27.561813 33.588
 63    44.781 54417.09257783 44.50 301.156022 -27.558533 33.588
 63    44.808 54417.09257848 43.70 301.155162 -27.555253 33.588
 63    44.690 54417.09257912 36.12 301.154302 -27.551963 33.588
 64    44.818 54452.09255571 26.79 301.168957 -27.591730 20.780
 64    44.810 54452.09255635 27.79 301.168097 -27.588440 20.780
 64    44.968 54452.09255700 33.83 301.167247 -27.585160 20.780
 64    44.870 54452.09255764 34.61 301.166387 -27.581880 20.780
 64    44.928 54452.09255829 30.63 301.165527 -27.578590 20.780
 64    45.078 54452.09255893 29.53 301.164667 -27.575310 20.780
 64    44.894 54452.09255958 33.06 301.163808 -27.572030 21.902
 64    44.967 54452.09256022 29.79 301.162948 -27.568750 21.902
 64    45.012 54452.09256087 30.09 301.162088 -27.565460 21.902
 64    45.024 54452.09256151 30.54 301.161228 -27.562180 21.902
 64    44.981 54452.09256216 29.64 301.160368 -27.558900 21.902
 64    45.011 54452.09256280 25.38 301.159508 -27.555610 21.902
 64    45.061 54452.09256345 26.36 301.158648 -27.552330 21.902
 65    44.968 54487.09256823 17.86 301.167984 -27.592688 20.464
 65    45.037 54487.09256888 27.33 301.167134 -27.589408 20.464
 65    45.131 54487.09256952 29.63 301.166274 -27.586128 20.464
 65    45.202 54487.09257017 32.83 301.165414 -27.582838 20.464
 65    45.105 54487.09257081 33.19 301.164554 -27.579558 20.464
 65    45.026 54487.09257146 33.16 301.163694 -27.576278 20.464
 65    44.926 54487.09257210 38.86 301.162834 -27.572988 20.464
 65    44.907 54487.09257275 36.73 301.161974 -27.569708 20.464
 65    44.653 54487.09257339 19.15 301.161124 -27.566428 20.464
 65    44.585 54487.09257404 14.63 301.160264 -27.563138 20.464
 65    44.749 54487.09257468 15.57 301.159404 -27.559858 20.464
 65    44.841 54487.09257533 15.19 301.158544 -27.556578 20.464
 65    45.112 54487.09257597 17.58 301.157684 -27.553288 20.464
 65    45.121 54487.09257662 26.47 301.156824 -27.550008 20.464
 66    44.885 54522.09256848 20.08 301.169551 -27.593483 21.479
 66    44.738 54522.09256913 21.83 301.168691 -27.590203 21.479
 66    44.844 54522.09256977 25.37 301.167841 -27.586913 21.479
 66    45.002 54522.09257042 31.48 301.166981 -27.583633 21.479
 66    45.099 54522.09257106 29.53 301.166121 -27.580353 21.479
 66    44.796 54522.09257171 30.06 301.165261 -27.577063 21.479
 66    44.819 54522.09257235 25.90 301.164401 -27.573783 21.479
 66    44.936 54522.09257300 30.78 301.163545 -27.570503 16.807
 66    44.737 54522.09257364 22.18 301.162685 -27.567223 16.807
 66    44.714 54522.09257429 21.11 301.161825 -27.563933 16.807
 66    44.777 54522.09257493 16.96 301.160965 -27.560653 16.807
 66    44.759 54522.09257558 19.33 301.160105 -27.557373 16.807
 66    44.952 54522.09257622 18.45 301.159245 -27.554083 16.807
 66    45.160 54522.09257687 32.94 301.158395 -27.550803 16.807
 67    45.540 54557.09257838 49.68 301.164857 -27.593234 45.636
 67    45.566 54557.09257903 52.19 301.163997 -27.589954 45.636
 67    45.593 54557.09257967 51.46 301.163147 -27.586674 45.636
 67    45.613 54557.09258032 49.21 301.162287 -27.583384 45.636
 67    45.511 54557.09258096 42.78 301.161427 -27.580104 45.636
 67    45.589 54557.09258161 43.15 301.160567 -27.576824 45.636
 67    45.606 54557.09258225 41.03 301.159707 -27.573544 45.636
 67    45.581 54557.09258289 50.41 301.158847 -27.570254 45.636
 67    45.591 54557.09258354 53.13 301.157990 -27.566974 41.046
 67    45.601 54557.09258418 54.45 301.157130 -27.563694 41.046
 67    45.619 54557.09258483 52.42 301.156280 -27.560404 41.046
 67    45.651 54557.09258547 53.05 301.155420 -27.557124 41.046
 67    45.668 54557.09258612 53.19 301.154560 -27.553844 41.046
 68    46.041 54592.09256550 39.49 301.166289 -27.592055 26.171
 68    46.199 54592.09256614 49.58 301.165429 -27.588765 26.171
 68    46.086 54592.09256679 49.51 301.164579 -27.585485 26.171
 68    46.176 54592.09256743 47.13 301.163719 -27.582205 26.171
 68    46.179 54592.09256807 43.53 301.162859 -27.578925 26.171
 68    46.100 54592.09256872 44.92 301.161999 -27.575635 26.171
 68    46.025 54592.09256936 42.57 301.161144 -27.572356 31.680
 68    46.241 54592.09257001 46.61 301.160284 -27.569066 31.680
 68    46.287 54592.09257065 50.54 301.159424 -27.565786 31.680
 68    46.272 54592.09257130 47.51 301.158564 -27.562506 31.680
 68    46.274 54592.09257194 47.62 301.157704 -27.559226 31.680
 68    46.214 54592.09257259 46.88 301.156844 -27.555936 31.680
 68    46.309 54592.09257323 48.36 301.155984 -27.552656 31.680
 69    44.980 54627.09258111 19.82 301.165345 -27.591507 22.083
 69    45.112 54627.09258176 25.65 301.164495 -27.588217 22.083
 69    45.243 54627.09258240 36.93 301.163635 -27.584937 22.083
 69    45.761 54627.09258305 42.14 301.162775 -27.581657 22.083
 69    45.314 54627.09258369 43.83 301.161915 -27.578367 22.083
 69    45.538 54627.09258434 39.89 301.161055 -27.575087 22.083
 69    45.332 54627.09258498 29.38 301.160193 -27.571805 22.327
 69    44.750 54627.09258563 22.09 301.159343 -27.568525 22.327
 69    44.194 54627.09258627 22.23 301.158483 -27.565235 22.327
 69    44.301 54627.09258692 22.76 301.157623 -27.561955 22.327
 69    44.389 54627.09258756 22.12 301.156763 -27.558675 22.327
 69    44.969 54627.09258821 21.26 301.155903 -27.555385 22.327
 69    45.237 54627.09258885 27.93 301.155043 -27.552105 22.327
 70    44.222 54662.09258830 26.27 301.164666 -27.592449 18.274
 70    44.550 54662.09258895 37.39 301.163806 -27.589169 18.274
 70    44.847 54662.09258959 43.79 301.162956 -27.585879 18.274
 70    44.517 54662.09259024 49.69 301.162096 -27.582599 18.274
 70    45.132 54662.09259088 44.16 301.161236 -27.579319 18.274
 70    44.705 54662.09259153 43.36 301.160376 -27.576029 18.274
 70    44.699 54662.09259217 38.27 301.159516 -27.572749 18.274
 70    44.690 54662.09259282 37.83 301.158653 -27.569469 24.913
 70    44.721 54662.09259346 29.06 301.157803 -27.566189 24.913
 70    44.627 54662.09259411 26.83 301.156943 -27.562899 24.913
 70    44.476 54662.09259475 22.48 301.156083 -27.559619 24.913
 70    44.530 54662.09259539 30.52 301.155223 -27.556339 24.913
 70    44.888 54662.09259604 33.24 301.154363 -27.553049 24.913
 71    45.540 54697.09256407 22.95 301.165776 -27.592222 21.659
 71    45.853 54697.09256472 30.07 301.164926 -27.588942 21.659
 71    45.893 54697.09256536 41.24 301.164066 -27.585662 21.659
 71    45.952 54697.09256601 48.22 301.163206 -27.582372 21.659
 71    45.786 54697.09256665 41.09 301.162346 -27.579092 21.659
 71    45.391 54697.09256730 39.24 301.161486 -27.575812 21.659
 71    45.274 54697.09256794 33.78 301.160626 -27.572522 21.659
 71    45.249 54697.09256859 27.47 301.159766 -27.569242 21.659
 71    45.122 54697.09256923 23.11 301.158910 -27.565962 22.366
 71    45.218 54697.09256987 22.42 301.158050 -27.562682 22.366
 71    45.298 54697.09257052 23.06 301.157200 -27.559392 22.366
 71    45.722 54697.09257116 22.47 301.156340 -27.556112 22.366
 71    45.867 54697.09257181 31.05 301.155480 -27.552832 22.366
 72    44.252 54732.09254522 25.31 301.167910 -27.591760 14.367
 72    44.222 54732.09254587 26.72 301.167050 -27.588470 14.367
 72    44.455 54732.09254651 31.57 301.166190 -27.585190 14.367
 72    44.510 54732.09254716 33.58 301.165340 -27.581910 14.367
 72    44.257 54732.09254780 32.55 301.164480 -27.578620 14.367
 72    44.283 54732.09254845 37.08 301.163620 -27.575340 14.367
 72    44.981 54732.09254909 41.52 301.162762 -27.572059 22.939
 72    44.511 54732.09254974 38.79 301.161902 -27.568779 22.939
 72    44.442 54732.09255038 40.68 301.161042 -27.565489 22.939
 72    44.374 54732.09255103 34.72 301.160182 -27.562209 22.939
 72    44.388 54732.09255167 29.71 301.159322 -27.558929 22.939
 72    44.368 54732.09255231 27.72 301.158462 -27.555639 22.939
 72    44.469 54732.09255296 33.89 301.157602 -27.552359 22.939
 73    45.091 54767.09254266 29.71 301.166991 -27.593078 17.981
 73    45.185 54767.09254330 39.43 301.166131 -27.589798 17.981
 73    45.204 54767.09254395 41.31 301.165281 -27.586518 17.981
 73    45.415 54767.09254459 40.44 301.164421 -27.583228 17.981
 73    45.269 54767.09254524 39.70 301.163561 -27.579948 17.981
 73    45.244 54767.09254588 37.03 301.162701 -27.576668 17.981
 73    45.267 54767.09254653 39.90 301.161841 -27.573378 17.981
 73    45.304 54767.09254717 41.15 301.160981 -27.570098 17.981
 73    45.424 54767.09254782 46.61 301.160120 -27.566816 23.609
 73    45.518 54767.09254846 45.52 301.159270 -27.563536 23.609
 73    45.488 54767.09254911 44.51 301.158410 -27.560246 23.609
 73    45.442 54767.09254975 43.63 301.157550 -27.556966 23.609
 73    45.607 54767.09255039 42.53 301.156690 -27.553686 23.609
 74    44.818 54802.09253802 19.22 301.167616 -27.592741 22.152
 74    44.873 54802.09253867 22.09 301.166756 -27.589461 22.152
 74    44.876 54802.09253931 29.52 301.165896 -27.586171 22.152
 74    45.137 54802.09253996 33.52 301.165046 -27.582891 22.152
 74    45.515 54802.09254060 32.17 301.164186 -27.579611 22.152
 74    45.608 54802.09254125 31.99 301.163326 -27.576321 22.152
 74    45.399 54802.09254189 42.59 301.162466 -27.573041 22.152
 74    45.532 54802.09254253 43.53 301.161608 -27.569762 15.796
 74    44.140 54802.09254318 23.12 301.160748 -27.566482 15.796
 74    43.544 54802.09254382 24.04 301.159888 -27.563192 15.796
 74    44.068 54802.09254447 20.22 301.159028 -27.559912 15.796
 74    44.098 54802.09254511 21.66 301.158168 -27.556632 15.796
 74    44.952 54802.09254576 19.40 301.157308 -27.553342 15.796
 75    43.585 54837.09253586 35.28 301.166064 -27.591185 29.177
 75    43.708 54837.09253650 39.30 301.165214 -27.587905 29.177
 75    44.438 54837.09253715 43.29 301.164354 -27.584615 29.177
 75    44.482 54837.09253779 39.90 301.163494 -27.581335 29.177
 75    44.847 54837.09253844 32.14 301.162634 -27.578055 29.177
 75    44.126 54837.09253908 32.54 301.161774 -27.574765 29.177
 75    43.717 54837.09253972 37.97 301.160914 -27.571485 29.177
 75    43.572 54837.09254037 48.13 301.160053 -27.568204 28.767
 75    43.597 54837.09254101 51.59 301.159203 -27.564924 28.767
 75    43.637 54837.09254166 50.07 301.158343 -27.561634 28.767
 75    43.681 54837.09254230 48.25 301.157483 -27.558354 28.767
 75    43.710 54837.09254295 46.31 301.156623 -27.555074 28.767
 75    43.745 54837.09254359 43.57 301.155763 -27.551784 28.767
 76    44.531 54872.09253720 53.88 301.168240 -27.593012 39.357
 76    44.422 54872.09253784 52.05 301.167380 -27.589722 39.357
 76    44.472 54872.09253849 39.13 301.166530 -27.586442 39.357
 76    44.472 54872.09253913 33.12 301.165670 -27.583162 39.357
 76    44.484 54872.09253978 35.41 301.164810 -27.579872 39.357
 76    44.512 54872.09254042 36.90 301.163950 -27.576592 39.357
 76    44.496 54872.09254107 39.12 301.163092 -27.573311 37.791
 76    44.524 54872.09254171 41.48 301.162232 -27.570031 37.791
 76    44.571 54872.09254236 48.69 301.161372 -27.566741 37.791
 76    44.660 54872.09254300 51.63 301.160512 -27.563461 37.791
 76    44.731 54872.09254365 51.85 301.159652 -27.560181 37.791
 76    44.734 54872.09254429 51.23 301.158792 -27.556891 37.791
 76    44.730 54872.09254494 52.40 301.157942 -27.553611 37.791
 76    44.692 54872.09254558 49.31 301.157082 -27.550331 37.791
 77    44.251 54907.09254272 25.24 301.162465 -27.592710 21.511
 77    44.670 54907.09254336 27.17 301.161615 -27.589430 21.511
 77    44.832 54907.09254401 38.11 301.160755 -27.586150 21.511
 77    44.890 54907.09254465 42.69 301.159895 -27.582860 21.511
 77    44.850 54907.09254529 47.55 301.159035 -27.579580 21.511
 77    44.847 54907.09254594 50.84 301.158175 -27.576300 21.511
 77    45.004 54907.09254658 47.30 301.157315 -27.573010 21.511
 77    44.841 54907.09254723 37.20 301.156465 -27.569730 21.511
 77    44.655 54907.09254787 25.44 301.155600 -27.566449 26.822
 77    44.206 54907.09254852 21.67 301.154740 -27.563169 26.822
 77    44.566 54907.09254916 23.51 301.153890 -27.559879 26.822
 77    44.854 54907.09254981 32.79 301.153030 -27.556599 26.822
 78    44.134 54942.09252988 20.48 301.167179 -27.593140 20.981
 78    44.135 54942.09253053 20.80 301.166319 -27.589850 20.981
 78    44.504 54942.09253117 31.05 301.165469 -27.586570 20.981
 78    44.591 54942.09253182 34.70 301.164609 -27.583290 20.981
 78    44.463 54942.09253246 34.26 301.163749 -27.580010 20.981
 78    44.093 54942.09253310 29.37 301.162889 -27.576720 20.981
 78    44.454 54942.09253375 31.46 301.162031 -27.573442 15.622
 78    44.602 54942.09253439 32.98 301.161171 -27.570162 15.622
 78    44.245 54942.09253504 21.56 301.160311 -27.566872 15.622
 78    44.041 54942.09253568 18.11 301.159451 -27.563592 15.622
 78    43.822 54942.09253633 17.24 301.158591 -27.560312 15.622
 78    43.987 54942.09253697 15.60 301.157731 -27.557022 15.622
 78    44.204 54942.09253762 19.10 301.156881 -27.553742 15.622
 78    44.451 54942.09253826 31.60 301.156021 -27.550462 15.622
 79    43.783 54977.09255833 51.02 301.165465 -27.592820 46.702
 79    43.795 54977.09255898 52.26 301.164605 -27.589530 46.702
 79    44.241 54977.09255962 45.89 301.163745 -27.586250 46.702
 79    44.346 54977.09256027 40.52 301.162885 -27.582970 46.702
 79    44.181 54977.09256091 40.68 301.162025 -27.579680 46.702
 79    43.948 54977.09256156 38.11 301.161165 -27.576400 46.702
 79    43.851 54977.09256220 37.95 301.160302 -27.573119 34.019
 79    43.883 54977.09256285 49.21 301.159452 -27.569839 34.019
 79    43.942 54977.09256349 52.50 301.158592 -27.566549 34.019
 79    44.049 54977.09256414 52.53 301.157732 -27.563269 34.019
 79    44.098 54977.09256478 51.81 301.156872 -27.559989 34.019
 79    44.116 54977.09256543 52.41 301.156012 -27.556699 34.019
 79    44.134 54977.09256607 52.95 301.155152 -27.553419 34.019
 80    44.102 55012.09256633 32.53 301.165119 -27.591726 43.605
 80    44.381 55012.09256698 39.19 301.164269 -27.588446 43.605
 80    44.413 55012.09256762 45.34 301.163409 -27.585156 43.605
 80    44.485 55012.09256827 40.07 301.162549 -27.581876 43.605
 80    44.328 55012.09256891 41.15 301.161689 -27.578596 43.605
 80    44.430 55012.09256955 39.14 301.160829 -27.575306 43.605
 80    44.391 55012.09257020 38.49 301.159969 -27.572026 43.605
 80    44.470 55012.09257084 45.03 301.159109 -27.568745 31.860
 80    44.504 55012.09257149 47.29 301.158249 -27.565465 31.860
 80    44.548 55012.09257213 48.47 301.157399 -27.562175 31.860
 80    44.480 55012.09257278 46.57 301.156539 -27.558895 31.860
 80    44.503 55012.09257342 43.54 301.155679 -27.555615 31.860
 80    44.583 55012.09257407 49.12 301.154819 -27.552325 31.860
 81    45.243 55047.09255824 28.81 301.167021 -27.591626 27.464
 81    45.696 55047.09255889 42.41 301.166161 -27.588346 27.464
 81    45.480 55047.09255953 38.86 301.165311 -27.585056 27.464
 81    45.520 55047.09256018 38.14 301.164451 -27.581776 27.464
 81    45.596 55047.09256082 42.33 301.163591 -27.578496 27.464
 81    45.563 55047.09256147 43.06 301.162731 -27.575206 27.464
 81    45.519 55047.09256211 45.91 301.161871 -27.571926 27.464
 81    45.544 55047.09256276 35.37 301.161008 -27.568647 21.422
 81    45.546 55047.09256340 31.17 301.160158 -27.565367 21.422
 81    45.588 55047.09256404 26.74 301.159298 -27.562077 21.422
 81    45.735 55047.09256469 29.18 301.158438 -27.558797 21.422
 81    45.635 55047.09256533 27.84 301.157578 -27.555517 21.422
 81    45.553 55047.09256598 29.55 301.156718 -27.552227 21.422
 82    44.986 55082.09253095 22.47 301.163415 -27.590234 22.166
 82    45.049 55082.09253159 31.38 301.162555 -27.586954 22.166
 82    45.085 55082.09253224 35.37 301.161695 -27.583664 22.166
 82    45.450 55082.09253288 32.63 301.160835 -27.580384 22.166
 82    45.542 55082.09253353 34.97 301.159975 -27.577104 22.166
 82    45.392 55082.09253417 31.19 301.159115 -27.573814 22.166
 82    45.231 55082.09253482 24.32 301.158265 -27.570534 22.166
 82    45.112 55082.09253546 16.55 301.157400 -27.567252 24.446
 82    44.747 55082.09253610 16.29 301.156540 -27.563972 24.446
 82    44.716 55082.09253675 16.98 301.155690 -27.560682 24.446
 82    44.929 55082.09253739 19.59 301.154830 -27.557402 24.446
 82    45.233 55082.09253804 25.29 301.153970 -27.554122 24.446
 83    45.711 55117.09248997 41.26 301.168901 -27.592631 29.207
 83    45.862 55117.09249061 45.82 301.168041 -27.589351 29.207
 83    45.634 55117.09249126 47.29 301.167181 -27.586061 29.207
 83    45.771 55117.09249190 42.35 301.166331 -27.582781 29.207
 83    45.823 55117.09249255 42.84 301.165471 -27.579501 29.207
 83    45.710 55117.09249319 44.82 301.164611 -27.576211 29.207
 83    45.722 55117.09249384 43.28 301.163751 -27.572931 29.207
 83    45.820 55117.09249448 40.96 301.162894 -27.569649 25.596
 83    45.926 55117.09249513 42.02 301.162034 -27.566369 25.596
 83    45.987 55117.09249577 43.74 301.161174 -27.563079 25.596
 83    45.902 55117.09249641 43.32 301.160314 -27.559799 25.596
 83    45.823 55117.09249706 39.93 301.159454 -27.556519 25.596
 83    45.805 55117.09249770 36.81 301.158594 -27.553229 25.596
 83    45.877 55117.09249835 40.89 301.157744 -27.549949 25.596
 84    46.325 55152.09248763 29.74 301.164945 -27.592108 21.572
 84    46.474 55152.09248827 32.62 301.164085 -27.588828 21.572
 84    46.731 55152.09248892 37.83 301.163225 -27.585548 21.572
 84    46.607 55152.09248956 47.58 301.162375 -27.582268 21.572
 84    46.580 55152.09249021 52.59 301.161515 -27.578978 21.572
 84    46.655 55152.09249085 49.35 301.160655 -27.575698 21.572
 84    46.529 55152.09249150 45.38 301.159795 -27.572418 21.572
 84    46.592 55152.09249214 38.75 301.158935 -27.569128 21.572
 84    46.441 55152.09249278 26.98 301.158075 -27.565848 21.572
 84    46.335 55152.09249343 25.92 301.157216 -27.562567 28.270
 84    46.388 55152.09249407 25.48 301.156356 -27.559287 28.270
 84    46.542 55152.09249472 27.14 301.155506 -27.555997 28.270
 84    46.870 55152.09249536 38.14 301.154646 -27.552717 28.270
 85    47.689 55187.09247700 52.59 301.167340 -27.591481 54.443
 85    47.719 55187.09247764 52.14 301.166480 -27.588191 54.443
 85    47.741 55187.09247828 51.38 301.165630 -27.584911 54.443
 85    47.769 55187.09247893 53.63 301.164770 -27.581631 54.443
 85    47.794 55187.09247957 53.43 301.163910 -27.578341 54.443
 85    47.824 55187.09248022 51.70 301.163050 -27.575061 54.443
 85    47.852 55187.09248086 51.80 301.162192 -27.571782 43.605
 85    47.877 55187.09248151 53.02 301.161332 -27.568492 43.605
 85    47.918 55187.09248215 51.29 301.160472 -27.565212 43.605
 85    47.937 55187.09248280 51.87 301.159612 -27.561932 43.605
 85    47.965 55187.09248344 51.24 301.158752 -27.558652 43.605
 85    47.979 55187.09248409 50.22 301.157892 -27.555362 43.605
 85    48.012 55187.09248473 48.72 301.157042 -27.552082 43.605
 86    48.035 55222.09248675 31.80 301.165038 -27.592109 27.652
 86    48.286 55222.09248740 36.29 301.164188 -27.588829 27.652
 86    48.323 55222.09248804 48.96 301.163328 -27.585539 27.652
 86    48.349 55222.09248869 54.07 301.162468 -27.582259 27.652
 86    48.425 55222.09248933 51.02 301.161608 -27.578979 27.652
 86    48.314 55222.09248998 53.50 301.160748 -27.575689 27.652
 86    48.340 55222.09249062 52.96 301.159888 -27.572409 27.652
 86    48.445 55222.09249127 46.10 301.159028 -27.569127 37.002
 86    48.414 55222.09249191 41.88 301.158168 -27.565847 37.002
 86    48.301 55222.09249256 40.15 301.157318 -27.562557 37.002
 86    48.311 55222.09249320 39.16 301.156458 -27.559277 37.002
 86    48.358 55222.09249385 40.82 301.155598 -27.555997 37.002
 86    48.394 55222.09249449 44.28 301.154738 -27.552707 37.002
 87    47.248 55257.09247227 42.62 301.168499 -27.592573 32.749
 87    47.280 55257.09247291 45.08 301.167639 -27.589293 32.749
 87    47.319 55257.09247356 48.43 301.166779 -27.586003 32.749
 87    47.435 55257.09247420 47.48 301.165929 -27.582723 32.749
 87    47.367 55257.09247484 49.13 301.165069 -27.579443 32.749
 87    47.302 55257.09247549 47.97 301.164209 -27.576153 32.749
 87    47.358 55257.09247613 45.41 301.163349 -27.572873 32.749
 87    47.435 55257.09247678 49.42 301.162494 -27.569593 30.427
 87    47.455 55257.09247742 45.94 301.161634 -27.566313 30.427
 87    47.461 55257.09247807 34.81 301.160774 -27.563023 30.427
 87    47.494 55257.09247871 33.94 301.159914 -27.559743 30.427
 87    47.321 55257.09247936 30.98 301.159054 -27.556463 30.427
 87    47.161 55257.09248000 30.75 301.158194 -27.553173 30.427
 87    47.459 55257.09248065 40.61 301.157334 -27.549893 30.427
 88    46.341 55292.09247469 27.73 301.163422 -27.591527 18.639
 88    46.661 55292.09247533 26.70 301.162572 -27.588247 18.639
 88    47.001 55292.09247598 30.16 301.161712 -27.584967 18.639
 88    47.188 55292.09247662 30.40 301.160852 -27.581677 18.639
 88    47.058 55292.09247727 35.54 301.159992 -27.578397 18.639
 88    47.193 55292.09247791 37.47 301.159132 -27.575117 18.639
 88    47.138 55292.09247856 35.44 301.158272 -27.571827 18.639
 88    47.119 55292.09247920 32.23 301.157422 -27.568547 18.639
 88    46.809 55292.09247985 27.96 301.156558 -27.565267 30.965
 88    46.698 55292.09248049 27.13 301.155698 -27.561987 30.965
 88    46.909 55292.09248114 28.70 301.154848 -27.558697 30.965
 88    47.099 55292.09248178 30.82 301.153988 -27.555417 30.965
 89    46.250 55327.09245795 27.47 301.164026 -27.591031 26.567
 89    46.800 55327.09245860 27.54 301.163176 -27.587741 26.567
 89    46.898 55327.09245924 35.00 301.162316 -27.584461 26.567
 89    46.878 55327.09245989 46.92 301.161456 -27.581181 26.567
 89    47.301 55327.09246053 48.26 301.160596 -27.577891 26.567
 89    47.034 55327.09246118 45.56 301.159736 -27.574611 26.567
 89    46.922 55327.09246182 33.80 301.158873 -27.571331 31.364
 89    46.740 55327.09246247 31.32 301.158023 -27.568051 31.364
 89    46.211 55327.09246311 28.86 301.157163 -27.564761 31.364
 89    46.180 55327.09246376 28.50 301.156303 -27.561481 31.364
 89    46.532 55327.09246440 27.55 301.155443 -27.558201 31.364
 89    46.752 55327.09246505 27.51 301.154583 -27.554911 31.364
 90    45.259 55362.09245344 28.52 301.165056 -27.592602 31.271
 90    45.650 55362.09245409 43.97 301.164196 -27.589322 31.271
 90    45.669 55362.09245473 52.35 301.163346 -27.586032 31.271
 90    45.458 55362.09245538 48.94 301.162486 -27.582752 31.271
 90    45.822 55362.09245602 49.33 301.161626 -27.579472 31.271
 90    45.680 55362.09245667 44.94 301.160766 -27.576182 31.271
 90    45.740 55362.09245731 41.38 301.159906 -27.572902 31.271
 90    45.647 55362.09245796 48.24 301.159046 -27.569620 33.206
 90    45.601 55362.09245860 49.74 301.158196 -27.566340 33.206
 90    45.676 55362.09245925 46.49 301.157336 -27.563050 33.206
 90    45.748 55362.09245989 40.43 301.156476 -27.559770 33.206
 90    45.738 55362.09246053 36.27 301.155616 -27.556490 33.206
 90    45.800 55362.09246118 39.76 301.154756 -27.553200 33.206
 91    57.768 55397.09246038 21.92 301.167878 -27.592924 22.651
 91    44.998 55397.09246102 36.12 301.167018 -27.589644 22.651
 91    46.886 55397.09246167 40.18 301.166158 -27.586354 22.651
 91    45.187 55397.09246231 36.91 301.165308 -27.583074 22.651
 91    45.619 55397.09246296 38.23 301.164448 -27.579794 22.651
 91    45.441 55397.09246360 39.56 301.163588 -27.576504 22.651
 91    45.173 55397.09246425 42.19 301.162728 -27.573224 22.651
 91    45.353 55397.09246489 38.32 301.161872 -27.569945 12.811
 91    45.179 55397.09246554 27.51 301.161012 -27.566665 12.811
 91    44.819 55397.09246618 21.93 301.160152 -27.563375 12.811
 91    44.861 55397.09246683 19.62 301.159292 -27.560095 12.811
 91    57.007 55397.09246747 19.94 301.158432 -27.556815 12.811
 91    45.166 55397.09246812 22.25 301.157572 -27.553525 12.811
 91    45.289 55397.09246876 28.74 301.156712 -27.550245 12.811
 92    44.883 55432.09246858 52.43 301.168197 -27.592473 46.967
 92    44.925 55432.09246923 51.58 301.167337 -27.589193 46.967
 92    44.884 55432.09246987 41.85 301.166487 -27.585913 46.967
 92    44.872 55432.09247051 36.75 301.165627 -27.582623 46.967
 92    44.993 55432.09247116 39.60 301.164767 -27.579343 46.967
 92    45.095 55432.09247180 40.49 301.163907 -27.576063 46.967
 92    45.134 55432.09247245 44.00 301.163047 -27.572773 46.967
 92    45.086 55432.09247309 42.57 301.162187 -27.569493 46.967
 92    44.921 55432.09247374 46.91 301.161326 -27.566213 14.319
 92    44.903 55432.09247438 40.16 301.160476 -27.562933 14.319
 92    44.827 55432.09247503 37.92 301.159616 -27.559643 14.319
 92    44.683 55432.09247567 32.83 301.158756 -27.556363 14.319
 92    44.642 55432.09247632 28.47 301.157896 -27.553083 14.319
 92    45.120 55432.09247696 32.11 301.157036 -27.549793 14.319
 93    44.644 55467.09242807 35.26 301.164703 -27.592801 24.137
 93    44.777 55467.09242871 39.72 301.163853 -27.589521 24.137
 93    44.749 55467.09242936 49.03 301.162993 -27.586241 24.137
 93    45.312 55467.09243000 40.69 301.162133 -27.582951 24.137
 93    44.914 55467.09243065 43.15 301.161273 -27.579671 24.137
 93    44.866 55467.09243129 42.10 301.160413 -27.576391 24.137
 93    44.852 55467.09243193 40.44 301.159553 -27.573101 24.137
 93    44.704 55467.09243258 45.74 301.158703 -27.569821 24.137
 93    44.795 55467.09243322 48.52 301.157840 -27.566538 31.241
 93    44.715 55467.09243387 49.73 301.156980 -27.563258 31.241
 93    44.865 55467.09243451 49.64 301.156130 -27.559968 31.241
 93    44.881 55467.09243516 46.64 301.155270 -27.556688 31.241
 93    44.794 55467.09243580 46.48 301.154410 -27.553408 31.241
