-345291.369     9.686     0.00    3.79
-344914.322    10.154     1.24    4.38
-344537.294    11.529     3.65    5.04
-344160.286    13.202     4.44    4.41
-343783.297    14.814     4.28    4.04
-343406.328    15.970     3.07    4.11
-343029.379    16.229     0.69    3.29
-342652.449    14.824    -3.73    3.68
-342275.539    13.192    -4.33    4.33
-341898.648    12.051    -3.03    4.44
-341521.777    11.305    -1.98    4.65
-341144.926    12.392     2.89    4.75
-340768.094    12.827     1.15    3.72
-340391.282    11.226    -4.25    4.07
-340014.489     9.066    -5.73    3.84
-339637.716     7.718    -3.58    3.91
-339260.962     7.348    -0.98    4.41
-338884.228     9.262     5.08    4.68
-338507.513    10.979     4.56    4.17
-338130.818    12.503     4.05    4.55
-337754.142    16.097     9.54    4.45
-337377.486    17.936     4.88    4.82
-337000.850    19.165     3.26    4.21
-336624.233    18.915    -0.66    4.24
-336247.635    19.348     1.15    4.01
-335871.057    19.688     0.90    3.75
-335494.499    20.148     1.22    3.41
-335117.960    20.544     1.05    3.11
-334741.440    19.614    -2.47    3.51
-334364.940    17.703    -5.08    4.29
-333988.459    17.416    -0.76    4.39
-333611.998    18.110     1.84    5.09
-333235.557    17.392    -1.91    5.67
-332859.134    14.792    -6.91    7.35
-332482.732    10.371   -11.75    7.89
-332106.348     5.414   -13.17    4.81
-331729.984     3.792    -4.31    4.13
-331353.640     3.797     0.01    4.75
-330977.315     6.175     6.32    5.98
-330601.009     8.107     5.13    5.68
-330224.723     8.142     0.09    4.88
-329848.457     5.859    -6.07    5.91
-329472.209     2.188    -9.76    4.48
-329095.982     1.620    -1.51    4.47
-328719.773     2.267     1.72    5.31
-328343.584     3.681     3.76    5.17
-327967.414     5.416     4.61    4.88
-327591.264     6.881     3.90    4.55
-327215.133     7.503     1.65    4.03
-326839.022     8.345     2.24    4.25
-326462.930     5.574    -7.37    4.93
-326086.857     2.136    -9.14    5.21
-325710.803    -1.335    -9.23    5.24
-325334.769    -4.721    -9.01    2.88
-324958.755    -6.062    -3.57    1.76
-324582.759    -6.449    -1.03    1.51
-324206.783    -5.388     2.82    2.62
-323830.827    -2.994     6.37    4.43
-323454.890     0.273     8.69    5.42
-323078.972     1.733     3.88    5.39
-322703.073     2.392     1.75    5.37
-322327.194     1.726    -1.77    5.62
-321951.334     0.066    -4.42    5.17
-321575.493     0.297     0.61    5.11
-321199.672    -0.941    -3.30    5.44
-320823.870    -1.236    -0.78    5.24
-320448.087    -2.108    -2.32    3.99
-320072.323    -2.741    -1.69    2.72
-319696.579    -2.760    -0.05    2.05
-319320.854    -2.994    -0.62    1.73
-318945.149    -2.699     0.79    2.25
-318569.462    -1.763     2.49    3.07
-318193.795    -0.335     3.80    4.31
-317818.148     1.392     4.60    4.96
-317442.519     2.281     2.37    4.68
-317066.910     3.029     1.99    4.72
-316691.320     3.659     1.68    5.11
-316315.749     4.653     2.65    5.35
-315940.197     3.801    -2.27    3.82
-315564.665     3.281    -1.39    2.96
-315189.152     3.210    -0.19    2.40
-314813.658     4.849     4.36    4.06
-314438.184     6.665     4.84    4.53
-314062.728    10.637    10.58    5.66
-313687.292    13.588     7.86    5.15
-313311.875    15.192     4.27    4.81
-312936.477    17.570     6.34    4.59
-312561.099    19.345     4.73    5.05
-312185.739    20.762     3.78    4.94
-311810.399    22.462     4.53    4.45
-311435.078    25.237     7.39    3.90
-311059.776    27.347     5.62    3.21
-310684.493    28.437     2.91    2.44
-310309.230    29.548     2.96    1.51
-309933.985    29.511    -0.10    1.53
-309558.760    28.675    -2.23    2.32
-309183.554    28.440    -0.63    2.61
-308808.367    28.970     1.41    2.62
-308433.200    29.597     1.67    2.71
-308058.051    30.233     1.70    2.07
-307682.921    29.279    -2.55    2.49
-307307.811    27.992    -3.43    3.08
-306932.720    25.506    -6.63    3.92
-306557.648    23.464    -5.45    3.48
-306182.595    22.992    -1.26    3.41
-305807.561    23.370     1.01    3.76
-305432.546    24.904     4.09    3.41
-305057.550    26.438     4.09    3.26
-304682.574    27.178     1.97    3.02
-304307.616    27.165    -0.03    3.04
-303932.678    25.811    -3.61    3.69
-303557.759    24.748    -2.84    3.68
-303182.858    24.881     0.36    3.86
-302807.977    26.322     3.85    3.73
-302433.115    25.779    -1.45    3.80
-302058.272    24.042    -4.63    3.96
-301683.448    24.188     0.39    3.89
-301308.643    25.532     3.59    4.17
-300933.857    27.726     5.86    3.58
-300559.090    27.779     0.14    3.41
-300184.343    26.974    -2.15    3.32
-299809.614    26.903    -0.19    3.09
-299434.904    28.242     3.57    2.78
-299060.213    28.506     0.70    2.45
-298685.542    26.792    -4.57    3.58
-298310.889    24.279    -6.71    4.36
-297936.255    22.903    -3.67    3.90
-297561.641    22.824    -0.21    3.88
-297187.045    21.523    -3.48    4.00
-296812.468    20.607    -2.45    4.17
-296437.910    19.970    -1.70    4.24
-296063.372    19.642    -0.88    4.01
-295688.852    21.210     4.19    4.44
-295314.351    22.779     4.19    3.84
-294939.869    23.915     3.04    3.64
-294565.407    25.501     4.24    3.87
-294190.963    27.511     5.37    2.98
-293816.538    28.792     3.42    2.30
-293442.132    29.892     2.94    2.53
-293067.745    30.324     1.15    2.79
-292693.377    31.059     1.96    2.31
-292319.028    30.770    -0.77    2.31
-291944.698    29.544    -3.27    2.66
-291570.386    29.165    -1.01    3.00
-291196.094    29.748     1.56    3.44
-290821.820    31.529     4.76    3.22
-290447.566    32.324     2.13    2.44
-290073.330    32.097    -0.61    2.71
-289699.114    31.915    -0.49    2.89
-289324.916    32.529     1.64    2.87
-288950.737    34.051     4.07    2.30
-288576.577    34.992     2.52    1.74
-288202.436    34.926    -0.18    1.59
-287828.314    34.506    -1.12    1.73
-287454.210    34.259    -0.66    1.73
-287080.126    33.460    -2.14    1.78
-286706.060    33.503     0.11    1.92
-286332.013    33.240    -0.70    1.95
-285957.985    32.726    -1.38    1.92
-285583.976    32.665    -0.16    1.95
-285209.986    32.438    -0.61    1.85
-284836.015    33.066     1.68    2.07
-284462.062    33.983     2.45    1.67
-284088.128    34.392     1.09    1.40
-283714.214    34.414     0.06    1.41
-283340.318    33.847    -1.52    1.69
-282966.440    33.165    -1.82    1.87
-282592.582    33.256     0.24    1.88
-282218.742    33.570     0.84    1.86
-281844.922    34.370     2.14    1.37
-281471.120    34.733     0.97    1.08
-281097.336    34.526    -0.56    1.16
-280723.572    34.126    -1.07    1.53
-280349.826    33.620    -1.35    1.64
-279976.099    33.415    -0.55    1.49
-279602.391    33.165    -0.67    1.54
-279228.702    33.297     0.35    1.34
-278855.031    33.284    -0.04    1.51
-278481.380    33.256    -0.07    1.53
-278107.747    33.237    -0.05    1.43
-277734.132    33.303     0.18    1.22
-277360.537    33.415     0.30    1.28
-276986.960    33.392    -0.06    1.43
-276613.402    33.154    -0.64    1.41
-276239.863    32.697    -1.23    1.62
-275866.342    32.299    -1.06    1.64
-275492.840    32.081    -0.58    1.56
-275119.357    31.827    -0.68    1.60
-274745.893    31.414    -1.10    1.80
-274372.447    30.460    -2.56    1.61
-273999.020    30.226    -0.63    1.54
-273625.612    29.614    -1.64    2.14
-273252.222    28.702    -2.44    2.26
-272878.851    27.770    -2.50    2.29
-272505.499    27.165    -1.62    1.87
-272131.283    26.681    -1.29    1.53
-271754.191    26.642    -0.10    1.81
-271377.118    26.654     0.03    2.13
-271000.064    26.165    -1.30    2.08
-270623.029    25.654    -1.36    1.42
-270246.014    25.903     0.66    1.66
-269869.017    26.574     1.78    2.22
-269492.039    27.415     2.23    2.51
-269115.081    27.892     1.27    2.63
-268738.141    28.067     0.46    2.70
-268361.221    28.301     0.62    2.47
-267984.319    27.695    -1.61    2.44
-267607.437    27.681    -0.04    2.17
-267230.574    27.279    -1.07    1.74
-266853.729    27.630     0.93    1.92
-266476.904    27.642     0.03    1.95
-266100.098    28.026     1.02    1.89
-265723.310    28.414     1.03    2.11
-265346.542    29.347     2.48    2.46
-264969.793    30.165     2.17    2.66
-264593.062    31.148     2.61    2.09
-264216.351    31.642     1.31    2.00
-263839.659    32.051     1.09    1.95
-263462.985    31.892    -0.42    1.97
-263086.331    32.509     1.64    1.94
-262709.695    32.748     0.64    1.81
-262333.079    32.892     0.38    1.56
-261956.481    33.284     1.04    1.72
-261579.903    34.059     2.06    1.56
-261203.343    34.438     1.01    1.57
-260826.802    35.165     1.93    1.36
-260450.281    35.501     0.89    1.06
-260073.778    35.233    -0.71    1.10
-259697.294    35.324     0.24    1.30
-259320.829    35.044    -0.74    1.46
-258944.383    35.183     0.37    1.19
-258567.956    35.237     0.14    1.04
-258191.548    35.037    -0.53    1.00
-257815.158    34.740    -0.79    1.08
-257438.788    34.348    -1.04    1.09
-257062.436    33.770    -1.54    1.07
-256686.104    33.437    -0.89    1.35
-256309.790    33.259    -0.47    1.34
-255933.495    32.532    -1.93    1.63
-255557.219    32.240    -0.78    1.70
-255180.962    32.097    -0.38    1.84
-254804.724    32.097     0.00    2.03
-254428.504    32.284     0.50    1.77
-254052.304    32.414     0.35    1.23
-253676.122    32.126    -0.77    1.12
-253299.959    31.555    -1.52    1.43
-252923.816    30.436    -2.98    1.86
-252547.690    29.881    -1.48    2.00
-252171.584    28.926    -2.54    2.31
-251795.497    28.438    -1.30    2.42
-251419.428    27.764    -1.79    2.73
-251043.378    27.801     0.10    2.78
-250667.347    27.940     0.37    2.70
-250291.335    28.044     0.28    2.35
-249915.342    28.509     1.23    1.31
-249539.367    28.188    -0.85    1.30
-249163.411    27.532    -1.75    1.42
-248787.474    26.630    -2.40    1.81
-248411.556    25.483    -3.05    2.15
-248035.657    24.142    -3.57    2.32
-247659.776    22.814    -3.53    2.31
-247283.914    21.857    -2.55    1.72
-246908.071    21.392    -1.24    1.67
-246532.247    21.188    -0.54    1.62
-246156.441    21.490     0.80    1.83
-245780.654    21.324    -0.44    2.00
-245404.886    21.026    -0.79    1.96
-245029.137    21.081     0.15    1.86
-244653.406    21.120     0.10    1.91
-244277.694    21.416     0.79    2.17
-243902.001    21.792     1.00    2.48
-243526.327    21.742    -0.13    2.68
-243150.671    21.483    -0.69    2.91
-242775.034    21.612     0.34    2.72
-242399.416    20.824    -2.10    2.30
-242023.816    20.188    -1.69    1.76
-241648.235    19.857    -0.88    1.35
-241272.673    19.081    -2.07    1.52
-240897.130    18.442    -1.70    1.65
-240521.605    17.892    -1.46    1.59
-240146.099    17.788    -0.28    1.38
-239770.611    17.741    -0.12    1.38
-239395.143    17.233    -1.35    1.54
-239019.693    16.881    -0.94    1.44
-238644.261    17.631     2.00    2.66
-238268.848    20.107     6.59    4.55
-237893.454    22.779     7.12    4.77
-237518.079    26.253     9.26    3.30
-237142.722    27.370     2.98    2.03
-236767.384    28.324     2.54    1.89
-236392.064    28.824     1.33    1.63
-236016.764    29.175     0.93    1.71
-235641.481    29.226     0.14    1.77
-235266.218    28.938    -0.77    2.07
-234890.973    28.324    -1.64    3.49
-234515.746    27.914    -1.09    3.87
-234140.538    27.097    -2.18    3.82
-233765.349    27.299     0.54    3.44
-233390.179    27.262    -0.10    3.01
-233015.027    28.113     2.27    3.16
-232639.893    29.326     3.23    3.07
-232264.778    30.551     3.27    3.47
-231889.682    31.610     2.82    3.40
-231514.605    33.214     4.28    2.83
-231139.545    34.210     2.66    2.63
-230764.505    35.037     2.20    2.28
-230389.483    35.764     1.94    1.66
-230014.480    36.081     0.84    1.69
-229639.495    36.279     0.53    1.69
-229264.528    36.770     1.31    1.61
-228889.581    37.326     1.48    1.53
-228514.651    37.392     0.18    1.38
-228139.741    37.437     0.12    1.43
-227764.849    37.415    -0.06    1.64
-227389.975    37.392    -0.06    1.64
-227015.120    37.483     0.24    1.58
-226640.283    37.915     1.15    1.47
-226265.465    37.756    -0.42    1.46
-225890.666    37.327    -1.14    2.04
-225515.884    36.392    -2.49    2.59
-225141.122    35.392    -2.67    2.70
-224766.378    35.439     0.12    2.37
-224391.652    35.526     0.23    2.23
-224016.945    36.276     2.00    2.26
-223642.256    36.870     1.58    2.20
-223267.586    37.218     0.93    2.25
-222892.934    37.551     0.89    2.02
-222518.301    38.097     1.46    1.59
-222143.686    38.416     0.85    1.63
-221769.090    38.881     1.24    1.24
-221394.512    38.773    -0.29    1.38
-221019.953    38.392    -1.02    1.52
-220645.412    37.936    -1.22    1.60
-220270.889    37.779    -0.42    1.71
-219896.385    38.481     1.88    1.52
-219521.900    39.113     1.69    1.59
-219147.432    39.570     1.22    1.37
-218772.983    40.226     1.75    1.21
-218398.553    40.414     0.50    1.16
-218024.141    40.681     0.71    1.16
-217649.747    41.126     1.19    1.14
-217275.372    41.301     0.47    0.88
-216901.015    41.276    -0.07    0.98
-216526.677    40.770    -1.35    1.32
-216152.357    40.035    -1.96    1.46
-215778.055    38.903    -3.02    1.88
-215403.772    38.279    -1.67    2.03
-215029.507    37.665    -1.64    2.11
-214655.261    36.974    -1.85    2.27
-214281.032    36.462    -1.37    2.23
-213906.823    36.347    -0.31    2.00
-213532.631    36.904     1.49    2.28
-213158.458    37.805     2.41    2.23
-212784.303    38.824     2.72    1.72
-212410.167    39.188     0.97    1.53
-212036.049    39.074    -0.30    1.67
-211661.949    38.685    -1.04    1.60
-211287.867    38.438    -0.66    1.57
-210913.804    38.567     0.35    1.53
-210539.760    37.970    -1.60    1.76
-210165.733    37.142    -2.21    2.65
-209791.725    36.779    -0.97    2.79
-209417.735    35.276    -4.02    2.64
-209043.764    34.667    -1.63    2.45
-208669.810    34.370    -0.80    2.46
-208295.875    34.067    -0.81    2.55
-207921.959    33.459    -1.63    2.51
-207548.060    32.779    -1.82    2.42
-207174.180    32.120    -1.76    2.06
-206800.318    31.555    -1.51    2.59
-206426.475    31.842     0.77    2.98
-206052.649    31.120    -1.93    3.26
-205678.842    30.042    -2.88    2.99
-205305.053    30.037    -0.01    2.37
-204931.283    30.160     0.33    2.57
-204557.530    30.642     1.29    2.96
-204183.796    31.529     2.37    3.03
-203810.080    32.367     2.24    2.86
-203436.383    33.438     2.87    2.49
-203062.703    34.167     1.95    1.73
-202689.042    33.259    -2.43    2.63
-202315.399    31.718    -4.13    3.04
-201941.775    30.642    -2.88    2.93
-201568.168    31.324     1.83    3.40
-201194.580    33.642     6.21    3.24
-200821.010    35.529     5.05    2.44
-200447.458    36.192     1.78    1.96
-200073.924    35.881    -0.83    2.16
-199700.408    35.695    -0.50    2.37
-199326.911    35.892     0.53    2.48
-198953.432    36.792     2.41    1.97
-198579.971    37.059     0.71    1.62
-198206.528    36.529    -1.42    1.68
-197833.103    35.742    -2.11    2.11
-197459.697    33.915    -4.89    2.98
-197083.827    31.113    -7.46    3.69
-196706.784    29.006    -5.59    2.67
-196329.760    27.870    -3.01    1.68
-195952.755    27.929     0.16    2.05
-195575.768    29.165     3.28    2.49
-195198.800    31.173     5.33    2.77
-194821.850    32.392     3.24    2.27
-194444.919    33.847     3.86    1.99
-194068.006    34.509     1.76    1.35
-193691.111    34.259    -0.66    1.77
-193314.235    33.317    -2.50    2.43
-192937.378    31.642    -4.45    2.68
-192560.539    30.343    -3.45    1.88
-192183.719    30.903     1.49    2.58
-191806.917    32.824     5.10    3.64
-191430.133    35.202     6.31    3.09
-191053.368    36.210     2.68    2.11
-190676.622    36.270     0.16    2.40
-190299.894    36.506     0.63    2.40
-189923.184    36.438    -0.18    2.19
-189546.493    37.029     1.57    1.81
-189169.820    36.659    -0.98    2.13
-188793.166    35.797    -2.29    2.18
-188416.530    34.459    -3.55    2.38
-188039.912    32.997    -3.88    2.21
-187663.313    31.997    -2.66    2.06
-187286.732    31.748    -0.66    1.99
-186910.170    32.059     0.83    2.57
-186533.626    32.620     1.49    2.69
-186157.101    33.392     2.05    2.42
-185780.594    33.756     0.97    2.33
-185404.105    33.597    -0.42    2.02
-185027.635    34.324     1.93    1.95
-184651.183    35.170     2.25    1.29
-184274.750    35.006    -0.44    1.40
-183898.335    34.183    -2.19    1.97
-183521.938    32.462    -4.57    2.81
-183145.559    30.703    -4.67    2.87
-182769.199    29.551    -3.06    2.34
-182392.858    29.326    -0.60    2.09
-182016.534    30.279     2.53    2.44
-181640.229    31.074     2.11    2.26
-181263.943    30.983    -0.24    2.12
-180887.675    31.006     0.06    2.28
-180511.425    30.997    -0.02    2.11
-180135.193    31.665     1.78    1.85
-179758.980    32.602     2.49    1.47
-179382.785    33.097     1.32    1.30
-179006.608    33.240     0.38    1.13
-178630.450    32.915    -0.86    1.32
-178254.310    31.970    -2.51    1.56
-177878.188    31.067    -2.40    1.80
-177502.084    30.088    -2.60    2.13
-177125.999    29.322    -2.04    2.31
-176749.932    28.801    -1.39    2.41
-176373.884    28.256    -1.45    2.28
-175997.854    27.779    -1.27    2.37
-175621.841    27.303    -1.26    2.40
-175245.848    26.964    -0.90    2.26
-174869.872    26.240    -1.92    2.37
-174493.915    25.324    -2.44    2.26
-174117.976    24.279    -2.78    1.87
-173742.055    23.011    -3.37    1.59
-173366.153    22.648    -0.97    1.63
-172990.269    22.301    -0.92    2.01
-172614.403    21.917    -1.02    2.53
-172238.555    21.526    -1.04    1.93
-171862.725    21.415    -0.29    1.85
-171486.914    20.974    -1.17    1.61
-171111.121    20.279    -1.85    1.66
-170735.346    19.661    -1.65    1.58
-170359.589    18.779    -2.35    1.74
-169983.851    19.107     0.87    1.97
-169608.130    20.548     3.84    2.83
-169232.428    22.733     5.82    3.75
-168856.744    24.370     4.36    3.50
-168481.079    26.415     5.45    2.67
-168105.431    27.692     3.40    2.71
-167729.802    28.006     0.84    2.67
-167354.191    28.857     2.27    2.06
-166978.598    29.074     0.58    2.18
-166603.023    29.259     0.49    2.27
-166227.466    29.416     0.42    2.51
-165851.928    30.188     2.06    2.50
-165476.407    30.742     1.48    2.53
-165100.905    31.392     1.73    2.15
-164725.421    31.857     1.24    1.74
-164349.955    31.006    -2.27    1.75
-163974.507    30.938    -0.18    1.85
-163599.078    30.807    -0.35    2.01
-163223.666    30.574    -0.62    2.07
-162848.273    31.267     1.85    2.09
-162472.897    31.665     1.06    1.78
-162097.540    32.483     2.18    1.83
-161722.201    32.741     0.69    1.82
-161346.880    32.748     0.02    1.92
-160971.577    32.817     0.19    1.81
-160596.292    33.233     1.11    1.64
-160221.026    33.967     1.96    1.71
-159845.777    34.460     1.31    1.21
-159470.546    33.983    -1.27    1.37
-159095.334    33.183    -2.13    2.26
-158720.140    32.170    -2.70    2.29
-158344.963    31.467    -1.87    2.19
-157969.805    30.688    -2.08    2.02
-157594.665    29.807    -2.35    1.88
-157219.542    29.710    -0.26    2.14
-156844.438    30.324     1.64    2.42
-156469.352    30.509     0.49    2.63
-156094.284    31.597     2.90    2.47
-155719.234    31.542    -0.15    2.11
-155344.202    31.392    -0.40    2.07
-154969.188    31.636     0.65    1.65
-154594.192    31.597    -0.10    1.55
-154219.214    31.597     0.00    1.52
-153844.254    31.345    -0.67    1.75
-153469.313    30.756    -1.57    2.00
-153094.389    30.197    -1.49    2.27
-152719.483    29.438    -2.03    2.20
-152344.595    27.974    -3.91    2.50
-151969.725    26.483    -3.98    2.85
-151594.873    24.881    -4.27    2.68
-151220.039    23.222    -4.43    2.21
-150845.223    22.142    -2.88    1.92
-150470.425    21.583    -1.49    1.70
-150095.645    21.756     0.46    1.79
-149720.883    21.974     0.58    1.87
-149346.139    22.710     1.97    2.30
-148971.412    23.748     2.77    3.04
-148596.704    24.726     2.61    3.41
-148222.014    25.414     1.84    3.12
-147847.342    25.602     0.50    2.82
-147472.687    25.020    -1.55    2.40
-147098.051    24.183    -2.24    2.16
-146723.432    23.392    -2.11    2.41
-146348.832    22.997    -1.06    2.49
-145974.249    22.083    -2.44    2.85
-145599.684    20.548    -4.10    3.78
-145225.137    18.369    -5.82    4.19
-144850.608    16.460    -5.10    3.11
-144476.097    15.206    -3.35    2.37
-144101.604    14.614    -1.58    1.51
-143727.129    14.779     0.44    1.47
-143352.671    15.273     1.32    1.73
-142978.232    16.303     2.75    2.18
-142603.810    18.136     4.90    3.17
-142229.406    19.927     4.78    3.32
-141855.020    21.229     3.48    3.27
-141480.652    22.926     4.53    3.80
-141106.302    24.165     3.31    3.75
-140731.970    26.222     5.49    4.40
-140357.655    27.837     4.32    4.25
-139983.359    29.741     5.09    3.90
-139609.080    31.210     3.93    3.06
-139234.819    32.276     2.85    2.30
-138860.576    32.859     1.56    2.05
-138486.350    33.529     1.79    1.17
-138112.143    33.587     0.16    1.42
-137737.953    32.801    -2.10    1.82
-137363.781    31.665    -3.04    2.41
-136989.627    30.597    -2.86    2.65
-136615.491    29.555    -2.78    2.62
-136241.373    28.326    -3.29    2.92
-135867.272    26.506    -4.86    3.09
-135493.189    25.202    -3.49    3.16
-135119.124    24.165    -2.77    2.60
-134745.077    24.006    -0.43    2.64
-134371.048    24.483     1.28    2.98
-133997.036    25.438     2.55    3.09
-133623.042    26.029     1.58    3.18
-133249.066    25.506    -1.40    3.40
-132875.108    24.511    -2.66    3.09
-132501.167    23.756    -2.02    2.50
-132127.244    24.142     1.03    2.93
-131753.339    25.665     4.07    3.23
-131379.451    27.097     3.83    3.23
-131005.582    28.733     4.38    3.15
-130631.730    29.642     2.43    3.25
-130257.896    30.345     1.88    3.18
-129884.079    30.983     1.71    3.16
-129510.281    32.051     2.86    2.25
-129136.500    32.574     1.40    1.98
-128762.736    32.983     1.09    1.56
-128388.991    33.074     0.24    1.57
-128015.263    33.506     1.16    1.73
-127641.553    33.749     0.65    1.86
-127267.860    33.756     0.02    2.05
-126894.185    33.551    -0.55    2.02
-126520.528    34.165     1.64    1.67
-126146.889    33.574    -1.58    1.83
-125773.267    32.801    -2.07    2.49
-125399.663    31.210    -4.26    3.79
-125026.077    29.440    -4.74    3.53
-124652.508    28.214    -3.28    3.22
-124278.957    26.870    -3.60    2.80
-123905.424    26.749    -0.32    2.56
-123531.908    27.006     0.69    3.72
-123158.410    27.481     1.27    4.07
-122784.929    28.392     2.44    3.69
-122411.048    29.059     1.78    3.13
-122034.040    29.392     0.88    2.21
-121657.049    28.574    -2.17    2.23
-121280.077    27.006    -4.16    2.83
-120903.123    24.847    -5.73    3.53
-120526.187    22.178    -7.08    3.43
-120149.269    20.526    -4.38    3.28
-119772.369    18.950    -4.18    2.92
-119395.486    17.192    -4.67    2.79
-119018.622    15.950    -3.30    2.59
-118641.776    15.610    -0.90    2.22
-118264.947    15.642     0.09    2.35
-117888.137    15.551    -0.24    2.42
-117511.344    15.301    -0.66    2.32
-117134.570    14.870    -1.15    2.42
-116757.813    14.870     0.00    3.18
-116381.074    14.801    -0.18    3.39
-116004.354    14.551    -0.66    3.54
-115627.651    13.642    -2.41    2.56
-115250.966    13.301    -0.91    1.90
-114874.299    13.142    -0.42    2.05
-114497.650    12.779    -0.97    2.38
-114121.018    12.648    -0.35    2.36
-113744.405    12.256    -1.04    2.26
-113367.810    12.153    -0.27    2.21
-112991.232    11.870    -0.75    2.09
-112614.672    11.548    -0.85    1.87
-112238.131    11.439    -0.29    1.76
-111861.607    10.824    -1.63    1.91
-111485.101    10.987     0.43    1.89
-111108.612    11.120     0.35    1.62
-110732.142    11.051    -0.18    1.79
-110355.690    10.881    -0.45    1.76
-109979.255    10.392    -1.30    1.99
-109602.838     9.940    -1.20    2.11
-109226.439     9.349    -1.57    2.08
-108850.058     8.960    -1.03    1.98
-108473.695     8.892    -0.18    1.92
-108097.350     8.678    -0.57    2.11
-107721.022     8.439    -0.64    2.07
-107344.712     8.097    -0.91    2.03
-106968.420     7.492    -1.61    2.01
-106592.146     6.764    -1.93    2.14
-106215.890     6.801     0.10    2.29
-105839.651     6.741    -0.16    2.36
-105463.431     6.870     0.34    2.20
-105087.228     6.880     0.03    2.12
-104711.042     6.892     0.03    2.29
-104334.875     7.202     0.82    2.30
-103958.726     7.620     1.11    2.06
-103582.594     7.529    -0.24    1.77
-103206.480     7.587     0.16    1.66
-102830.383     7.142    -1.18    1.78
-102454.305     6.892    -0.66    1.66
-102078.244     6.960     0.18    1.65
-101702.201     6.695    -0.71    1.63
-101326.176     6.324    -0.99    1.11
-100950.169     6.090    -0.62    1.28
-100574.179     6.008    -0.22    1.39
-100198.207     6.097     0.24    1.58
 -99822.253     6.075    -0.06    1.59
 -99446.316     6.256     0.48    2.20
 -99070.397     6.253    -0.01    2.44
 -98694.496     6.347     0.25    2.36
 -98318.613     6.029    -0.85    1.92
 -97942.747     5.892    -0.36    1.67
 -97566.899     5.960     0.18    1.82
 -97191.069     6.035     0.20    2.13
 -96815.256     6.126     0.24    2.08
 -96439.461     5.881    -0.65    1.94
 -96063.684     5.881    -0.00    2.02
 -95687.925     5.756    -0.33    2.06
 -95312.183     5.708    -0.13    1.83
 -94936.459     5.415    -0.78    1.56
 -94560.752     5.578     0.43    1.68
 -94185.064     5.938     0.96    1.69
 -93809.392     5.324    -1.63    2.08
 -93433.739     5.490     0.44    2.05
 -93058.103     5.165    -0.86    2.01
 -92682.485     5.161    -0.01    1.75
 -92306.884     5.067    -0.25    1.90
 -91931.302     4.847    -0.59    1.82
 -91555.736     4.788    -0.16    1.79
 -91180.189     4.665    -0.33    1.78
 -90804.659     4.717     0.14    1.69
 -90429.146     4.574    -0.38    1.76
 -90053.652     4.417    -0.42    1.99
 -89678.175     4.233    -0.49    1.74
 -89302.715     4.301     0.18    1.87
 -88927.273     4.136    -0.44    1.76
 -88551.849     4.392     0.68    1.48
 -88176.442     4.341    -0.14    1.28
 -87801.053     4.688     0.92    1.58
 -87425.681     4.718     0.08    1.74
 -87050.327     5.029     0.83    2.00
 -86674.991     5.142     0.30    2.17
 -86299.672     5.011    -0.35    2.20
 -85924.371     5.415     1.08    2.04
 -85549.087     5.828     1.10    2.00
 -85173.821     6.347     1.38    1.95
 -84798.573     6.392     0.12    1.95
 -84423.342     6.788     1.05    2.07
 -84048.128     7.074     0.76    1.96
 -83672.932     6.692    -1.02    1.90
 -83297.754     6.915     0.59    1.87
 -82922.593     7.161     0.66    1.90
 -82547.450     7.416     0.68    2.17
 -82172.324     7.779     0.97    2.22
 -81797.216     7.834     0.15    2.33
 -81422.125     8.681     2.26    3.05
 -81047.052     9.592     2.43    2.48
 -80671.996    10.074     1.28    2.20
 -80296.958    10.270     0.52    1.91
 -79921.938    10.090    -0.48    1.46
 -79546.934     9.824    -0.71    1.65
 -79171.949     9.555    -0.72    1.66
 -78796.981     9.324    -0.62    1.65
 -78422.030     9.100    -0.60    1.55
 -78047.097     9.938     2.24    2.73
 -77672.181     9.856    -0.22    3.43
 -77297.283     9.392    -1.24    3.48
 -76922.402     8.710    -1.82    2.31
 -76547.538     9.011     0.80    2.43
 -76172.693    10.188     3.14    4.33
 -75797.864    10.587     1.07    4.35
 -75423.053    10.620     0.09    4.28
 -75048.260    10.555    -0.17    4.27
 -74673.483     9.256    -3.47    2.58
 -74298.725     8.625    -1.68    2.01
 -73923.984     8.880     0.68    2.82
 -73549.260     8.756    -0.33    2.69
 -73174.553     8.642    -0.30    1.86
 -72799.864     8.370    -0.73    1.32
 -72425.193     8.416     0.12    1.30
 -72050.539     8.074    -0.91    1.55
 -71675.902     8.103     0.08    1.62
 -71301.283     7.792    -0.83    1.48
 -70926.681     7.915     0.33    2.61
 -70552.096    10.059     5.72    4.85
 -70177.529    15.702    15.07    8.67
 -69802.979    19.462    10.04    8.24
 -69428.447    20.602     3.04    8.28
 -69053.932    18.459    -5.72   10.47
 -68679.434    12.492   -15.93   11.62
 -68304.954     8.074   -11.80   10.36
 -67930.491     3.514   -12.18    5.93
 -67556.045     2.226    -3.44    1.96
 -67181.617     3.801     4.21    2.71
 -66807.206     5.811     5.37    3.33
 -66432.813     7.347     4.10    2.93
 -66058.437     8.667     3.53    2.26
 -65684.078     8.756     0.24    1.67
 -65309.737     8.417    -0.91    1.44
 -64935.412     8.370    -0.13    1.34
 -64561.106     8.915     1.46    1.53
 -64186.816     9.368     1.21    1.66
 -63812.544     9.233    -0.36    1.94
 -63438.289     8.563    -1.79    1.82
 -63064.051     8.006    -1.49    1.85
 -62689.831     7.509    -1.33    1.43
 -62315.628     7.597     0.24    1.29
 -61941.443     7.688     0.24    1.23
 -61567.274     8.321     1.69    1.89
 -61193.123     8.938     1.65    1.93
 -60818.989     9.467     1.42    1.80
 -60444.873     9.870     1.08    1.95
 -60070.773    10.206     0.90    1.85
 -59696.691    10.392     0.50    1.71
 -59322.627     9.974    -1.12    1.80
 -58948.579     9.892    -0.22    1.73
 -58574.549     9.983     0.24    1.72
 -58200.536    10.341     0.96    1.92
 -57826.540    10.483     0.38    1.51
 -57452.562    10.485     0.01    1.60
 -57078.601    10.555     0.19    1.62
 -56704.657    10.688     0.35    1.50
 -56330.730    10.661    -0.07    1.55
 -55956.821    10.801     0.38    1.45
 -55582.928    10.392    -1.09    1.73
 -55209.053    10.370    -0.06    1.56
 -54835.195    10.460     0.24    2.06
 -54461.355    10.834     1.00    2.75
 -54087.531    11.415     1.55    2.65
 -53713.725    12.100     1.83    2.69
 -53339.936    12.324     0.60    2.64
 -52966.164    11.828    -1.33    1.77
 -52592.409    11.857     0.08    1.61
 -52218.672    11.983     0.34    1.60
 -51844.952    11.811    -0.46    1.72
 -51471.248    11.665    -0.39    1.87
 -51097.562    11.392    -0.73    1.64
 -50723.894    11.324    -0.18    1.63
 -50350.242    11.067    -0.69    1.33
 -49976.608    11.067    -0.00    1.39
 -49602.990    11.006    -0.16    1.40
 -49229.390    10.741    -0.71    1.33
 -48855.807    10.915     0.47    1.30
 -48482.241    11.187     0.73    1.10
 -48108.693    11.438     0.67    0.99
 -47735.161    11.417    -0.06    1.01
 -47359.722    11.097    -0.85    0.98
 -46982.767    10.915    -0.48    0.95
 -46605.830    11.043     0.34    1.04
 -46228.910    11.665     1.65    2.05
 -45852.008    13.155     3.95    2.94
 -45475.123    15.097     5.15    3.37
 -45098.256    17.299     5.84    2.77
 -44721.406    18.301     2.66    1.54
 -44344.574    18.688     1.03    1.05
 -43967.759    18.270    -1.11    1.83
 -43590.961    18.051    -0.58    1.74
 -43214.181    18.059     0.02    1.56
 -42837.418    18.346     0.76    1.66
 -42460.673    18.801     1.21    1.44
 -42083.945    19.067     0.70    1.38
 -41707.235    18.097    -2.57    2.09
 -41330.541    17.017    -2.87    1.98
 -40953.866    16.574    -1.18    1.67
 -40577.207    17.043     1.25    1.86
 -40200.566    17.597     1.47    1.89
 -39823.943    18.113     1.37    1.88
 -39447.337    18.758     1.71    1.87
 -39070.748    19.506     1.99    2.09
 -38694.177    20.290     2.08    1.85
 -38317.622    20.857     1.51    1.68
 -37941.086    20.927     0.19    1.86
 -37564.566    21.229     0.80    1.93
 -37188.064    21.348     0.31    1.89
 -36811.580    21.592     0.65    2.09
 -36435.112    22.415     2.19    2.11
 -36058.662    23.124     1.88    2.01
 -35682.230    23.733     1.62    1.79
 -35305.815    24.090     0.95    1.64
 -34929.417    24.148     0.16    1.46
 -34553.036    24.597     1.19    1.39
 -34176.673    24.987     1.04    1.31
 -33800.327    24.974    -0.04    1.24
 -33423.998    25.671     1.85    1.56
 -33047.686    26.051     1.01    1.84
 -32671.392    26.506     1.21    1.77
 -32295.116    26.929     1.12    1.66
 -31918.856    26.892    -0.10    1.53
 -31542.614    27.532     1.70    1.97
 -31166.389    28.273     1.97    2.83
 -30790.181    29.347     2.85    3.43
 -30413.991    29.821     1.26    3.36
 -30037.818    29.614    -0.55    3.26
 -29661.662    29.671     0.15    2.27
 -29285.523    29.415    -0.68    1.78
 -28909.402    29.535     0.32    1.51
 -28533.298    29.414    -0.32    1.59
 -28157.211    28.927    -1.30    1.65
 -27781.141    28.797    -0.35    1.73
 -27405.089    28.324    -1.26    1.55
 -27029.054    28.392     0.18    1.48
 -26653.036    28.233    -0.42    1.55
 -26277.036    28.136    -0.26    1.75
 -25901.052    27.950    -0.49    2.40
 -25525.086    27.506    -1.18    2.70
 -25149.137    27.416    -0.24    2.89
 -24773.205    27.710     0.78    2.71
 -24397.291    28.509     2.12    2.28
 -24021.393    28.837     0.87    2.72
 -23645.513    28.983     0.39    2.60
 -23269.650    28.487    -1.32    3.17
 -22893.804    27.555    -2.48    3.03
 -22517.976    26.741    -2.17    2.86
 -22142.164    26.710    -0.08    3.16
 -21766.370    26.779     0.18    3.41
 -21390.593    27.957     3.14    3.79
 -21014.833    29.120     3.09    3.82
 -20639.090    30.249     3.01    3.17
 -20263.365    30.764     1.37    2.24
 -19887.656    30.279    -1.29    2.28
 -19511.965    30.120    -0.42    2.30
 -19136.291    29.788    -0.88    1.93
 -18760.634    29.229    -1.49    2.11
 -18384.994    27.927    -3.47    2.37
 -18009.372    26.857    -2.85    2.38
 -17633.766    26.029    -2.21    1.79
 -17258.178    25.206    -2.19    1.48
 -16882.606    24.459    -1.99    1.80
 -16507.052    23.741    -1.91    1.76
 -16131.515    22.630    -2.96    1.78
 -15755.995    22.043    -1.56    1.72
 -15380.492    20.950    -2.91    1.94
 -15005.006    20.142    -2.15    1.83
 -14629.538    19.097    -2.78    1.80
 -14254.086    18.188    -2.42    2.09
 -13878.652    17.324    -2.30    2.41
 -13503.234    15.845    -3.94    2.66
 -13127.834    14.665    -3.14    2.76
 -12752.451    14.233    -1.15    2.67
 -12377.084    14.665     1.15    2.45
 -12001.735    14.369    -0.79    2.76
 -11626.403    13.142    -3.27    4.32
 -11251.088    10.857    -6.09    5.36
 -10875.790     7.857    -7.99    4.55
 -10500.510     5.710    -5.72    2.59
 -10125.246     5.276    -1.16    1.75
  -9749.999     6.103     2.20    2.66
  -9374.769     9.160     8.15    5.34
  -8999.556    12.940    10.07    5.89
  -8624.361    17.625    12.49    5.28
  -8249.182    20.299     7.13    2.97
  -7874.020    21.256     2.55    2.12
  -7498.876    21.029    -0.61    2.11
  -7123.748    20.103    -2.47    2.47
  -6748.638    19.938    -0.44    2.48
  -6373.544    18.011    -5.14    3.75
  -5998.467    15.392    -6.98    6.13
  -5623.408    12.097    -8.79    8.73
  -5248.365     8.733    -8.97    9.13
  -4873.339     5.462    -8.72    8.53
  -4498.331     2.529    -7.82    5.72
  -4123.339     0.439    -5.57    3.37
  -3748.364    -0.189    -1.67    1.40
  -3373.407    -0.176     0.04    1.39
  -2998.466    -0.003     0.46    1.55
  -2623.542     0.120     0.33    1.69
  -2248.635    -0.305    -1.13    1.10
  -1873.745    -0.489    -0.49    0.55
  -1498.873    -0.489     0.00    0.55
  -1124.017    -0.398     0.24    0.71
   -749.177    -0.297     0.27    1.20
   -374.355    -0.026     0.72    1.50
      0.450     0.170     0.52    1.62
    375.238     0.392     0.59    1.62
    750.009     0.607     0.57    1.73
   1124.764     0.509    -0.26    1.71
   1499.501     0.136    -0.99    1.56
   1874.222    -0.290    -1.14    1.12
   2248.925    -0.608    -0.85    0.00
   2623.612    -0.608     0.00    0.00
   2998.282    -0.540     0.18    0.45
   3372.935     0.249     2.11    2.53
   3747.571     1.029     2.08    3.08
   4122.190     2.392     3.64    3.55
   4496.793     3.460     2.85    3.50
   4871.378     4.578     2.98    2.81
   5245.947     5.321     1.98    2.55
   5620.498     4.915    -1.08    2.36
   5995.033     4.904    -0.03    2.60
   6369.551     4.960     0.15    3.12
   6744.052     4.834    -0.34    2.95
   7118.536     4.370    -1.24    2.77
   7493.004     4.642     0.73    2.64
   7867.454     4.607    -0.10    2.33
   8241.888     4.665     0.16    2.38
   8616.305     4.881     0.58    2.72
   8990.705     4.462    -1.12    2.69
   9365.088     4.625     0.43    2.83
   9739.454     4.415    -0.56    2.63
  10113.804     4.229    -0.50    2.39
  10488.137     4.270     0.11    2.03
  10862.453     4.165    -0.28    1.40
  11236.752     4.160    -0.01    1.60
  11611.034     4.130    -0.08    1.65
  11985.299     3.997    -0.36    1.64
  12359.548     3.733    -0.70    1.68
  12733.780     3.509    -0.60    1.20
  13107.995     3.742     0.62    1.17
  13482.194     3.597    -0.39    1.19
  13856.375     3.685     0.24    1.19
  14230.540     3.583    -0.27    1.29
  14604.688     3.648     0.17    1.26
  14978.819     3.857     0.56    1.39
  15352.934     3.847    -0.03    1.59
  15727.031     3.717    -0.35    1.46
  16101.112     3.756     0.10    1.54
  16475.177     3.465    -0.78    1.51
  16849.224     2.845    -1.66    1.42
  17223.255     2.718    -0.34    1.43
  17597.269     2.178    -1.44    0.87
  17971.266     2.256     0.21    1.03
  18345.247     2.417     0.43    0.99
  18719.210     2.642     0.60    1.01
  19093.157     2.630    -0.03    1.14
  19467.088     2.938     0.82    1.30
  19841.001     2.892    -0.12    1.53
  20214.898     2.702    -0.51    1.70
  20588.779     2.801     0.27    1.54
  20962.642     2.931     0.35    1.35
  21336.489     3.642     1.90    1.92
  21710.319     4.276     1.70    1.76
  22084.132     4.346     0.19    1.63
  22457.929     4.206    -0.37    1.72
  22831.709     3.904    -0.81    1.53
  23205.473     3.688    -0.58    1.23
  23579.219     3.367    -0.86    1.29
  23952.949     3.415     0.13    1.47
  24326.663     2.824    -1.58    1.62
  24700.360     2.648    -0.47    1.66
  25074.040     2.416    -0.62    1.70
  25447.703     2.290    -0.34    1.67
  25821.350     2.392     0.27    1.54
  26194.980     2.674     0.75    1.26
  26568.593     2.811     0.37    1.20
  26942.190     2.824     0.04    1.02
  27315.771     3.051     0.61    1.10
  27692.678     3.142     0.24    1.12
  28069.593     3.234     0.24    1.28
  28446.491     3.415     0.48    1.27
  28823.372     3.439     0.06    1.21
  29200.236     3.392    -0.12    1.06
  29577.083     3.415     0.06    1.05
  29953.913     3.342    -0.19    1.04
  30330.726     3.665     0.86    1.15
  30707.523     3.777     0.30    1.14
  31084.302     3.648    -0.34    1.00
  31461.065     3.779     0.35    0.97
  31837.810     3.764    -0.04    1.02
  32214.539     3.915     0.40    1.19
  32591.251     3.892    -0.06    1.03
  32967.946     4.029     0.36    0.92
  33344.624     3.916    -0.30    0.94
  33721.285     3.870    -0.12    0.98
  34097.929     3.857    -0.03    1.03
  34474.557     3.709    -0.39    1.11
  34851.167     3.642    -0.18    1.16
  35227.761     3.879     0.63    1.21
  35604.338     4.206     0.87    1.16
  35980.898     4.324     0.31    1.21
  36357.441     4.392     0.18    1.13
  36733.967     4.506     0.30    1.04
  37110.477     4.524     0.05    0.84
  37486.969     4.551     0.07    1.06
  37863.445     4.441    -0.29    1.32
  38239.904     4.097    -0.91    1.39
  38616.346     4.113     0.04    1.42
  38992.771     3.978    -0.36    1.34
  39369.180     3.801    -0.47    1.39
  39745.571     4.008     0.55    1.33
  40121.946     4.299     0.77    1.29
  40498.304     4.555     0.68    1.23
  40874.645     4.718     0.43    1.27
  41250.970     4.801     0.22    1.34
  41627.278     4.931     0.34    1.45
  42003.568     4.892    -0.10    1.37
  42379.842     5.051     0.42    1.17
  42756.100     5.120     0.18    1.09
  43132.340     5.324     0.54    1.13
  43508.564     5.051    -0.73    1.44
  43884.771     4.801    -0.66    1.28
  44260.961     4.597    -0.54    1.20
  44637.134     4.625     0.07    1.23
  45013.291     4.741     0.31    1.41
  45389.431     4.764     0.06    1.72
  45765.554     4.665    -0.26    1.73
  46141.660     4.417    -0.66    1.48
  46517.750     4.574     0.42    1.35
  46893.823     4.904     0.88    1.36
  47269.879     6.074     3.11    3.02
  47645.919     7.256     3.14    3.69
  48021.941     8.607     3.59    3.98
  48397.947    10.029     3.78    4.41
  48773.937    11.290     3.35    4.44
  49149.909    11.870     1.54    4.01
  49525.865    12.509     1.70    3.30
  49901.804    12.857     0.93    3.12
  50277.727    13.437     1.54    2.77
  50653.633    14.742     3.47    2.25
  51029.522    15.529     2.09    1.68
  51405.394    15.831     0.81    1.23
  51781.250    16.226     1.05    1.15
  52157.089    16.671     1.19    1.01
  52532.911    16.916     0.65    1.04
  52908.717    16.915    -0.00    1.11
  53284.506    16.726    -0.50    1.13
  53660.278    16.574    -0.40    1.02
  54036.034    16.532    -0.11    0.86
  54411.773    16.602     0.19    1.01
  54787.496    16.625     0.06    1.04
  55163.201    16.442    -0.49    1.01
  55538.890    16.324    -0.31    1.00
  55914.563    16.290    -0.09    1.02
  56290.219    16.346     0.15    1.21
  56665.858    16.509     0.43    1.16
  57041.481    16.439    -0.19    1.05
  57417.086    16.551     0.30    0.96
  57792.676    16.840     0.77    1.03
  58168.249    16.960     0.32    1.13
  58543.805    17.154     0.52    1.16
  58919.344    17.160     0.01    1.07
  59294.867    17.020    -0.37    0.90
  59670.373    17.148     0.34    0.94
  60045.863    17.029    -0.32    1.04
  60421.336    16.828    -0.53    1.07
  60796.793    16.718    -0.29    1.11
  61172.233    16.695    -0.06    0.91
  61547.656    16.718     0.06    0.94
  61923.063    16.574    -0.38    1.04
  62298.453    16.340    -0.62    0.93
  62673.827    16.870     1.41    1.50
  63049.184    17.192     0.86    1.57
  63424.525    17.301     0.29    1.48
  63799.849    17.097    -0.54    1.46
  64175.156    16.511    -1.56    1.19
  64550.447    16.370    -0.38    1.02
  64925.721    16.392     0.06    0.92
  65300.979    16.756     0.97    0.99
  65676.221    17.090     0.89    1.19
  66051.445    17.346     0.68    1.13
  66426.654    17.324    -0.06    1.07
  66801.845    17.617     0.78    1.07
  67177.021    17.824     0.55    0.97
  67552.179    17.777    -0.13    0.99
  67927.321    17.462    -0.84    1.03
  68302.447    17.301    -0.43    1.05
  68677.556    17.113    -0.50    0.93
  69052.649    17.074    -0.10    1.12
  69427.725    17.129     0.15    1.13
  69802.785    16.938    -0.51    1.04
  70177.828    16.964     0.07    0.91
  70552.855    16.983     0.05    0.95
  70927.865    17.276     0.78    1.20
  71302.859    17.492     0.58    1.24
  71677.836    18.165     1.79    1.64
  72052.797    18.603     1.17    1.82
  72427.742    19.120     1.38    2.17
  72802.670    19.509     1.04    2.10
  73177.581    19.460    -0.13    1.97
  73552.476    19.299    -0.43    1.64
  73927.355    19.418     0.32    1.63
  74302.217    19.870     1.20    1.65
  74677.063    20.192     0.86    1.68
  75051.892    20.020    -0.46    1.46
  75426.705    19.983    -0.10    1.35
  75801.501    19.702    -0.75    1.16
  76176.282    19.938     0.63    1.50
  76551.045    20.682     1.99    1.61
  76925.792    21.029     0.93    1.67
  77300.523    21.462     1.16    1.67
  77675.238    21.779     0.84    1.79
  78049.936    21.210    -1.52    1.90
  78424.617    21.417     0.55    1.82
  78799.282    21.688     0.72    1.81
  79173.931    21.813     0.34    1.75
  79548.564    22.347     1.42    1.58
  79923.180    22.253    -0.25    1.83
  80297.780    21.974    -0.74    1.82
  80672.363    21.369    -1.61    1.87
  81046.930    21.033    -0.90    1.50
  81421.480    20.642    -1.04    1.45
  81796.015    20.517    -0.33    1.26
  82170.533    20.718     0.54    1.21
  82545.034    20.671    -0.12    1.44
  82919.519    20.654    -0.05    1.48
  83293.988    20.506    -0.40    1.74
  83668.441    20.017    -1.30    1.75
  84042.877    19.710    -0.82    1.54
  84417.297    19.440    -0.72    1.27
  84791.700    19.229    -0.56    1.02
  85166.087    19.321     0.24    0.84
  85540.458    19.587     0.71    1.27
  85914.813    20.460     2.33    1.89
  86289.151    21.051     1.58    1.98
  86663.473    21.297     0.66    1.72
  87037.779    21.509     0.57    2.05
  87412.068    21.462    -0.12    1.93
  87786.341    21.440    -0.06    1.71
  88160.598    21.226    -0.57    1.59
  88534.838    20.892    -0.89    1.23
  88909.062    20.978     0.23    1.30
  89283.270    21.206     0.61    1.53
  89657.462    21.548     0.91    1.61
  90031.637    21.821     0.73    1.68
  90405.796    21.892     0.19    1.47
  90779.939    21.904     0.03    1.56
  91154.066    21.892    -0.03    1.76
  91528.176    22.107     0.57    1.69
  91902.270    22.229     0.33    2.11
  92276.348    22.029    -0.54    2.17
  92650.410    21.509    -1.39    1.93
  93024.455    21.483    -0.07    2.00
  93398.484    21.811     0.88    2.06
  93772.497    22.067     0.68    1.85
  94146.494    22.154     0.23    1.75
  94520.474    22.136    -0.05    1.68
  94894.438    21.439    -1.87    1.40
  95268.386    21.370    -0.19    1.32
  95642.318    21.301    -0.18    1.24
  96016.233    21.462     0.43    1.30
  96390.133    21.974     1.37    1.30
  96764.016    22.654     1.82    1.21
  97137.883    23.154     1.34    1.21
  97511.734    23.485     0.89    1.59
  97885.568    22.870    -1.65    2.54
  98259.387    22.043    -2.21    2.94
  98633.189    20.870    -3.14    2.97
  99006.975    20.273    -1.60    1.99
  99380.745    21.011     1.97    2.43
  99754.499    21.892     2.36    2.29
 100128.236    22.648     2.02    1.98
 100501.957    22.892     0.65    1.98
 100875.663    22.578    -0.84    2.15
 101249.352    22.681     0.28    2.12
 101623.025    23.506     2.21    2.35
 101996.681    23.856     0.94    2.45
 102371.725    23.688    -0.45    2.25
 102748.604    23.857     0.45    2.36
 103125.467    23.321    -1.42    2.46
 103502.313    23.253    -0.18    2.51
 103879.143    23.011    -0.64    2.51
 104255.957    22.868    -0.38    2.33
 104632.754    21.950    -2.44    2.33
 105009.534    21.532    -1.11    2.03
 105386.298    21.136    -1.05    1.84
 105763.046    20.915    -0.59    1.77
 106139.778    20.642    -0.72    1.64
 106516.493    20.011    -1.67    1.15
 106893.191    20.020     0.02    1.05
 107269.874    20.202     0.48    1.19
 107646.539    20.440     0.63    1.31
 108023.189    20.927     1.29    1.39
 108399.822    21.154     0.60    1.32
 108776.439    21.165     0.03    1.27
 109153.039    21.532     0.97    1.32
 109529.623    21.964     1.15    1.35
 109906.191    22.043     0.21    1.33
 110282.742    22.142     0.26    1.20
 110659.277    21.983    -0.42    1.30
 111035.795    21.868    -0.30    1.25
 111412.298    21.811    -0.15    1.42
 111788.784    21.559    -0.67    1.21
 112165.253    21.726     0.44    1.20
 112541.706    21.801     0.20    1.32
 112918.143    21.964     0.43    0.97
 113294.564    21.870    -0.25    1.00
 113670.968    21.607    -0.70    0.95
 114047.356    21.559    -0.13    0.91
 114423.728    21.485    -0.20    1.04
 114800.083    21.578     0.25    1.01
 115176.422    21.915     0.89    1.28
 115552.745    22.178     0.70    1.28
 115929.051    22.416     0.63    1.28
 116305.341    23.083     1.77    1.77
 116681.615    23.253     0.45    1.71
 117057.872    23.671     1.11    1.82
 117434.114    23.856     0.49    1.75
 117810.339    23.369    -1.29    1.81
 118186.547    23.749     1.01    1.82
 118562.740    23.726    -0.06    1.95
 118938.916    23.950     0.60    2.23
 119315.076    24.392     1.17    2.18
 119691.220    25.059     1.77    2.41
 120067.347    25.654     1.58    2.25
 120443.458    25.229    -1.13    2.13
 120819.553    24.654    -1.53    2.34
 121195.632    24.067    -1.56    2.08
 121571.694    23.625    -1.17    1.60
 121947.741    23.642     0.05    1.39
 122323.771    23.642     0.00    1.22
 122699.784    23.797     0.41    1.23
 123075.782    23.892     0.25    1.37
 123451.763    24.083     0.51    1.58
 123827.728    24.487     1.08    1.65
 124203.677    24.654     0.44    1.68
 124579.610    24.856     0.54    1.69
 124955.526    25.136     0.75    1.56
 125331.427    25.124    -0.03    2.11
 125707.311    24.485    -1.70    2.48
 126083.179    24.249    -0.63    2.66
 126459.031    23.342    -2.41    2.53
 126834.866    24.074     1.95    2.96
 127210.685    25.342     3.37    2.94
 127586.489    25.726     1.02    2.82
 127962.276    26.059     0.89    2.30
 128338.047    25.821    -0.63    1.88
 128713.801    25.535    -0.76    1.86
 129089.540    25.953     1.11    2.12
 129465.262    26.438     1.29    2.25
 129840.969    27.197     2.02    2.24
 130216.659    27.779     1.55    2.00
 130592.333    27.821     0.11    1.89
 130967.991    27.542    -0.74    1.51
 131343.632    27.279    -0.70    1.35
 131719.258    27.418     0.37    1.37
 132094.867    27.726     0.82    1.54
 132470.461    27.718    -0.02    1.39
 132846.038    27.625    -0.25    1.32
 133221.599    27.642     0.05    1.42
 133597.144    28.187     1.45    1.84
 133972.673    28.165    -0.06    2.04
 134348.186    27.758    -1.08    2.61
 134723.682    26.938    -2.18    2.62
 135099.163    26.511    -1.14    2.38
 135474.627    26.734     0.59    2.48
 135850.076    27.620     2.36    2.37
 136225.508    27.879     0.69    2.11
 136600.924    27.997     0.31    2.05
 136976.325    28.253     0.68    2.28
 137351.709    28.555     0.81    2.45
 137727.077    29.279     1.93    2.61
 138102.429    29.813     1.42    2.62
 138477.765    29.188    -1.67    2.48
 138853.085    28.742    -1.19    2.19
 139228.388    28.741    -0.00    1.88
 139603.676    28.506    -0.63    1.92
 139978.948    28.563     0.15    1.95
 140354.204    28.324    -0.64    1.65
 140729.443    28.315    -0.02    1.69
 141104.667    27.938    -1.01    1.62
 141479.875    27.904    -0.09    1.87
 141855.066    27.950     0.12    2.04
 142230.242    28.415     1.24    2.02
 142605.401    28.945     1.41    1.75
 142980.545    29.120     0.47    1.58
 143355.672    29.238     0.32    1.41
 143730.784    29.369     0.35    1.65
 144105.880    30.029     1.76    1.84
 144480.959    30.392     0.97    2.09
 144856.023    30.529     0.36    2.43
 145231.070    29.945    -1.56    2.83
 145606.102    29.006    -2.50    2.94
 145981.117    28.043    -2.57    2.51
 146356.117    28.165     0.32    2.68
 146731.101    28.113    -0.14    2.49
 147106.068    28.238     0.33    2.17
 147481.020    27.665    -1.53    2.02
 147855.956    27.142    -1.39    1.37
 148230.876    26.997    -0.39    1.29
 148605.780    27.183     0.50    1.28
 148980.667    27.392     0.56    1.25
 149355.539    27.733     0.91    1.27
 149730.395    28.187     1.21    1.32
 150105.236    28.301     0.30    1.33
 150480.060    28.273    -0.08    1.15
 150854.868    28.183    -0.24    1.10
 151229.660    28.130    -0.14    1.11
 151604.437    28.270     0.37    1.19
 151979.197    28.506     0.63    1.57
 152353.942    28.692     0.50    1.56
 152728.670    28.602    -0.24    1.42
 153103.383    28.741     0.37    1.21
 153478.080    28.511    -0.61    1.09
 153852.761    28.654     0.38    1.43
 154227.426    29.392     1.97    2.03
 154602.075    30.279     2.37    2.31
 154976.708    31.124     2.26    2.17
 155351.326    31.625     1.34    1.66
 155725.927    31.702     0.21    1.79
 156100.513    31.940     0.64    1.61
 156475.082    31.695    -0.65    1.55
 156849.636    31.392    -0.81    1.55
 157224.174    30.297    -2.92    1.75
 157598.697    29.671    -1.67    1.50
 157973.203    29.160    -1.37    1.48
 158347.693    28.726    -1.16    1.57
 158722.168    28.671    -0.14    1.47
 159096.627    28.741     0.19    1.65
 159471.070    29.100     0.96    1.60
 159845.497    29.321     0.59    1.57
 160219.908    29.483     0.43    1.31
 160594.303    29.392    -0.24    1.19
 160968.683    29.439     0.12    1.13
 161343.047    29.392    -0.12    1.31
 161717.395    29.654     0.70    1.34
 162091.727    29.797     0.38    1.31
 162466.043    29.625    -0.46    1.19
 162840.344    29.555    -0.19    1.36
 163214.629    29.299    -0.68    1.49
 163588.898    29.256    -0.12    1.56
 163963.151    29.532     0.74    1.70
 164337.388    29.578     0.12    1.58
 164711.610    29.964     1.03    1.33
 165085.816    30.059     0.25    1.30
 165460.006    30.113     0.14    1.14
 165834.180    30.710     1.60    1.43
 166208.338    31.464     2.01    1.61
 166582.481    31.801     0.90    1.98
 166956.608    31.845     0.12    2.23
 167330.719    31.417    -1.14    2.26
 167704.815    30.974    -1.18    2.04
 168078.894    30.464    -1.36    1.55
 168452.958    30.202    -0.70    1.60
 168827.006    30.136    -0.17    1.77
 169201.039    30.671     1.43    2.32
 169575.056    30.974     0.81    2.34
 169949.057    31.017     0.12    2.27
 170323.042    31.438     1.12    2.18
 170697.011    31.246    -0.51    1.99
 171070.965    31.202    -0.12    2.13
 171444.903    30.997    -0.55    2.06
 171818.826    30.249    -2.00    1.44
 172192.732    30.120    -0.35    1.17
 172566.623    30.495     1.00    1.68
 172940.499    31.006     1.37    1.82
 173314.358    31.319     0.84    1.69
 173688.202    31.695     1.00    1.55
 174062.030    31.997     0.81    1.43
 174435.843    32.246     0.67    1.62
 174809.640    32.120    -0.34    1.58
 175183.421    32.213     0.25    1.59
 175557.186    32.006    -0.55    1.48
 175930.936    32.253     0.66    2.32
 176304.670    32.276     0.06    1.87
 176678.389    32.788     1.37    2.07
 177052.091    33.110     0.86    2.33
 177428.516    33.438     0.87    2.48
 177805.354    33.597     0.42    2.42
 178182.176    34.346     1.99    2.76
 178558.982    34.915     1.51    2.68
 178935.772    35.854     2.49    2.43
 179312.546    35.847    -0.02    2.07
 179689.305    35.761    -0.23    2.42
 180066.047    35.688    -0.19    2.39
 180442.773    36.160     1.25    2.88
 180819.484    36.702     1.44    3.34
 181196.179    37.210     1.35    3.37
 181572.858    37.445     0.62    3.38
 181949.521    36.915    -1.41    3.63
 182326.168    36.321    -1.58    3.36
 182702.799    35.710    -1.62    2.90
 183079.414    35.253    -1.22    2.50
 183456.014    35.033    -0.58    1.69
 183832.597    35.551     1.38    1.78
 184209.165    35.956     1.08    1.96
 184585.717    35.511    -1.18    1.95
 184962.253    34.733    -2.07    2.24
 185338.773    34.092    -1.70    2.00
 185715.277    33.506    -1.56    1.17
 186091.765    33.787     0.75    1.24
 186468.238    33.960     0.46    1.45
 186844.694    34.160     0.53    1.54
 187221.135    34.113    -0.12    1.58
 187597.560    33.811    -0.80    1.61
 187973.970    33.956     0.39    1.65
 188350.363    33.756    -0.53    1.57
 188726.740    33.441    -0.84    1.50
 189103.102    34.029     1.56    1.66
 189479.448    34.845     2.17    2.00
 189855.778    35.567     1.92    2.19
 190232.093    36.665     2.92    2.49
 190608.391    37.313     1.72    2.54
 190984.674    37.532     0.58    2.36
 191360.941    37.322    -0.56    2.40
 191737.192    36.773    -1.46    2.08
 192113.427    36.210    -1.50    2.18
 192489.647    35.546    -1.77    2.16
 192865.850    34.620    -2.46    1.95
 193242.038    34.321    -0.79    1.88
 193618.211    34.392     0.19    1.65
 193994.367    34.702     0.82    1.80
 194370.508    35.367     1.77    1.97
 194746.633    35.620     0.67    1.87
 195122.742    35.892     0.73    1.88
 195498.835    36.321     1.14    1.73
 195874.913    36.648     0.87    1.57
 196250.975    36.343    -0.81    1.75
 196627.021    35.938    -1.08    1.81
 197003.052    35.085    -2.27    1.52
 197379.066    34.718    -0.98    0.87
 197755.065    34.997     0.74    1.05
 198131.048    36.107     2.95    2.32
 198507.016    37.511     3.74    2.98
 198882.968    38.817     3.47    3.06
 199258.904    40.051     3.28    2.64
 199634.824    40.817     2.04    2.24
 200010.729    40.154    -1.76    2.77
 200386.618    39.322    -2.21    2.95
 200762.491    39.563     0.64    2.92
 201138.349    38.857    -1.88    3.06
 201514.191    38.270    -1.56    3.23
 201890.017    37.773    -1.32    3.05
 202265.828    37.020    -2.00    2.52
 202641.622    36.630    -1.04    2.25
 203017.402    36.511    -0.32    2.19
 203393.165    36.612     0.27    2.31
 203768.913    37.625     2.70    2.66
 204144.645    38.490     2.30    2.68
 204520.362    38.678     0.50    2.48
 204896.063    38.321    -0.95    2.34
 205271.748    38.559     0.63    2.47
 205647.417    38.916     0.95    2.40
 206023.071    39.797     2.34    2.35
 206398.710    40.801     2.67    1.48
 206774.332    41.113     0.83    1.49
 207149.939    41.648     1.42    2.04
 207525.531    41.807     0.42    2.41
 207901.106    40.625    -3.15    3.66
 208276.666    39.059    -4.17    4.14
 208652.211    37.011    -5.45    2.75
 209027.740    36.555    -1.21    1.85
 209403.253    36.974     1.11    2.30
 209778.751    37.090     0.31    2.31
 210154.233    36.620    -1.25    2.18
 210529.699    36.206    -1.10    1.59
 210905.150    36.607     1.07    2.32
 211280.586    37.130     1.39    2.84
 211656.005    37.416     0.76    2.69
 212031.409    37.927     1.36    2.81
 212406.798    38.648     1.92    3.19
 212782.171    39.578     2.48    3.55
 213157.528    41.107     4.07    4.04
 213532.870    41.773     1.78    3.86
 213908.196    41.974     0.53    3.51
 214283.507    41.142    -2.21    3.54
 214658.802    40.276    -2.31    3.08
 215034.082    39.741    -1.43    2.59
 215409.346    40.043     0.81    2.50
 215784.594    40.154     0.30    2.38
 216159.827    40.464     0.82    2.17
 216535.045    40.160    -0.81    2.15
 216910.247    39.709    -1.20    1.75
 217285.433    39.916     0.55    1.97
 217660.604    40.074     0.42    2.21
 218035.759    40.392     0.85    2.26
 218410.899    40.797     1.08    2.26
 218786.023    40.868     0.19    2.47
 219161.132    40.892     0.06    2.26
 219536.225    41.630     1.97    1.95
 219911.303    41.511    -0.32    1.80
 220286.365    41.490    -0.06    2.06
 220661.412    41.416    -0.20    2.36
 221036.443    41.242    -0.46    2.62
 221411.459    41.369     0.34    2.58
 221786.459    41.464     0.25    2.51
 222161.444    41.671     0.55    2.24
 222536.413    41.160    -1.36    2.34
 222911.367    40.442    -1.91    2.07
 223286.305    40.210    -0.62    1.94
 223661.228    39.929    -0.75    1.79
 224036.136    40.059     0.35    1.37
 224411.028    40.167     0.29    1.42
 224785.904    40.226     0.16    1.49
