# NaN NaN NaN ;Mean Elev.(m), Avg Gradient(m/km), RMS Gradient(m/km) - SRTM1     
#   43.042  -0.135   4.640 ;Mean Elev.(m), Avg Gradient(m/km), RMS Gradient(m/km) - ASTER GDEM
#   44.276  -0.027   1.111 ;Mean Elev.(m), Avg Gradient(m/km), RMS Gradient(m/km) - GMTED2010 
  8    44.950 52492.09259264 48.05 301.159198 -27.534025 37.834
  8    45.005 52492.09259329 48.55 301.158338 -27.530735 37.834
  8    45.060 52492.09259393 51.24 301.157478 -27.527455 37.834
  8    45.094 52492.09259458 46.88 301.156618 -27.524175 37.834
  8    45.057 52492.09259522 41.63 301.155768 -27.520895 37.834
  8    45.023 52492.09259587 39.13 301.154908 -27.517605 37.834
  8    45.006 52492.09259651 43.32 301.154048 -27.514325 37.834
  8    45.028 52492.09259715 48.07 301.153188 -27.511035 37.834
  8    45.047 52492.09259780 40.60 301.152338 -27.507755 37.834
  8    45.019 52492.09259844 42.90 301.151478 -27.504475 37.834
  8    45.068 52492.09259909 46.09 301.150618 -27.501195 37.834
  8    45.397 52492.09260489 48.59 301.142897 -27.471641 38.876
  8    45.270 52492.09260554 47.01 301.142047 -27.468361 38.876
  8    45.239 52492.09260618 45.16 301.141187 -27.465081 38.876
  8    45.264 52492.09260682 44.52 301.140327 -27.461791 38.876
  8    46.870 52492.09260747 27.23 301.139467 -27.458511 38.876
 10    45.264 52562.09262390 22.77 301.151424 -27.523299 26.950
 10    44.993 52562.09262454 21.53 301.150559 -27.520017  7.948
 10    45.015 52562.09262519 20.70 301.149699 -27.516737  7.948
 10    45.769 52562.09262583 18.65 301.148849 -27.513447  7.948
 10    45.569 52562.09262648 25.34 301.147989 -27.510167  7.948
 10    45.738 52562.09262712 27.43 301.147129 -27.506887  7.948
 10    47.566 52562.09262777 20.64 301.146269 -27.503597  7.948
 10    59.059 52562.09262841 16.59 301.145409 -27.500317  7.948
 10    59.053 52562.09262905 16.73 301.144549 -27.497037  7.948
 10    59.127 52562.09262970 18.52 301.143699 -27.493757  7.948
 10    58.933 52562.09263034 16.82 301.142839 -27.490467  7.948
 10    57.551 52562.09263099 19.98 301.141979 -27.487187  7.948
 10    45.734 52562.09263163 25.37 301.141119 -27.483907  7.948
 10    45.982 52562.09263228 21.87 301.140269 -27.480617  7.948
 10    46.122 52562.09263292 20.02 301.139409 -27.477337  7.948
 10    55.964 52562.09263357 16.56 301.138549 -27.474057  7.948
 10    45.909 52562.09263421 17.72 301.137689 -27.470767  7.948
 10    52.405 52562.09263486 16.97 301.136829 -27.467487  7.948
 10    46.230 52562.09263550 18.66 301.135979 -27.464207  7.948
 10    46.574 52562.09263615 20.80 301.135119 -27.460917  7.948
 12    45.120 52632.09258185 27.99 301.149551 -27.520296 15.244
 12    46.239 52632.09258249 26.38 301.148691 -27.517016 15.244
 12    46.096 52632.09258314 24.62 301.147831 -27.513736 15.244
 12    46.988 52632.09258378 23.56 301.146971 -27.510446 15.244
 12    58.542 52632.09258443 23.82 301.146121 -27.507166 15.244
 12    59.119 52632.09258507 21.50 301.145258 -27.503885 13.468
 12    59.699 52632.09258572 19.80 301.144398 -27.500605 13.468
 12    59.927 52632.09258636 20.41 301.143538 -27.497315 13.468
 12    59.847 52632.09258701 22.02 301.142688 -27.494035 13.468
 12    60.046 52632.09258765 20.37 301.141828 -27.490755 13.468
 12    59.719 52632.09258829 19.94 301.140968 -27.487465 13.468
 12    58.955 52632.09258894 23.33 301.140108 -27.484185 13.468
 12    58.702 52632.09258958 20.48 301.139248 -27.480905 13.468
 12    58.212 52632.09259023 20.87 301.138398 -27.477625 13.468
 12    58.282 52632.09259087 18.40 301.137538 -27.474335 13.468
 12    57.764 52632.09259152 17.95 301.136678 -27.471055 13.468
 12    56.672 52632.09259216 18.67 301.135818 -27.467765 13.468
 12    51.998 52632.09259281 22.19 301.134968 -27.464485 13.468
 12    51.905 52632.09259345 26.42 301.134108 -27.461205 13.468
 13    45.528 52667.09260366 19.72 301.143398 -27.512240 27.008
 13    45.828 52667.09260431 20.27 301.142548 -27.508960 27.008
 13    45.630 52667.09260495 18.86 301.141688 -27.505680 27.008
 13    45.513 52667.09260560 18.23 301.140828 -27.502400 27.008
 13    45.615 52667.09260624 17.83 301.139968 -27.499110 27.008
 13    56.527 52667.09260689 18.33 301.139108 -27.495830 27.008
 13    58.344 52667.09260753 17.97 301.138258 -27.492550 27.008
 13    57.100 52667.09260817 18.33 301.137398 -27.489260 27.008
 13    45.787 52667.09260882 19.32 301.136538 -27.485980 27.008
 13    45.968 52667.09260946 20.35 301.135685 -27.482696 25.225
 13    45.715 52667.09261011 21.57 301.134825 -27.479416 25.225
 13    45.604 52667.09261075 23.52 301.133965 -27.476126 25.225
 13    45.843 52667.09261140 22.88 301.133105 -27.472846 25.225
 13    46.529 52667.09261204 21.74 301.132255 -27.469566 25.225
 13    46.574 52667.09261269 29.75 301.131395 -27.466286 25.225
 14    47.110 52702.09256903 39.31 301.162603 -27.537962 38.226
 14    47.096 52702.09256967 33.59 301.161753 -27.534682 38.226
 14    47.093 52702.09257032 29.93 301.160893 -27.531392 38.226
 14    46.972 52702.09257096 26.61 301.160033 -27.528112 38.226
 14    46.974 52702.09257161 26.37 301.159173 -27.524832 38.226
 14    47.105 52702.09257225 26.78 301.158313 -27.521542 38.226
 14    47.203 52702.09257290 28.78 301.157453 -27.518262 38.226
 14    47.334 52702.09257354 37.70 301.156596 -27.514981 16.110
 14    47.573 52702.09257418 42.61 301.155736 -27.511701 16.110
 14    47.516 52702.09257483 47.36 301.154886 -27.508411 16.110
 14    47.415 52702.09257547 48.25 301.154026 -27.505131 16.110
 14    47.538 52702.09257612 44.66 301.153166 -27.501851 16.110
 14    47.767 52702.09258257 28.50 301.144586 -27.469021 16.110
 14    47.579 52702.09258321 27.56 301.143726 -27.465731 16.110
 14    47.395 52702.09258385 27.63 301.142866 -27.462451 16.110
 14    47.440 52702.09258450 27.33 301.142016 -27.459171 16.110
 14    47.733 52702.09258514 28.46 301.141156 -27.455881 16.110
 15    45.162 52737.09261492 25.50 301.148021 -27.518823 13.710
 15    45.289 52737.09261557 23.16 301.147171 -27.515543 13.710
 15    45.590 52737.09261621 22.26 301.146311 -27.512253 13.710
 15    45.769 52737.09261686 23.20 301.145451 -27.508973 13.710
 15    49.253 52737.09261750 21.01 301.144597 -27.505690 12.224
 15    45.713 52737.09261815 20.48 301.143737 -27.502410 12.224
 15    47.771 52737.09261879 19.30 301.142877 -27.499120 12.224
 15    46.064 52737.09261944 20.01 301.142017 -27.495840 12.224
 15    45.992 52737.09262008 21.00 301.141167 -27.492560 12.224
 15    45.493 52737.09262073 21.68 301.140307 -27.489270 12.224
 15    45.458 52737.09262137 24.66 301.139447 -27.485990 12.224
 15    45.568 52737.09262201 26.57 301.138587 -27.482710 12.224
 15    45.705 52737.09262266 29.04 301.137737 -27.479430 12.224
 15    45.772 52737.09262330 31.68 301.136877 -27.476140 12.224
 15    45.971 52737.09262395 31.12 301.136017 -27.472860 12.224
 15    45.855 52737.09262459 30.03 301.135157 -27.469570 12.224
 15    45.942 52737.09262524 28.62 301.134307 -27.466290 12.224
 15    47.223 52737.09262588 25.00 301.133447 -27.463010 12.224
 16    45.622 52772.09258384 19.41 301.146074 -27.517494 21.684
 16    45.512 52772.09258448 20.85 301.145214 -27.514204 21.684
 16    44.890 52772.09258513 19.40 301.144364 -27.510924 21.684
 16    45.044 52772.09258577 18.49 301.143504 -27.507644 21.684
 16    44.901 52772.09258642 18.58 301.142644 -27.504364 21.684
 16    47.100 52772.09258706 18.42 301.141784 -27.501074 21.684
 16    44.911 52772.09258771 19.44 301.140934 -27.497794 21.684
 16    45.025 52772.09258835 20.89 301.140074 -27.494514 21.684
 16    45.085 52772.09258900 19.50 301.139214 -27.491224 21.684
 16    58.157 52772.09258964 17.23 301.138354 -27.487944 21.684
 16    57.289 52772.09259029 18.58 301.137499 -27.484661 21.251
 16    45.064 52772.09259093 19.21 301.136639 -27.481381 21.251
 16    45.097 52772.09259158 18.50 301.135789 -27.478091 21.251
 16    45.398 52772.09259222 17.81 301.134929 -27.474811 21.251
 16    47.194 52772.09259287 17.44 301.134069 -27.471531 21.251
 16    51.861 52772.09259351 16.82 301.133219 -27.468241 21.251
 16    47.050 52772.09259416 19.29 301.132359 -27.464961 21.251
 17    54.354 52807.09263876 15.97 301.147260 -27.517572 17.883
 17    54.815 52807.09263940 16.43 301.146400 -27.514292 17.883
 17    55.696 52807.09264004 15.88 301.145540 -27.511002 17.883
 17    58.099 52807.09264069 15.32 301.144680 -27.507722 17.883
 17    58.109 52807.09264133 16.26 301.143825 -27.504441 15.560
 17    58.001 52807.09264198 16.09 301.142965 -27.501161 15.560
 17    58.157 52807.09264262 16.89 301.142115 -27.497871 15.560
 17    45.160 52807.09264327 21.83 301.141255 -27.494591 15.560
 17    45.688 52807.09264391 20.05 301.140395 -27.491311 15.560
 17    58.259 52807.09264456 17.93 301.139535 -27.488021 15.560
 17    45.013 52807.09264520 20.53 301.138675 -27.484741 15.560
 17    45.202 52807.09264585 21.56 301.137815 -27.481461 15.560
 17    45.336 52807.09264649 19.11 301.136965 -27.478181 15.560
 17    55.498 52807.09264714 16.86 301.136105 -27.474891 15.560
 17    45.299 52807.09264778 17.96 301.135245 -27.471611 15.560
 17    45.669 52807.09264843 17.83 301.134385 -27.468321 15.560
 17    51.692 52807.09264907 17.43 301.133535 -27.465041 15.560
 18    53.085 52842.09269687 15.75 301.150053 -27.521223  9.186
 18    55.851 52842.09269751 14.84 301.149193 -27.517933  9.186
 18    56.484 52842.09269816 15.83 301.148333 -27.514653  9.186
 18    57.717 52842.09269880 14.74 301.147473 -27.511373  9.186
 18    58.407 52842.09269944 15.14 301.146613 -27.508083  9.186
 18    58.914 52842.09270009 14.77 301.145763 -27.504803  9.186
 18    59.387 52842.09270073 14.68 301.144900 -27.501522 14.691
 18    59.719 52842.09270138 13.45 301.144040 -27.498242 14.691
 18    58.320 52842.09270202 18.31 301.143180 -27.494952 14.691
 18    45.043 52842.09270267 22.19 301.142330 -27.491672 14.691
 18    58.519 52842.09270331 18.67 301.141470 -27.488392 14.691
 18    44.950 52842.09270396 21.76 301.140610 -27.485102 14.691
 18    57.624 52842.09270460 17.70 301.139750 -27.481822 14.691
 18    44.591 52842.09270525 18.88 301.138890 -27.478542 14.691
 18    57.050 52842.09270589 16.16 301.138040 -27.475262 14.691
 18    44.617 52842.09270654 17.55 301.137180 -27.471972 14.691
 18    52.576 52842.09270718 16.87 301.136320 -27.468692 14.691
 18    50.672 52842.09270783 17.60 301.135460 -27.465412 14.691
 18    51.651 52842.09270847 17.58 301.134610 -27.462122 14.691
 19    44.807 52877.09273620 44.72 301.146423 -27.517003 32.937
 19    44.880 52877.09273685 44.98 301.145563 -27.513723 32.937
 19    44.626 52877.09273749 29.42 301.144703 -27.510443 32.937
 19    44.625 52877.09273814 23.80 301.143853 -27.507153 32.937
 19    44.503 52877.09273878 23.44 301.142993 -27.503873 32.937
 19    44.467 52877.09273943 22.94 301.142134 -27.500592 17.889
 19    44.542 52877.09274007 24.49 301.141274 -27.497312 17.889
 19    44.807 52877.09274072 25.71 301.140414 -27.494022 17.889
 19    44.719 52877.09274136 26.35 301.139554 -27.490742 17.889
 19    44.762 52877.09274200 26.61 301.138704 -27.487462 17.889
 19    44.795 52877.09274265 27.93 301.137844 -27.484172 17.889
 19    44.750 52877.09274329 31.19 301.136984 -27.480892 17.889
 19    44.719 52877.09274394 34.52 301.136124 -27.477612 17.889
 19    44.786 52877.09274458 33.44 301.135274 -27.474322 17.889
 19    44.819 52877.09274523 35.11 301.134414 -27.471042 17.889
 19    44.778 52877.09274587 33.10 301.133554 -27.467762 17.889
 19    44.867 52877.09274652 32.79 301.132694 -27.464472 17.889
 20    44.288 52912.09269235 22.91 301.154960 -27.527570 13.391
 20    44.048 52912.09269299 23.36 301.154110 -27.524290 13.391
 20    44.771 52912.09269364 23.31 301.153250 -27.521000 13.391
 20    44.639 52912.09269428 21.91 301.152390 -27.517720 13.391
 20    44.861 52912.09269493 23.03 301.151530 -27.514440 13.391
 20    44.888 52912.09269557 26.23 301.150680 -27.511150 13.391
 20    45.713 52912.09269622 25.37 301.149820 -27.507870 13.391
 20    45.146 52912.09269686 28.08 301.148960 -27.504590 13.391
 20    45.247 52912.09269751 27.40 301.148100 -27.501300 13.391
 20    45.089 52912.09269815 26.84 301.147250 -27.498020 13.391
 20    45.274 52912.09270138 31.94 301.142953 -27.481607 18.430
 20    44.979 52912.09270202 37.22 301.142103 -27.478317 18.430
 20    45.082 52912.09270266 30.25 301.141243 -27.475037 18.430
 20    45.189 52912.09270331 25.85 301.140383 -27.471757 18.430
 20    45.083 52912.09270395 21.02 301.139533 -27.468467 18.430
 20    51.212 52912.09270460 18.20 301.138673 -27.465187 18.430
 20    51.476 52912.09270524 18.19 301.137813 -27.461907 18.430
 20    45.824 52912.09270589 24.31 301.136953 -27.458627 18.430
 21    44.909 52947.09264715 29.43 301.160886 -27.536802 26.257
 21    44.475 52947.09264780 20.00 301.160026 -27.533512 26.257
 21    44.599 52947.09264844 17.52 301.159166 -27.530232 26.257
 21    44.567 52947.09264909 17.38 301.158316 -27.526952 26.257
 21    44.662 52947.09264973 17.88 301.157456 -27.523662 26.257
 21    44.682 52947.09265038 21.65 301.156596 -27.520382 26.257
 21    45.096 52947.09265102 20.61 301.155736 -27.517102 26.257
 21    45.626 52947.09265166 21.47 301.154876 -27.513812 26.257
 21    45.087 52947.09265231 25.34 301.154016 -27.510532 26.257
 21    46.723 52947.09265295 25.15 301.153158 -27.507251 11.884
 21    46.069 52947.09265360 25.09 301.152298 -27.503971 11.884
 21    59.371 52947.09265424 22.57 301.151448 -27.500681 11.884
 21    45.330 52947.09266005 27.79 301.143718 -27.471141 11.884
 21    45.222 52947.09266069 21.99 301.142868 -27.467851 11.884
 21    45.072 52947.09266133 20.65 301.142008 -27.464571 11.884
 21    45.370 52947.09266198 18.93 301.141148 -27.461291 11.884
 21    45.296 52947.09266262 21.53 301.140288 -27.458001 11.884
 23    46.221 53017.09268489 34.14 301.143259 -27.513247 34.250
 23    46.166 53017.09268553 22.26 301.142399 -27.509967 34.250
 23    46.149 53017.09268618 20.12 301.141539 -27.506677 34.250
 23    45.968 53017.09268682 20.57 301.140679 -27.503397 34.250
 23    45.768 53017.09268747 21.62 301.139829 -27.500117 34.250
 23    45.992 53017.09268811 22.14 301.138969 -27.496827 34.250
 23    45.532 53017.09268876 25.50 301.138109 -27.493547 34.250
 23    45.647 53017.09268940 27.88 301.137250 -27.490264 29.470
 23    45.954 53017.09269005 29.74 301.136400 -27.486984 29.470
 23    46.153 53017.09269069 30.13 301.135540 -27.483694 29.470
 23    46.261 53017.09269134 31.52 301.134680 -27.480414 29.470
 23    46.420 53017.09269198 33.46 301.133830 -27.477134 29.470
 23    46.436 53017.09269262 34.28 301.132970 -27.473844 29.470
 23    46.537 53017.09269327 36.95 301.132110 -27.470564 29.470
 23    46.534 53017.09269391 40.15 301.131250 -27.467284 29.470
 24    44.446 53052.09266140 18.95 301.154805 -27.528035 18.304
 24    44.319 53052.09266205 19.20 301.153945 -27.524745 18.304
 24    44.325 53052.09266269 21.57 301.153085 -27.521465 18.304
 24    44.748 53052.09266334 20.66 301.152235 -27.518185 18.304
 24    44.698 53052.09266398 22.65 301.151375 -27.514905 18.304
 24    44.615 53052.09266463 25.18 301.150515 -27.511615 18.304
 24    46.041 53052.09266527 23.80 301.149655 -27.508335 18.304
 24    44.923 53052.09266592 25.92 301.148795 -27.505055 18.304
 24    45.589 53052.09266656 23.93 301.147945 -27.501765 18.304
 24    61.650 53052.09266721 21.88 301.147085 -27.498485 18.304
 24    45.017 53052.09267043 26.85 301.142793 -27.482072 22.353
 24    44.958 53052.09267107 24.88 301.141933 -27.478782 22.353
 24    45.033 53052.09267172 19.38 301.141073 -27.475502 22.353
 24    57.909 53052.09267236 15.31 301.140223 -27.472222 22.353
 24    57.423 53052.09267301 15.26 301.139363 -27.468942 22.353
 24    56.603 53052.09267365 15.40 301.138503 -27.465652 22.353
 24    52.593 53052.09267430 16.29 301.137643 -27.462372 22.353
 24    51.451 53052.09267494 18.17 301.136783 -27.459082 22.353
 25    44.827 53087.09270303 18.44 301.132976 -27.503050 25.914
 25    44.570 53087.09270367 17.96 301.132116 -27.499770 25.914
 25    44.396 53087.09270432 17.45 301.131265 -27.496487 14.711
 25    44.366 53087.09270496 18.26 301.130405 -27.493207 14.711
 25    43.927 53087.09270561 19.91 301.129545 -27.489917 14.711
 25    44.042 53087.09270625 21.38 301.128685 -27.486637 14.711
 25    44.053 53087.09270690 23.12 301.127825 -27.483357 14.711
 25    44.606 53087.09270754 23.00 301.126975 -27.480067 14.711
 25    44.701 53087.09270819 24.08 301.126115 -27.476787 14.711
 25    45.052 53087.09270883 21.84 301.125255 -27.473507 14.711
 25    46.251 53087.09270948 21.64 301.124405 -27.470227 14.711
 26    44.877 53122.09266995 20.95 301.147756 -27.517900  9.871
 26    54.627 53122.09267059 17.25 301.146896 -27.514620  9.871
 26    55.379 53122.09267124 16.76 301.146036 -27.511330  9.871
 26    56.885 53122.09267188 15.99 301.145176 -27.508050  9.871
 26    57.829 53122.09267253 16.93 301.144316 -27.504770  9.871
 26    58.923 53122.09267317 15.65 301.143466 -27.501480  9.871
 26    58.890 53122.09267382 16.04 301.142606 -27.498200  9.871
 26    45.329 53122.09267446 22.99 301.141746 -27.494919 19.319
 26    45.738 53122.09267511 21.35 301.140886 -27.491639 19.319
 26    58.994 53122.09267575 16.22 301.140026 -27.488349 19.319
 26    45.446 53122.09267640 19.36 301.139166 -27.485069 19.319
 26    45.517 53122.09267704 21.90 301.138316 -27.481789 19.319
 26    45.292 53122.09267769 21.18 301.137456 -27.478499 19.319
 26    45.457 53122.09267833 20.20 301.136596 -27.475219 19.319
 26    45.496 53122.09267897 19.75 301.135736 -27.471939 19.319
 26    45.569 53122.09267962 18.58 301.134886 -27.468659 19.319
 26    45.528 53122.09268026 17.83 301.134026 -27.465369 19.319
 26    45.773 53122.09268091 20.10 301.133166 -27.462089 19.319
 27    45.645 53157.09272790 24.17 301.139436 -27.510550 20.301
 27    44.916 53157.09272854 23.69 301.138576 -27.507270 20.301
 27    45.148 53157.09272919 20.24 301.137716 -27.503990 20.301
 27    45.422 53157.09272983 17.54 301.136866 -27.500700 20.301
 27    55.452 53157.09273048 16.38 301.136006 -27.497420 20.301
 27    45.406 53157.09273112 19.75 301.135146 -27.494140 20.301
 27    57.225 53157.09273177 16.72 301.134286 -27.490850 20.301
 27    56.389 53157.09273241 17.56 301.133436 -27.487570 20.301
 27    45.725 53157.09273306 19.80 301.132576 -27.484290 20.301
 27    45.839 53157.09273370 19.44 301.131716 -27.481010 20.301
 27    46.228 53157.09273435 19.17 301.130856 -27.477720 20.301
 27    46.282 53157.09273499 19.56 301.129996 -27.474440 20.301
 27    46.492 53157.09273564 19.15 301.129146 -27.471160 20.301
 27    46.517 53157.09273628 22.68 301.128286 -27.467870 20.301
 28    45.084 53192.09271679 25.33 301.154025 -27.528026 32.387
 28    45.090 53192.09271744 25.42 301.153165 -27.524746 32.387
 28    44.909 53192.09271808 26.46 301.152305 -27.521466 32.387
 28    44.940 53192.09271872 35.31 301.151445 -27.518176 32.387
 28    45.117 53192.09271937 42.46 301.150585 -27.514896 32.387
 28    45.036 53192.09272001 43.34 301.149725 -27.511616 32.387
 28    44.996 53192.09272066 38.54 301.148875 -27.508326 32.387
 28    45.040 53192.09272130 38.59 301.148015 -27.505046 32.387
 28    45.045 53192.09272195 32.95 301.147159 -27.501764 40.118
 28    45.076 53192.09272259 34.92 301.146299 -27.498484 40.118
 28    45.201 53192.09272324 39.56 301.145439 -27.495194 40.118
 28    45.275 53192.09272388 44.55 301.144579 -27.491914 40.118
 28    45.232 53192.09272517 52.13 301.142869 -27.485344 40.118
 28    45.174 53192.09272582 52.58 301.142009 -27.482064 40.118
 28    45.152 53192.09272646 49.32 301.141149 -27.478784 40.118
 28    45.144 53192.09272711 49.24 301.140299 -27.475494 40.118
 28    45.183 53192.09272775 48.21 301.139439 -27.472214 40.118
 28    45.157 53192.09272839 44.51 301.138579 -27.468934 40.118
 28    45.167 53192.09272904 45.23 301.137719 -27.465644 40.118
 28    45.177 53192.09272968 39.72 301.136869 -27.462364 40.118
 28    45.325 53192.09273033 36.72 301.136009 -27.459084 40.118
 29    45.317 53227.09271910 23.98 301.150505 -27.521733 22.879
 29    45.397 53227.09271974 23.92 301.149655 -27.518453 22.879
 29    45.530 53227.09272039 23.60 301.148795 -27.515173 22.879
 29    45.567 53227.09272103 25.85 301.147935 -27.511893 22.879
 29    45.649 53227.09272168 24.29 301.147075 -27.508603 22.879
 29    46.432 53227.09272232 22.46 301.146215 -27.505323 22.879
 29    45.795 53227.09272297 22.89 301.145365 -27.502043 22.879
 29    45.737 53227.09272361 23.13 301.144505 -27.498753 22.879
 29    45.597 53227.09272426 26.73 301.143645 -27.495473 22.879
 29    46.066 53227.09272490 26.34 301.142792 -27.492190 25.782
 29    46.103 53227.09272554 26.79 301.141932 -27.488910 25.782
 29    45.558 53227.09272619 32.60 301.141072 -27.485620 25.782
 29    45.796 53227.09272683 37.52 301.140212 -27.482340 25.782
 29    45.836 53227.09272748 41.82 301.139362 -27.479060 25.782
 29    45.730 53227.09272812 34.83 301.138502 -27.475770 25.782
 29    45.698 53227.09272877 29.44 301.137642 -27.472490 25.782
 29    45.591 53227.09272941 25.27 301.136782 -27.469210 25.782
 29    45.479 53227.09273006 23.51 301.135932 -27.465930 25.782
 29    45.544 53227.09273070 21.93 301.135072 -27.462640 25.782
 30    44.830 53262.09269541 21.76 301.138164 -27.507871 30.352
 30    44.274 53262.09269606 23.53 301.137314 -27.504591 30.352
 30    43.728 53262.09269670 24.47 301.136454 -27.501311 30.352
 30    43.763 53262.09269735 26.68 301.135594 -27.498021 30.352
 30    43.809 53262.09269799 28.62 301.134734 -27.494741 30.352
 30    43.958 53262.09269864 29.26 301.133878 -27.491457 24.764
 30    45.415 53262.09269928 28.62 301.133018 -27.488177 24.764
 30    44.568 53262.09269993 28.98 301.132168 -27.484887 24.764
 30    44.036 53262.09270057 29.68 301.131308 -27.481607 24.764
 30    43.971 53262.09270122 29.18 301.130448 -27.478327 24.764
 30    44.048 53262.09270186 28.98 301.129598 -27.475047 24.764
 30    44.456 53262.09270251 28.50 301.128738 -27.471757 24.764
 30    44.566 53262.09270315 38.08 301.127878 -27.468477 24.764
 31    44.920 53297.09273143 19.24 301.136544 -27.507300 10.164
 31    48.944 53297.09273208 17.50 301.135684 -27.504020 10.164
 31    52.189 53297.09273272 16.33 301.134823 -27.500738 14.765
 31    55.097 53297.09273336 15.48 301.133963 -27.497458 14.765
 31    56.675 53297.09273401 15.75 301.133103 -27.494168 14.765
 31    57.607 53297.09273465 15.71 301.132253 -27.490888 14.765
 31    57.137 53297.09273530 15.46 301.131393 -27.487608 14.765
 31    44.081 53297.09273594 20.14 301.130533 -27.484318 14.765
 31    44.059 53297.09273659 19.53 301.129673 -27.481038 14.765
 31    42.850 53297.09273723 22.89 301.128813 -27.477758 14.765
 31    43.509 53297.09273788 21.05 301.127963 -27.474478 14.765
 31    43.294 53297.09273852 22.12 301.127103 -27.471188 14.765
 32    46.671 53332.09270122 25.47 301.146923 -27.516961 32.399
 32    46.552 53332.09270186 24.30 301.146063 -27.513671 32.399
 32    46.736 53332.09270251 22.62 301.145203 -27.510391 32.399
 32    46.749 53332.09270315 22.05 301.144343 -27.507111 32.399
 32    46.683 53332.09270380 22.05 301.143493 -27.503821 32.399
 32    46.748 53332.09270444 22.30 301.142633 -27.500541 32.399
 32    46.925 53332.09270509 22.55 301.141777 -27.497258 28.163
 32    46.889 53332.09270573 24.32 301.140917 -27.493978 28.163
 32    46.927 53332.09270637 25.72 301.140057 -27.490688 28.163
 32    46.859 53332.09270702 26.80 301.139197 -27.487408 28.163
 32    46.803 53332.09270766 30.24 301.138347 -27.484128 28.163
 32    46.896 53332.09270831 33.80 301.137487 -27.480848 28.163
 32    47.104 53332.09270895 37.68 301.136627 -27.477558 28.163
 32    47.045 53332.09270960 42.71 301.135767 -27.474278 28.163
 32    47.063 53332.09271024 42.82 301.134917 -27.470998 28.163
 32    47.128 53332.09271089 43.58 301.134057 -27.467708 28.163
 32    47.188 53332.09271153 41.35 301.133197 -27.464428 28.163
 33    46.134 53367.09264684 23.66 301.146465 -27.516047 27.919
 33    46.000 53367.09264748 22.83 301.145605 -27.512767 27.919
 33    45.909 53367.09264813 25.18 301.144745 -27.509477 27.919
 33    45.958 53367.09264877 23.61 301.143895 -27.506197 27.919
 33    45.987 53367.09264942 21.23 301.143035 -27.502917 27.919
 33    45.899 53367.09265006 21.03 301.142175 -27.499627 27.919
 33    46.132 53367.09265071 22.87 301.141315 -27.496347 27.919
 33    46.376 53367.09265135 22.48 301.140457 -27.493063 29.026
 33    45.962 53367.09265200 24.14 301.139607 -27.489783 29.026
 33    46.181 53367.09265264 26.67 301.138747 -27.486493 29.026
 33    46.268 53367.09265328 31.26 301.137887 -27.483213 29.026
 33    46.255 53367.09265393 34.42 301.137027 -27.479933 29.026
 33    46.245 53367.09265457 36.60 301.136177 -27.476653 29.026
 33    46.241 53367.09265522 37.20 301.135317 -27.473363 29.026
 33    46.236 53367.09265586 39.04 301.134457 -27.470083 29.026
 33    46.314 53367.09265651 37.19 301.133607 -27.466803 29.026
 33    46.260 53367.09265715 35.25 301.132747 -27.463513 29.026
 35    45.991 53437.09266412 22.45 301.145620 -27.514937 19.172
 35    46.063 53437.09266476 18.22 301.144760 -27.511647 19.172
 35    45.458 53437.09266541 18.22 301.143900 -27.508367 19.172
 35    50.978 53437.09266605 16.95 301.143050 -27.505087 19.172
 35    57.507 53437.09266669 16.75 301.142190 -27.501797 19.172
 35    57.731 53437.09266734 16.04 301.141330 -27.498517 19.172
 35    45.207 53437.09266798 19.66 301.140480 -27.495233 21.150
 35    45.143 53437.09266863 20.33 301.139620 -27.491953 21.150
 35    57.759 53437.09266927 18.51 301.138760 -27.488663 21.150
 35    45.262 53437.09266992 20.97 301.137900 -27.485383 21.150
 35    45.480 53437.09267056 20.67 301.137050 -27.482103 21.150
 35    45.187 53437.09267121 22.23 301.136190 -27.478823 21.150
 35    45.299 53437.09267185 21.35 301.135330 -27.475533 21.150
 35    46.214 53437.09267250 19.88 301.134470 -27.472253 21.150
 35    46.825 53437.09267314 19.40 301.133620 -27.468973 21.150
 35    47.147 53437.09267379 23.37 301.132760 -27.465683 21.150
 36    46.089 53472.09271692 24.86 301.143703 -27.512508 18.379
 36    46.002 53472.09271757 21.23 301.142843 -27.509218 18.379
 36    57.314 53472.09271821 18.02 301.141993 -27.505938 18.379
 36    58.744 53472.09271886 16.12 301.141132 -27.502657 15.684
 36    59.219 53472.09271950 15.02 301.140272 -27.499377 15.684
 36    59.328 53472.09272015 15.58 301.139412 -27.496087 15.684
 36    59.389 53472.09272079 15.11 301.138562 -27.492807 15.684
 36    59.872 53472.09272143 15.56 301.137702 -27.489527 15.684
 36    59.802 53472.09272208 15.55 301.136842 -27.486237 15.684
 36    58.252 53472.09272272 16.39 301.135982 -27.482957 15.684
 36    57.853 53472.09272337 17.48 301.135122 -27.479677 15.684
 36    57.032 53472.09272401 18.77 301.134272 -27.476387 15.684
 36    56.827 53472.09272466 17.84 301.133412 -27.473107 15.684
 36    53.906 53472.09272530 20.75 301.132552 -27.469827 15.684
 36    47.292 53472.09272595 24.03 301.131692 -27.466537 15.684
 37    50.758 53507.09274790 19.90 301.142555 -27.511860 24.310
 37    57.570 53507.09274855 17.77 301.141695 -27.508570 24.310
 37    58.193 53507.09274919 17.75 301.140835 -27.505290 24.310
 37    58.366 53507.09274984 18.33 301.139985 -27.502010 24.310
 37    57.478 53507.09275048 18.45 301.139125 -27.498720 24.310
 37    58.780 53507.09275113 18.68 301.138265 -27.495440 24.310
 37    58.601 53507.09275177 20.05 301.137411 -27.492158 19.653
 37    58.365 53507.09275241 20.85 301.136551 -27.488878 19.653
 37    56.922 53507.09275306 21.73 301.135691 -27.485588 19.653
 37    45.015 53507.09275370 23.41 301.134831 -27.482308 19.653
 37    44.924 53507.09275435 24.65 301.133981 -27.479028 19.653
 37    44.981 53507.09275499 25.16 301.133121 -27.475738 19.653
 37    44.971 53507.09275564 25.44 301.132261 -27.472458 19.653
 37    47.208 53507.09275628 23.69 301.131401 -27.469178 19.653
 37    47.355 53507.09275693 24.85 301.130551 -27.465898 19.653
 38    45.846 53542.09275501 22.35 301.141507 -27.511739 30.270
 38    45.599 53542.09275565 22.00 301.140657 -27.508449 30.270
 38    45.589 53542.09275630 20.84 301.139797 -27.505169 30.270
 38    49.925 53542.09275694 17.66 301.138941 -27.501886 18.246
 38    56.736 53542.09275759 16.14 301.138081 -27.498606 18.246
 38    45.654 53542.09275823 19.21 301.137221 -27.495316 18.246
 38    54.817 53542.09275888 18.84 301.136361 -27.492036 18.246
 38    56.862 53542.09275952 18.62 301.135511 -27.488756 18.246
 38    46.206 53542.09276017 20.72 301.134651 -27.485466 18.246
 38    46.307 53542.09276081 22.11 301.133791 -27.482186 18.246
 38    46.084 53542.09276146 23.48 301.132931 -27.478906 18.246
 38    46.020 53542.09276210 23.59 301.132081 -27.475626 18.246
 38    46.226 53542.09276274 22.33 301.131221 -27.472336 18.246
 38    46.447 53542.09276339 21.93 301.130361 -27.469056 18.246
 39    44.599 53577.09274240 40.64 301.141089 -27.510373 31.601
 39    44.733 53577.09274305 40.07 301.140229 -27.507093 31.601
 39    44.805 53577.09274369 39.63 301.139379 -27.503813 31.601
 39    44.972 53577.09274434 39.72 301.138519 -27.500523 31.601
 39    44.944 53577.09274498 41.02 301.137659 -27.497243 31.601
 39    45.002 53577.09274563 39.81 301.136808 -27.493959 19.925
 39    44.970 53577.09274627 37.72 301.135948 -27.490679 19.925
 39    44.887 53577.09274692 36.67 301.135088 -27.487389 19.925
 39    45.018 53577.09274756 36.56 301.134228 -27.484109 19.925
 39    44.908 53577.09274820 37.12 301.133378 -27.480829 19.925
 39    44.784 53577.09274885 37.76 301.132518 -27.477539 19.925
 39    44.871 53577.09274949 36.37 301.131658 -27.474259 19.925
 39    45.093 53577.09275014 35.88 301.130798 -27.470979 19.925
 39    45.164 53577.09275078 36.50 301.129948 -27.467689 19.925
 40    45.022 53612.09269437 16.12 301.139509 -27.510807 11.548
 40    56.410 53612.09269502 13.98 301.138649 -27.507527 11.548
 40    56.639 53612.09269566 13.34 301.137799 -27.504247 11.548
 40    57.411 53612.09269631 13.34 301.136939 -27.500957 11.548
 40    57.876 53612.09269695 13.35 301.136079 -27.497677 11.548
 40    57.698 53612.09269760 15.79 301.135222 -27.494394 15.473
 40    57.587 53612.09269824 15.09 301.134372 -27.491114 15.473
 40    58.540 53612.09269889 12.65 301.133512 -27.487824 15.473
 40    57.371 53612.09269953 13.59 301.132652 -27.484544 15.473
 40    56.841 53612.09270018 13.33 301.131792 -27.481264 15.473
 40    56.324 53612.09270082 13.91 301.130942 -27.477974 15.473
 40    53.297 53612.09270147 16.32 301.130082 -27.474694 15.473
 40    46.172 53612.09270211 17.44 301.129222 -27.471414 15.473
 40    46.304 53612.09270276 17.96 301.128362 -27.468134 15.473
 41    52.892 53647.09269610 16.30 301.152335 -27.525607 10.805
 41    53.624 53647.09269674 17.57 301.151475 -27.522317 10.805
 41    55.343 53647.09269739 18.24 301.150625 -27.519037 10.805
 41    56.225 53647.09269803 18.21 301.149765 -27.515757 10.805
 41    58.004 53647.09269867 16.61 301.148905 -27.512467 10.805
 41    58.917 53647.09269932 16.89 301.148045 -27.509187 10.805
 41    58.900 53647.09269996 17.37 301.147185 -27.505907 10.805
 41    59.439 53647.09270061 17.43 301.146325 -27.502617 10.805
 41    59.693 53647.09270125 17.59 301.145475 -27.499337 10.805
 41    59.721 53647.09270190 18.21 301.144613 -27.496055 15.697
 41    55.320 53647.09270254 25.67 301.143753 -27.492775 15.697
 41    45.672 53647.09270319 27.45 301.142893 -27.489485 15.697
 41    58.664 53647.09270383 21.59 301.142043 -27.486205 15.697
 41    58.071 53647.09270448 24.22 301.141183 -27.482925 15.697
 41    58.737 53647.09270512 19.43 301.140323 -27.479635 15.697
 41    58.691 53647.09270577 18.67 301.139463 -27.476355 15.697
 41    59.448 53647.09270641 17.98 301.138603 -27.473075 15.697
 41    59.073 53647.09270706 17.42 301.137753 -27.469795 15.697
 41    58.464 53647.09270770 17.58 301.136893 -27.466505 15.697
 41    57.767 53647.09270834 17.57 301.136033 -27.463225 15.697
 41    46.287 53647.09270899 23.12 301.135173 -27.459935 15.697
 42    47.336 53682.09271528 31.10 301.138080 -27.508506 40.969
 42    47.244 53682.09271593 29.32 301.137230 -27.505226 40.969
 42    47.221 53682.09271657 26.80 301.136370 -27.501936 40.969
 42    47.299 53682.09271722 22.42 301.135510 -27.498656 40.969
 42    47.003 53682.09271786 21.12 301.134657 -27.495372 25.833
 42    46.772 53682.09271850 21.25 301.133797 -27.492092 25.833
 42    46.572 53682.09271915 24.52 301.132937 -27.488802 25.833
 42    47.299 53682.09271979 22.92 301.132077 -27.485522 25.833
 42    46.736 53682.09272044 23.19 301.131217 -27.482242 25.833
 42    47.407 53682.09272108 24.88 301.130367 -27.478962 25.833
 42    47.329 53682.09272173 25.70 301.129507 -27.475672 25.833
 42    47.423 53682.09272237 26.51 301.128647 -27.472392 25.833
 42    47.639 53682.09272302 33.04 301.127797 -27.469112 25.833
 43    45.905 53717.09264046 17.08 301.148282 -27.518972 16.138
 43    45.563 53717.09264111 18.04 301.147422 -27.515692 16.138
 43    55.817 53717.09264175 15.11 301.146562 -27.512412 16.138
 43    54.397 53717.09264240 15.67 301.145702 -27.509122 16.138
 43    58.205 53717.09264304 15.61 301.144842 -27.505842 16.138
 43    58.631 53717.09264369 15.59 301.143992 -27.502562 16.138
 43    59.065 53717.09264433 15.35 301.143132 -27.499272 16.138
 43    58.958 53717.09264497 15.82 301.142272 -27.495992 16.138
 43    45.621 53717.09264562 21.27 301.141413 -27.492708 19.747
 43    46.474 53717.09264626 20.10 301.140563 -27.489428 19.747
 43    58.387 53717.09264691 16.91 301.139703 -27.486138 19.747
 43    45.608 53717.09264755 20.32 301.138843 -27.482858 19.747
 43    57.512 53717.09264820 18.06 301.137983 -27.479578 19.747
 43    45.441 53717.09264884 19.15 301.137133 -27.476288 19.747
 43    45.753 53717.09264949 17.60 301.136273 -27.473008 19.747
 43    51.573 53717.09265013 17.08 301.135413 -27.469728 19.747
 43    46.822 53717.09265078 17.96 301.134553 -27.466448 19.747
 43    47.041 53717.09265142 19.43 301.133703 -27.463158 19.747
 44    46.126 53752.09255584 19.99 301.161257 -27.537728  7.298
 44    45.609 53752.09255649 16.91 301.160397 -27.534448  7.298
 44    45.429 53752.09255713 16.96 301.159537 -27.531168  7.298
 44    48.850 53752.09255778 16.04 301.158677 -27.527878  7.298
 44    51.111 53752.09255842 15.83 301.157817 -27.524598  7.298
 44    50.849 53752.09255907 17.77 301.156957 -27.521308  7.298
 44    56.472 53752.09255971 18.28 301.156097 -27.518028  7.298
 44    57.291 53752.09256036 17.80 301.155247 -27.514748  7.298
 44    57.533 53752.09256100 18.29 301.154387 -27.511468  7.298
 44    45.877 53752.09256165 22.39 301.153527 -27.508178  7.298
 44    46.674 53752.09256229 23.34 301.152667 -27.504898  7.298
 44    61.252 53752.09256294 16.42 301.151807 -27.501618  7.298
 44    58.993 53752.09256938 16.11 301.143225 -27.468786 12.142
 44    58.555 53752.09257003 15.67 301.142375 -27.465506 12.142
 44    52.809 53752.09257067 18.50 301.141515 -27.462216 12.142
 44    52.272 53752.09257132 18.01 301.140655 -27.458936 12.142
 44    46.189 53752.09257196 21.10 301.139795 -27.455646 12.142
 45    44.646 53787.09258861 18.95 301.152093 -27.525255 17.412
 45    44.787 53787.09258925 17.17 301.151243 -27.521965 17.412
 45    44.706 53787.09258990 16.74 301.150383 -27.518685 17.412
 45    54.280 53787.09259054 17.45 301.149523 -27.515405 17.412
 45    51.435 53787.09259119 18.21 301.148663 -27.512115 17.412
 45    44.828 53787.09259183 19.33 301.147803 -27.508835 17.412
 45    46.615 53787.09259248 18.64 301.146953 -27.505555 17.412
 45    45.370 53787.09259312 18.39 301.146093 -27.502265 17.412
 45    59.625 53787.09259377 15.24 301.145233 -27.498985 17.412
 45    45.036 53787.09259441 21.09 301.144379 -27.495702 14.895
 45    44.985 53787.09259505 28.99 301.143519 -27.492422 14.895
 45    45.682 53787.09259570 23.99 301.142659 -27.489132 14.895
 45    45.191 53787.09259634 22.63 301.141799 -27.485852 14.895
 45    45.379 53787.09259699 22.34 301.140949 -27.482572 14.895
 45    58.079 53787.09259763 17.69 301.140089 -27.479282 14.895
 45    57.933 53787.09259828 15.72 301.139229 -27.476002 14.895
 45    57.910 53787.09259892 15.13 301.138369 -27.472722 14.895
 45    56.468 53787.09259957 16.86 301.137519 -27.469442 14.895
 45    56.097 53787.09260021 16.21 301.136659 -27.466152 14.895
 45    45.802 53787.09260086 18.80 301.135799 -27.462872 14.895
 45    45.990 53787.09260150 20.31 301.134939 -27.459582 14.895
 46    46.203 53822.09254512 25.81 301.145337 -27.516269 20.630
 46    46.198 53822.09254576 24.07 301.144477 -27.512979 20.630
 46    46.219 53822.09254640 20.91 301.143617 -27.509699 20.630
 46    46.370 53822.09254705 20.42 301.142757 -27.506419 20.630
 46    46.280 53822.09254769 20.53 301.141907 -27.503129 20.630
 46    46.389 53822.09254834 20.40 301.141047 -27.499849 20.630
 46    46.566 53822.09254898 19.74 301.140187 -27.496569 20.630
 46    46.291 53822.09254963 19.47 301.139327 -27.493279 20.630
 46    46.393 53822.09255027 20.10 301.138477 -27.489999 20.630
 46    46.425 53822.09255092 21.38 301.137617 -27.486719 20.630
 46    46.535 53822.09255156 23.35 301.136757 -27.483429 20.630
 46    46.582 53822.09255221 24.94 301.135907 -27.480149 20.630
 46    46.539 53822.09255285 27.44 301.135047 -27.476864 27.882
 46    46.731 53822.09255350 27.17 301.134187 -27.473584 27.882
 46    46.820 53822.09255414 28.73 301.133337 -27.470294 27.882
 46    46.806 53822.09255479 29.28 301.132477 -27.467014 27.882
 46    46.837 53822.09255543 31.96 301.131617 -27.463734 27.882
 47    45.804 53857.09263726 21.44 301.142538 -27.511617 16.842
 47    45.764 53857.09263791 17.81 301.141688 -27.508327 16.842
 47    51.504 53857.09263855 16.42 301.140828 -27.505047 16.842
 47    56.893 53857.09263920 16.34 301.139968 -27.501767 16.842
 47    57.414 53857.09263984 14.53 301.139108 -27.498477 16.842
 47    58.440 53857.09264049 14.98 301.138248 -27.495197 16.842
 47    58.233 53857.09264113 15.86 301.137388 -27.491917 16.842
 47    57.690 53857.09264178 16.65 301.136538 -27.488627 16.842
 47    58.039 53857.09264242 14.76 301.135678 -27.485347 16.842
 47    57.965 53857.09264307 14.71 301.134822 -27.482064 22.977
 47    57.506 53857.09264371 14.41 301.133962 -27.478784 22.977
 47    56.558 53857.09264435 14.56 301.133102 -27.475494 22.977
 47    56.062 53857.09264500 15.22 301.132242 -27.472214 22.977
 47    50.938 53857.09264564 16.83 301.131392 -27.468934 22.977
 47    46.514 53857.09264629 19.58 301.130532 -27.465654 22.977
 48    45.285 53892.09264682 32.43 301.154984 -27.527600 34.110
 48    45.327 53892.09264746 27.54 301.154134 -27.524320 34.110
 48    45.113 53892.09264811 29.49 301.153274 -27.521040 34.110
 48    45.277 53892.09264875 34.67 301.152414 -27.517750 34.110
 48    45.392 53892.09264940 41.14 301.151554 -27.514470 34.110
 48    45.466 53892.09265004 44.18 301.150694 -27.511190 34.110
 48    45.419 53892.09265069 46.43 301.149844 -27.507900 34.110
 48    45.353 53892.09265133 40.84 301.148984 -27.504620 34.110
 48    45.400 53892.09265197 38.42 301.148125 -27.501339 18.738
 48    45.334 53892.09265262 41.06 301.147265 -27.498059 18.738
 48    45.555 53892.09265584 29.69 301.142975 -27.481639 18.738
 48    45.452 53892.09265649 27.75 301.142115 -27.478359 18.738
 48    45.367 53892.09265713 27.49 301.141265 -27.475079 18.738
 48    45.355 53892.09265778 27.36 301.140405 -27.471789 18.738
 48    45.380 53892.09265842 28.21 301.139545 -27.468509 18.738
 48    45.435 53892.09265907 28.60 301.138685 -27.465219 18.738
 48    45.576 53892.09265971 26.82 301.137835 -27.461939 18.738
 48    45.928 53892.09266036 27.84 301.136975 -27.458659 18.738
 49    44.699 53927.09271316 20.44 301.132737 -27.502393 15.360
 49    43.485 53927.09271380 21.37 301.131877 -27.499113 15.360
 49    43.473 53927.09271445 22.97 301.131017 -27.495833 15.360
 49    43.670 53927.09271509 23.93 301.130167 -27.492543 15.360
 49    44.001 53927.09271574 23.57 301.129307 -27.489263 15.360
 49    44.246 53927.09271638 24.00 301.128452 -27.485980 25.731
 49    44.292 53927.09271703 25.03 301.127592 -27.482700 25.731
 49    44.235 53927.09271767 24.73 301.126732 -27.479410 25.731
 49    44.305 53927.09271832 23.52 301.125872 -27.476130 25.731
 49    44.362 53927.09271896 24.76 301.125022 -27.472850 25.731
 49    46.293 53927.09271961 24.71 301.124162 -27.469570 25.731
 50    49.590 53962.09269715 14.74 301.134918 -27.504570  8.501
 50    55.384 53962.09269779 13.25 301.134058 -27.501290  8.501
 50    55.047 53962.09269844 14.04 301.133198 -27.498000  8.501
 50    57.707 53962.09269908 13.71 301.132338 -27.494720  8.501
 50    56.349 53962.09269972 14.87 301.131488 -27.491440  8.501
 50    56.051 53962.09270037 15.13 301.130628 -27.488150  8.501
 50    56.173 53962.09270101 14.57 301.129768 -27.484870  8.501
 50    54.761 53962.09270166 16.52 301.128910 -27.481585 19.716
 50    51.779 53962.09270230 16.70 301.128060 -27.478305 19.716
 50    46.252 53962.09270295 16.24 301.127200 -27.475015 19.716
 50    46.166 53962.09270359 20.05 301.126340 -27.471735 19.716
 50    46.301 53962.09270424 24.88 301.125480 -27.468455 19.716
 51    44.236 53997.09263465 19.59 301.158190 -27.532509 17.974
 51    44.360 53997.09263530 20.75 301.157330 -27.529229 17.974
 51    44.581 53997.09263594 19.21 301.156470 -27.525939 17.974
 51    44.492 53997.09263659 20.70 301.155610 -27.522659 17.974
 51    44.814 53997.09263723 20.31 301.154750 -27.519379 17.974
 51    44.819 53997.09263787 19.75 301.153890 -27.516089 17.974
 51    44.924 53997.09263852 22.42 301.153030 -27.512809 17.974
 51    44.991 53997.09263916 31.66 301.152180 -27.509529 17.974
 51    45.092 53997.09263981 30.59 301.151320 -27.506249 17.974
 51    46.459 53997.09264045 30.45 301.150460 -27.502959 17.974
 51    45.174 53997.09264110 24.76 301.149600 -27.499679 17.974
 51    45.215 53997.09264626 42.66 301.142734 -27.473418 22.531
 51    45.228 53997.09264690 27.92 301.141874 -27.470128 22.531
 51    45.077 53997.09264754 20.74 301.141014 -27.466848 22.531
 51    45.099 53997.09264819 20.94 301.140154 -27.463568 22.531
 51    45.265 53997.09264883 21.87 301.139304 -27.460288 22.531
 51    45.332 53997.09264948 21.82 301.138444 -27.456998 22.531
 52    45.569 54032.09268758 30.28 301.153685 -27.527778 14.814
 52    45.603 54032.09268823 24.19 301.152835 -27.524498 14.814
 52    45.419 54032.09268887 23.71 301.151975 -27.521218 14.814
 52    45.512 54032.09268952 23.74 301.151115 -27.517928 14.814
 52    45.587 54032.09269016 27.04 301.150255 -27.514648 14.814
 52    45.543 54032.09269080 29.59 301.149395 -27.511368 14.814
 52    45.826 54032.09269145 26.52 301.148535 -27.508078 14.814
 52    45.703 54032.09269209 27.42 301.147685 -27.504798 14.814
 52    45.696 54032.09269274 29.20 301.146825 -27.501518 14.814
 52    45.718 54032.09269338 32.95 301.145965 -27.498228 14.814
 52    45.739 54032.09269403 37.35 301.145105 -27.494948 14.814
 52    45.758 54032.09269467 39.88 301.144245 -27.491668 14.814
 52    45.737 54032.09269596 39.83 301.142535 -27.485098 14.814
 52    45.741 54032.09269661 37.47 301.141678 -27.481814 20.643
 52    45.785 54032.09269725 35.91 301.140818 -27.478534 20.643
 52    45.595 54032.09269790 34.06 301.139958 -27.475244 20.643
 52    45.660 54032.09269854 31.77 301.139098 -27.471964 20.643
 52    45.583 54032.09269919 29.75 301.138248 -27.468684 20.643
 52    45.472 54032.09269983 28.63 301.137388 -27.465404 20.643
 52    45.634 54032.09270047 27.49 301.136528 -27.462114 20.643
 52    45.764 54032.09270112 26.81 301.135668 -27.458834 20.643
 53    45.567 54067.09268231 21.37 301.149403 -27.521203 10.170
 53    45.552 54067.09268295 21.65 301.148543 -27.517913 10.170
 53    45.614 54067.09268359 20.63 301.147683 -27.514633 10.170
 53    45.758 54067.09268424 20.82 301.146823 -27.511343 10.170
 53    45.973 54067.09268488 21.13 301.145973 -27.508063 10.170
 53    57.828 54067.09268553 18.40 301.145113 -27.504783 10.170
 53    59.204 54067.09268617 15.61 301.144253 -27.501503 10.170
 53    59.440 54067.09268682 14.92 301.143393 -27.498213 10.170
 53    59.676 54067.09268746 14.17 301.142543 -27.494933 10.170
 53    59.104 54067.09268811 16.14 301.141683 -27.491653 10.170
 53    58.988 54067.09268875 16.18 301.140823 -27.488363 10.170
 53    45.940 54067.09268940 20.85 301.139963 -27.485083 10.170
 53    45.999 54067.09269004 21.95 301.139102 -27.481798 16.823
 53    56.584 54067.09269069 19.09 301.138252 -27.478518 16.823
 53    57.370 54067.09269133 16.53 301.137392 -27.475238 16.823
 53    57.000 54067.09269198 16.11 301.136532 -27.471948 16.823
 53    56.648 54067.09269262 15.10 301.135672 -27.468668 16.823
 53    55.589 54067.09269326 14.95 301.134822 -27.465388 16.823
 53    51.320 54067.09269391 17.27 301.133962 -27.462098 16.823
 54    46.411 54102.09264512 22.64 301.142158 -27.510160 27.203
 54    46.266 54102.09264576 22.61 301.141298 -27.506870 27.203
 54    46.176 54102.09264641 22.49 301.140448 -27.503590 27.203
 54    46.309 54102.09264705 21.20 301.139588 -27.500310 27.203
 54    46.613 54102.09264770 18.87 301.138728 -27.497030 27.203
 54    46.673 54102.09264834 19.28 301.137868 -27.493740 27.203
 54    47.688 54102.09264899 19.12 301.137018 -27.490460 27.203
 54    46.580 54102.09264963 20.09 301.136158 -27.487180 27.203
 54    46.660 54102.09265028 19.75 301.135298 -27.483890 27.203
 54    47.027 54102.09265092 20.20 301.134438 -27.480610 27.203
 54    47.011 54102.09265157 18.57 301.133584 -27.477326 24.131
 54    46.726 54102.09265221 19.28 301.132724 -27.474046 24.131
 54    46.778 54102.09265286 20.41 301.131874 -27.470756 24.131
 54    47.011 54102.09265350 24.64 301.131014 -27.467476 24.131
 55    48.249 54137.09261049 44.14 301.149559 -27.522079 26.644
 55    48.256 54137.09261114 39.08 301.148699 -27.518799 26.644
 55    48.176 54137.09261178 31.86 301.147839 -27.515519 26.644
 55    47.968 54137.09261243 29.38 301.146979 -27.512229 26.644
 55    47.954 54137.09261307 26.97 301.146129 -27.508949 26.644
 55    47.643 54137.09261372 25.60 301.145269 -27.505669 26.644
 55    47.834 54137.09261436 24.26 301.144409 -27.502379 26.644
 55    48.059 54137.09261500 23.85 301.143549 -27.499099 26.644
 55    48.350 54137.09261565 23.37 301.142689 -27.495819 26.644
 55    48.113 54137.09261629 22.29 301.141839 -27.492529 26.644
 55    48.372 54137.09261694 23.92 301.140979 -27.489249 26.644
 55    48.323 54137.09261758 26.77 301.140120 -27.485967 28.379
 55    48.389 54137.09261823 28.25 301.139260 -27.482687 28.379
 55    48.504 54137.09261887 25.04 301.138400 -27.479397 28.379
 55    48.505 54137.09261952 24.15 301.137550 -27.476117 28.379
 55    48.198 54137.09262016 24.81 301.136690 -27.472837 28.379
 55    48.167 54137.09262081 26.05 301.135830 -27.469547 28.379
 55    48.199 54137.09262145 27.53 301.134970 -27.466267 28.379
 55    48.339 54137.09262210 30.45 301.134110 -27.462987 28.379
 56    48.083 54172.09262203 32.25 301.142826 -27.512292 39.163
 56    47.954 54172.09262268 25.93 301.141972 -27.509008 25.675
 56    47.631 54172.09262332 24.89 301.141112 -27.505728 25.675
 56    47.555 54172.09262397 22.79 301.140252 -27.502448 25.675
 56    47.473 54172.09262461 23.39 301.139392 -27.499158 25.675
 56    47.605 54172.09262525 24.90 301.138542 -27.495878 25.675
 56    47.653 54172.09262590 26.07 301.137682 -27.492598 25.675
 56    47.991 54172.09262654 28.80 301.136822 -27.489308 25.675
 56    48.131 54172.09262719 33.72 301.135962 -27.486028 25.675
 56    48.400 54172.09262783 35.91 301.135112 -27.482748 25.675
 56    48.208 54172.09262848 38.33 301.134252 -27.479458 25.675
 56    48.229 54172.09262912 36.87 301.133392 -27.476178 25.675
 56    48.203 54172.09262977 31.44 301.132532 -27.472888 25.675
 56    48.025 54172.09263041 30.42 301.131682 -27.469608 25.675
 56    48.343 54172.09263106 34.98 301.130822 -27.466328 25.675
 57    46.364 54207.09261587 23.03 301.148214 -27.519209 38.741
 57    45.945 54207.09261651 22.14 301.147364 -27.515929 38.741
 57    46.106 54207.09261716 21.97 301.146499 -27.512649 13.824
 57    46.104 54207.09261780 23.56 301.145639 -27.509369 13.824
 57    46.103 54207.09261845 23.79 301.144779 -27.506079 13.824
 57    46.127 54207.09261909 22.43 301.143929 -27.502799 13.824
 57    46.054 54207.09261974 23.42 301.143069 -27.499519 13.824
 57    46.298 54207.09262038 23.94 301.142209 -27.496229 13.824
 57    47.326 54207.09262103 25.71 301.141349 -27.492949 13.824
 57    46.391 54207.09262167 25.74 301.140489 -27.489669 13.824
 57    46.305 54207.09262232 27.34 301.139639 -27.486379 13.824
 57    46.412 54207.09262296 29.29 301.138779 -27.483099 13.824
 57    46.237 54207.09262361 28.77 301.137919 -27.479819 13.824
 57    46.265 54207.09262425 28.14 301.137059 -27.476529 13.824
 57    46.185 54207.09262489 27.39 301.136199 -27.473249 13.824
 57    46.421 54207.09262554 24.88 301.135349 -27.469969 13.824
 57    46.812 54207.09262618 25.05 301.134489 -27.466689 13.824
 57    47.368 54207.09262683 25.98 301.133629 -27.463399 13.824
 58    46.860 54242.09264908 43.38 301.147656 -27.518837 43.049
 58    46.867 54242.09264973 39.72 301.146796 -27.515557 21.719
 58    46.870 54242.09265037 35.43 301.145936 -27.512277 21.719
 58    46.885 54242.09265102 33.81 301.145076 -27.508987 21.719
 58    46.840 54242.09265166 32.18 301.144216 -27.505707 21.719
 58    46.865 54242.09265231 27.01 301.143366 -27.502427 21.719
 58    46.856 54242.09265295 27.84 301.142506 -27.499137 21.719
 58    46.784 54242.09265360 24.74 301.141646 -27.495857 21.719
 58    46.748 54242.09265424 25.42 301.140786 -27.492577 21.719
 58    46.881 54242.09265489 28.74 301.139936 -27.489287 21.719
 58    46.968 54242.09265553 37.08 301.139076 -27.486007 21.719
 58    46.962 54242.09265618 39.00 301.138216 -27.482727 21.719
 58    47.005 54242.09265682 35.94 301.137356 -27.479437 21.719
 58    47.013 54242.09265746 32.74 301.136506 -27.476157 21.719
 58    46.991 54242.09265811 28.23 301.135646 -27.472877 21.719
 58    46.979 54242.09265875 28.96 301.134786 -27.469597 21.719
 58    46.915 54242.09265940 31.72 301.133926 -27.466307 21.719
 58    47.120 54242.09266004 37.80 301.133076 -27.463027 21.719
 59    46.242 54277.09266379 22.61 301.147227 -27.518102 24.259
 59    43.258 54277.09266444 24.19 301.146367 -27.514819 10.646
 59    45.664 54277.09266508 18.25 301.145507 -27.511539 10.646
 59    58.000 54277.09266572 14.81 301.144647 -27.508249 10.646
 59    58.473 54277.09266637 15.02 301.143787 -27.504969 10.646
 59    58.981 54277.09266701 14.20 301.142937 -27.501689 10.646
 59    58.335 54277.09266766 16.49 301.142077 -27.498399 10.646
 59    58.490 54277.09266830 17.79 301.141217 -27.495119 10.646
 59    45.582 54277.09266895 20.49 301.140357 -27.491839 10.646
 59    58.519 54277.09266959 16.86 301.139507 -27.488549 10.646
 59    57.451 54277.09267024 17.78 301.138647 -27.485269 10.646
 59    56.769 54277.09267088 18.25 301.137787 -27.481989 10.646
 59    57.721 54277.09267153 17.18 301.136927 -27.478699 10.646
 59    56.771 54277.09267217 17.36 301.136077 -27.475419 10.646
 59    46.203 54277.09267282 18.21 301.135217 -27.472139 10.646
 59    46.777 54277.09267346 18.78 301.134357 -27.468849 10.646
 59    46.980 54277.09267411 21.28 301.133497 -27.465569 10.646
 60    44.992 54312.09266350 23.65 301.148806 -27.520740 31.297
 60    44.874 54312.09266414 22.50 301.147956 -27.517450 31.297
 60    44.935 54312.09266479 23.08 301.147096 -27.514170 31.297
 60    44.911 54312.09266543 23.80 301.146237 -27.510887 22.180
 60    45.064 54312.09266608 23.30 301.145377 -27.507607 22.180
 60    44.999 54312.09266672 23.92 301.144517 -27.504317 22.180
 60    45.213 54312.09266736 23.42 301.143667 -27.501037 22.180
 60    45.110 54312.09266801 25.10 301.142807 -27.497757 22.180
 60    45.217 54312.09266865 26.16 301.141947 -27.494477 22.180
 60    45.139 54312.09266930 31.63 301.141087 -27.491187 22.180
 60    45.472 54312.09266994 36.10 301.140227 -27.487907 22.180
 60    45.363 54312.09267059 35.30 301.139377 -27.484627 22.180
 60    45.426 54312.09267123 36.19 301.138517 -27.481337 22.180
 60    45.340 54312.09267188 36.30 301.137657 -27.478057 22.180
 60    45.372 54312.09267252 40.79 301.136797 -27.474777 22.180
 60    45.449 54312.09267317 41.77 301.135947 -27.471487 22.180
 60    45.421 54312.09267381 37.79 301.135087 -27.468207 22.180
 60    45.590 54312.09267446 28.44 301.134227 -27.464927 22.180
 60    46.921 54312.09267510 26.34 301.133367 -27.461637 22.180
 61    43.376 54347.09263746 22.09 301.144285 -27.514594 32.682
 61    44.354 54347.09263811 21.41 301.143425 -27.511314 32.682
 61    44.475 54347.09263875 21.50 301.142574 -27.508031 17.498
 61    44.233 54347.09263940 21.37 301.141714 -27.504751 17.498
 61    44.167 54347.09264004 21.09 301.140854 -27.501461 17.498
 61    44.369 54347.09264069 20.84 301.139994 -27.498181 17.498
 61    44.538 54347.09264133 21.53 301.139144 -27.494901 17.498
 61    44.700 54347.09264198 22.08 301.138284 -27.491621 17.498
 61    44.725 54347.09264262 22.94 301.137424 -27.488331 17.498
 61    45.440 54347.09264327 24.06 301.136564 -27.485051 17.498
 61    44.727 54347.09264391 25.05 301.135714 -27.481771 17.498
 61    44.654 54347.09264455 26.24 301.134854 -27.478481 17.498
 61    44.790 54347.09264520 29.86 301.133994 -27.475201 17.498
 61    44.824 54347.09264584 40.51 301.133144 -27.471921 17.498
 61    45.025 54347.09264649 43.64 301.132284 -27.468631 17.498
 61    44.835 54347.09264713 41.22 301.131424 -27.465351 17.498
 62    44.400 54382.09260014 32.77 301.150433 -27.522712 29.282
 62    44.484 54382.09260079 25.58 301.149573 -27.519432 29.282
 62    44.299 54382.09260143 25.46 301.148713 -27.516152 29.282
 62    44.231 54382.09260208 25.85 301.147853 -27.512862 29.282
 62    44.166 54382.09260272 26.18 301.147003 -27.509582 29.282
 62    44.335 54382.09260337 22.79 301.146141 -27.506299 17.515
 62    44.457 54382.09260401 22.10 301.145281 -27.503019 17.515
 62    46.840 54382.09260466 21.94 301.144421 -27.499729 17.515
 62    44.516 54382.09260530 22.66 301.143571 -27.496449 17.515
 62    44.582 54382.09260594 28.48 301.142711 -27.493169 17.515
 62    44.484 54382.09260659 32.44 301.141851 -27.489879 17.515
 62    45.132 54382.09260723 31.79 301.140991 -27.486599 17.515
 62    44.653 54382.09260788 29.25 301.140131 -27.483319 17.515
 62    44.647 54382.09260852 27.92 301.139281 -27.480039 17.515
 62    44.536 54382.09260917 28.35 301.138421 -27.476749 17.515
 62    44.600 54382.09260981 25.69 301.137561 -27.473469 17.515
 62    44.638 54382.09261046 22.50 301.136701 -27.470179 17.515
 62    45.855 54382.09261110 22.00 301.135851 -27.466899 17.515
 62    46.635 54382.09261175 22.31 301.134991 -27.463619 17.515
 63    45.207 54417.09258621 19.05 301.144862 -27.515853 33.588
 63    44.974 54417.09258686 20.48 301.144012 -27.512573 33.588
 63    44.861 54417.09258750 19.84 301.143152 -27.509283 33.588
 63    44.847 54417.09258815 20.25 301.142292 -27.506003 33.588
 63    44.809 54417.09258879 22.29 301.141439 -27.502719 25.123
 63    44.958 54417.09258943 22.10 301.140579 -27.499439 25.123
 63    44.828 54417.09259008 23.87 301.139719 -27.496149 25.123
 63    44.882 54417.09259072 26.88 301.138859 -27.492869 25.123
 63    45.025 54417.09259137 33.72 301.137999 -27.489589 25.123
 63    45.666 54417.09259201 35.91 301.137149 -27.486309 25.123
 63    45.187 54417.09259266 34.16 301.136289 -27.483019 25.123
 63    45.232 54417.09259330 33.19 301.135429 -27.479739 25.123
 63    45.266 54417.09259395 30.94 301.134579 -27.476459 25.123
 63    44.925 54417.09259459 26.81 301.133719 -27.473169 25.123
 63    44.889 54417.09259524 23.85 301.132859 -27.469889 25.123
 63    46.458 54417.09259588 22.90 301.131999 -27.466599 25.123
 64    44.947 54452.09256925 20.37 301.150928 -27.522780 21.902
 64    44.933 54452.09256989 18.89 301.150068 -27.519500 21.902
 64    45.066 54452.09257054 17.67 301.149208 -27.516220 21.902
 64    45.482 54452.09257118 17.32 301.148348 -27.512930 21.902
 64    56.631 54452.09257183 16.97 301.147488 -27.509650 21.902
 64    45.305 54452.09257247 20.82 301.146633 -27.506368 21.719
 64    57.375 54452.09257312 18.10 301.145773 -27.503088 21.719
 64    58.238 54452.09257376 18.46 301.144913 -27.499798 21.719
 64    45.674 54452.09257441 19.73 301.144063 -27.496518 21.719
 64    45.460 54452.09257505 25.93 301.143203 -27.493238 21.719
 64    46.109 54452.09257569 26.76 301.142343 -27.489948 21.719
 64    45.599 54452.09257634 27.16 301.141483 -27.486668 21.719
 64    45.631 54452.09257698 28.89 301.140623 -27.483388 21.719
 64    45.427 54452.09257763 30.78 301.139773 -27.480108 21.719
 64    45.444 54452.09257827 34.44 301.138913 -27.476818 21.719
 64    45.467 54452.09257892 33.95 301.138053 -27.473538 21.719
 64    45.610 54452.09257956 32.00 301.137193 -27.470248 21.719
 64    45.444 54452.09258021 26.35 301.136333 -27.466968 21.719
 64    45.772 54452.09258085 23.31 301.135483 -27.463688 21.719
 64    46.506 54452.09258150 29.09 301.134623 -27.460408 21.719
 65    45.511 54487.09258242 16.81 301.149107 -27.520466  8.113
 65    55.239 54487.09258306 15.10 301.148247 -27.517176  8.113
 65    57.640 54487.09258371 14.09 301.147387 -27.513896  8.113
 65    57.768 54487.09258435 14.49 301.146527 -27.510606  8.113
 65    58.450 54487.09258500 14.68 301.145677 -27.507326  8.113
 65    59.102 54487.09258564 13.34 301.144817 -27.504046  8.113
 65    59.140 54487.09258629 14.48 301.143957 -27.500766  8.113
 65    59.296 54487.09258693 15.28 301.143097 -27.497476  8.113
 65    58.454 54487.09258758 18.21 301.142237 -27.494196  8.113
 65    45.682 54487.09258822 24.93 301.141387 -27.490916  8.113
 65    58.624 54487.09258886 17.31 301.140527 -27.487626  8.113
 65    45.571 54487.09258951 19.84 301.139667 -27.484346  8.113
 65    45.756 54487.09259015 20.04 301.138815 -27.481061 20.698
 65    45.467 54487.09259080 19.95 301.137955 -27.477781 20.698
 65    45.603 54487.09259144 19.42 301.137095 -27.474501 20.698
 65    45.652 54487.09259209 21.74 301.136235 -27.471211 20.698
 65    45.603 54487.09259273 20.03 301.135385 -27.467931 20.698
 65    45.896 54487.09259338 18.38 301.134525 -27.464651 20.698
 65    46.244 54487.09259402 22.52 301.133665 -27.461361 20.698
 66    45.020 54522.09258202 15.54 301.151525 -27.524543 16.807
 66    49.960 54522.09258267 15.25 301.150665 -27.521253 16.807
 66    55.713 54522.09258331 14.66 301.149805 -27.517973 16.807
 66    56.515 54522.09258396 14.69 301.148945 -27.514693 16.807
 66    58.149 54522.09258460 14.88 301.148095 -27.511403 16.807
 66    58.384 54522.09258525 15.14 301.147235 -27.508123 16.807
 66    58.772 54522.09258589 16.61 301.146374 -27.504841 14.033
 66    59.181 54522.09258654 15.93 301.145514 -27.501561 14.033
 66    59.385 54522.09258718 16.86 301.144654 -27.498271 14.033
 66    45.446 54522.09258782 21.63 301.143804 -27.494991 14.033
 66    45.585 54522.09258847 27.07 301.142944 -27.491711 14.033
 66    45.889 54522.09258911 21.63 301.142084 -27.488421 14.033
 66    45.571 54522.09258976 22.08 301.141224 -27.485141 14.033
 66    45.488 54522.09259040 22.91 301.140364 -27.481861 14.033
 66    45.604 54522.09259105 21.52 301.139514 -27.478581 14.033
 66    45.497 54522.09259169 21.50 301.138654 -27.475291 14.033
 66    45.417 54522.09259234 21.03 301.137794 -27.472011 14.033
 66    45.363 54522.09259298 22.22 301.136934 -27.468721 14.033
 66    45.423 54522.09259363 19.91 301.136084 -27.465441 14.033
 66    45.802 54522.09259427 19.78 301.135224 -27.462161 14.033
 67    46.005 54557.09259385 45.20 301.144260 -27.514444 41.046
 67    46.067 54557.09259450 43.70 301.143410 -27.511164 41.046
 67    46.052 54557.09259514 43.03 301.142550 -27.507874 41.046
 67    46.014 54557.09259579 42.84 301.141690 -27.504594 41.046
 67    45.880 54557.09259643 41.22 301.140839 -27.501312 16.202
 67    45.749 54557.09259708 37.32 301.139979 -27.498032 16.202
 67    45.543 54557.09259772 37.36 301.139119 -27.494742 16.202
 67    45.518 54557.09259837 34.24 301.138259 -27.491462 16.202
 67    45.662 54557.09259901 32.39 301.137409 -27.488182 16.202
 67    45.426 54557.09259966 32.30 301.136549 -27.484892 16.202
 67    45.649 54557.09260030 30.69 301.135689 -27.481612 16.202
 67    45.697 54557.09260095 31.75 301.134829 -27.478332 16.202
 67    45.819 54557.09260159 32.46 301.133969 -27.475042 16.202
 67    46.044 54557.09260224 32.73 301.133119 -27.471762 16.202
 67    46.076 54557.09260288 33.19 301.132259 -27.468482 16.202
 67    46.193 54557.09260352 36.75 301.131399 -27.465192 16.202
 68    46.030 54592.09258032 25.69 301.146544 -27.516546 31.680
 68    45.936 54592.09258097 26.58 301.145694 -27.513256 31.680
 68    46.111 54592.09258161 27.70 301.144834 -27.509976 31.680
 68    46.228 54592.09258226 28.48 301.143975 -27.506694 24.812
 68    46.235 54592.09258290 29.54 301.143115 -27.503414 24.812
 68    46.221 54592.09258355 31.17 301.142255 -27.500124 24.812
 68    46.335 54592.09258419 31.22 301.141395 -27.496844 24.812
 68    46.467 54592.09258484 32.57 301.140545 -27.493564 24.812
 68    46.625 54592.09258548 43.52 301.139685 -27.490274 24.812
 68    46.738 54592.09258613 45.51 301.138825 -27.486994 24.812
 68    46.741 54592.09258677 46.71 301.137965 -27.483714 24.812
 68    46.695 54592.09258741 42.55 301.137115 -27.480434 24.812
 68    46.711 54592.09258806 44.36 301.136255 -27.477144 24.812
 68    46.726 54592.09258870 44.39 301.135395 -27.473864 24.812
 68    46.661 54592.09258935 44.04 301.134535 -27.470584 24.812
 68    46.653 54592.09258999 41.66 301.133685 -27.467294 24.812
 68    46.689 54592.09259064 43.43 301.132825 -27.464014 24.812
 69    45.743 54627.09259594 19.82 301.145603 -27.515995 22.327
 69    54.793 54627.09259659 17.48 301.144753 -27.512705 22.327
 69    58.161 54627.09259723 16.69 301.143893 -27.509425 22.327
 69    58.725 54627.09259788 15.85 301.143037 -27.506142 13.333
 69    59.016 54627.09259852 15.70 301.142177 -27.502862 13.333
 69    59.545 54627.09259917 15.15 301.141317 -27.499572 13.333
 69    59.642 54627.09259981 15.13 301.140457 -27.496292 13.333
 69    59.241 54627.09260045 19.02 301.139607 -27.493012 13.333
 69    60.274 54627.09260110 15.94 301.138747 -27.489722 13.333
 69    59.632 54627.09260174 15.15 301.137887 -27.486442 13.333
 69    58.735 54627.09260239 15.48 301.137027 -27.483162 13.333
 69    57.889 54627.09260303 15.68 301.136177 -27.479882 13.333
 69    57.310 54627.09260368 16.07 301.135317 -27.476592 13.333
 69    57.021 54627.09260432 15.18 301.134457 -27.473312 13.333
 69    56.324 54627.09260497 15.66 301.133597 -27.470022 13.333
 69    51.575 54627.09260561 17.31 301.132747 -27.466742 13.333
 69    47.479 54627.09260626 22.29 301.131887 -27.463462 13.333
 70    45.223 54662.09260378 19.29 301.144063 -27.513659 24.913
 70    44.744 54662.09260442 18.48 301.143213 -27.510369 24.913
 70    44.597 54662.09260506 19.34 301.142353 -27.507089 24.913
 70    44.692 54662.09260571 20.53 301.141494 -27.503807 18.507
 70    46.670 54662.09260635 19.39 301.140634 -27.500527 18.507
 70    44.834 54662.09260700 20.30 301.139774 -27.497237 18.507
 70    46.914 54662.09260764 19.76 301.138924 -27.493957 18.507
 70    46.542 54662.09260829 22.22 301.138064 -27.490677 18.507
 70    45.847 54662.09260893 21.44 301.137204 -27.487387 18.507
 70    45.305 54662.09260958 23.54 301.136344 -27.484107 18.507
 70    44.924 54662.09261022 24.92 301.135484 -27.480827 18.507
 70    45.070 54662.09261087 29.14 301.134634 -27.477547 18.507
 70    45.266 54662.09261151 34.18 301.133774 -27.474257 18.507
 70    45.336 54662.09261216 36.18 301.132914 -27.470977 18.507
 70    45.181 54662.09261280 28.82 301.132054 -27.467687 18.507
 70    45.311 54662.09261345 33.26 301.131204 -27.464407 18.507
 71    45.760 54697.09257890 22.23 301.146040 -27.516712 22.366
 71    45.698 54697.09257954 20.17 301.145180 -27.513432 22.366
 71    46.007 54697.09258019 20.71 301.144330 -27.510152 22.366
 71    47.863 54697.09258083 18.91 301.143470 -27.506862 22.366
 71    47.534 54697.09258148 18.71 301.142610 -27.503582 22.366
 71    58.650 54697.09258212 15.64 301.141759 -27.500299 17.801
 71    59.289 54697.09258277 15.12 301.140899 -27.497019 17.801
 71    59.243 54697.09258341 15.68 301.140039 -27.493729 17.801
 71    58.326 54697.09258406 17.12 301.139179 -27.490449 17.801
 71    46.368 54697.09258470 23.44 301.138329 -27.487169 17.801
 71    46.457 54697.09258535 21.94 301.137469 -27.483879 17.801
 71    46.127 54697.09258599 21.63 301.136609 -27.480599 17.801
 71    46.206 54697.09258664 19.78 301.135749 -27.477319 17.801
 71    48.697 54697.09258728 17.50 301.134899 -27.474039 17.801
 71    46.523 54697.09258793 17.42 301.134039 -27.470749 17.801
 71    46.558 54697.09258857 17.67 301.133179 -27.467469 17.801
 71    46.104 54697.09258921 19.95 301.132319 -27.464179 17.801
 72    44.789 54732.09255941 19.36 301.149022 -27.519529 22.939
 72    44.211 54732.09256005 22.16 301.148162 -27.516249 22.939
 72    44.533 54732.09256070 20.90 301.147302 -27.512959 22.939
 72    45.927 54732.09256134 20.37 301.146452 -27.509679 22.939
 72    44.647 54732.09256198 20.94 301.145589 -27.506397 20.731
 72    44.550 54732.09256263 23.36 301.144729 -27.503117 20.731
 72    44.328 54732.09256327 26.21 301.143869 -27.499827 20.731
 72    44.464 54732.09256392 29.56 301.143019 -27.496547 20.731
 72    44.842 54732.09256456 33.82 301.142159 -27.493267 20.731
 72    45.035 54732.09256521 41.34 301.141299 -27.489977 20.731
 72    45.008 54732.09256585 43.01 301.140439 -27.486697 20.731
 72    45.018 54732.09256650 37.00 301.139589 -27.483417 20.731
 72    44.869 54732.09256714 35.59 301.138729 -27.480127 20.731
 72    44.952 54732.09256779 34.07 301.137869 -27.476847 20.731
 72    44.950 54732.09256843 31.38 301.137009 -27.473567 20.731
 72    45.015 54732.09256908 27.62 301.136149 -27.470277 20.731
 72    44.646 54732.09256972 25.88 301.135299 -27.466997 20.731
 72    44.509 54732.09257037 24.29 301.134439 -27.463717 20.731
 73    50.673 54767.09255749 20.54 301.147250 -27.517566 23.609
 73    47.262 54767.09255813 20.10 301.146390 -27.514286 23.609
 73    46.906 54767.09255878 20.74 301.145530 -27.511006 23.609
 73    45.565 54767.09255942 21.54 301.144680 -27.507716 23.609
 73    45.318 54767.09256007 23.67 301.143820 -27.504436 23.609
 73    45.348 54767.09256071 26.58 301.142964 -27.501152 26.783
 73    45.372 54767.09256135 27.59 301.142104 -27.497872 26.783
 73    45.606 54767.09256200 29.73 301.141244 -27.494582 26.783
 73    45.717 54767.09256264 32.99 301.140384 -27.491302 26.783
 73    46.071 54767.09256329 37.94 301.139534 -27.488022 26.783
 73    45.981 54767.09256393 37.85 301.138674 -27.484732 26.783
 73    46.024 54767.09256458 35.05 301.137814 -27.481452 26.783
 73    45.899 54767.09256522 37.30 301.136954 -27.478172 26.783
 73    46.065 54767.09256587 38.18 301.136104 -27.474892 26.783
 73    46.045 54767.09256651 40.08 301.135244 -27.471602 26.783
 73    46.057 54767.09256716 36.57 301.134384 -27.468322 26.783
 73    45.823 54767.09256780 27.34 301.133524 -27.465032 26.783
 74    45.099 54802.09255221 21.99 301.148728 -27.520512 15.796
 74    45.782 54802.09255285 20.37 301.147868 -27.517232 15.796
 74    45.985 54802.09255349 18.44 301.147008 -27.513952 15.796
 74    45.585 54802.09255414 18.49 301.146148 -27.510662 15.796
 74    49.587 54802.09255478 17.74 301.145298 -27.507382 15.796
 74    58.580 54802.09255543 15.75 301.144435 -27.504102 13.025
 74    58.544 54802.09255607 17.01 301.143575 -27.500822 13.025
 74    58.529 54802.09255672 18.38 301.142725 -27.497532 13.025
 74    59.958 54802.09255736 14.65 301.141865 -27.494252 13.025
 74    58.495 54802.09255801 18.64 301.141005 -27.490972 13.025
 74    59.278 54802.09255865 14.26 301.140145 -27.487682 13.025
 74    58.900 54802.09255930 14.63 301.139285 -27.484402 13.025
 74    58.076 54802.09255994 15.88 301.138425 -27.481122 13.025
 74    57.886 54802.09256059 16.01 301.137575 -27.477832 13.025
 74    57.712 54802.09256123 14.73 301.136715 -27.474552 13.025
 74    57.311 54802.09256188 14.91 301.135855 -27.471272 13.025
 74    56.659 54802.09256252 14.79 301.134995 -27.467982 13.025
 74    51.537 54802.09256316 16.64 301.134145 -27.464702 13.025
 75    43.984 54837.09255004 36.57 301.147183 -27.518954 28.767
 75    43.939 54837.09255068 32.99 301.146323 -27.515674 28.767
 75    43.980 54837.09255133 25.94 301.145463 -27.512394 28.767
 75    43.676 54837.09255197 25.37 301.144613 -27.509104 28.767
 75    43.600 54837.09255262 25.16 301.143753 -27.505824 28.767
 75    43.626 54837.09255326 27.30 301.142896 -27.502542 31.559
 75    43.769 54837.09255391 30.82 301.142036 -27.499262 31.559
 75    43.872 54837.09255455 36.90 301.141176 -27.495972 31.559
 75    44.111 54837.09255520 46.62 301.140316 -27.492692 31.559
 75    44.188 54837.09255584 49.73 301.139466 -27.489412 31.559
 75    44.236 54837.09255649 49.51 301.138606 -27.486122 31.559
 75    44.102 54837.09255713 44.03 301.137746 -27.482842 31.559
 75    44.147 54837.09255778 50.87 301.136886 -27.479562 31.559
 75    44.184 54837.09255842 50.88 301.136036 -27.476272 31.559
 75    44.223 54837.09255906 49.57 301.135176 -27.472992 31.559
 75    44.273 54837.09255971 49.81 301.134316 -27.469712 31.559
 75    44.320 54837.09256035 48.12 301.133456 -27.466422 31.559
 75    44.358 54837.09256100 40.55 301.132606 -27.463142 31.559
 76    44.945 54872.09255138 51.76 301.149352 -27.520781 37.791
 76    44.880 54872.09255203 52.29 301.148492 -27.517501 37.791
 76    44.974 54872.09255267 51.91 301.147632 -27.514211 37.791
 76    44.976 54872.09255332 51.46 301.146782 -27.510931 37.791
 76    44.859 54872.09255396 51.16 301.145918 -27.507648 39.153
 76    44.929 54872.09255461 50.72 301.145058 -27.504368 39.153
 76    44.924 54872.09255525 52.43 301.144208 -27.501078 39.153
 76    44.953 54872.09255590 51.01 301.143348 -27.497798 39.153
 76    45.055 54872.09255654 49.92 301.142488 -27.494518 39.153
 76    45.098 54872.09255718 50.39 301.141628 -27.491228 39.153
 76    45.099 54872.09255783 50.58 301.140768 -27.487948 39.153
 76    45.139 54872.09255847 51.10 301.139908 -27.484668 39.153
 76    45.182 54872.09255912 48.76 301.139058 -27.481388 39.153
 76    45.202 54872.09255976 49.89 301.138198 -27.478098 39.153
 76    45.180 54872.09256041 46.96 301.137338 -27.474818 39.153
 76    45.160 54872.09256105 48.47 301.136478 -27.471528 39.153
 76    45.131 54872.09256170 43.30 301.135628 -27.468248 39.153
 76    45.120 54872.09256234 43.41 301.134768 -27.464968 39.153
 76    45.135 54872.09256299 38.09 301.133908 -27.461678 39.153
 77    44.603 54907.09255883 18.51 301.141020 -27.510639 26.822
 77    44.826 54907.09255948 17.18 301.140160 -27.507349 26.822
 77    46.202 54907.09256012 17.13 301.139300 -27.504069 26.822
 77    44.894 54907.09256077 17.91 301.138450 -27.500786 15.437
 77    44.977 54907.09256141 18.48 301.137590 -27.497506 15.437
 77    46.437 54907.09256206 18.39 301.136730 -27.494216 15.437
 77    45.145 54907.09256270 20.04 301.135870 -27.490936 15.437
 77    45.362 54907.09256335 19.55 301.135020 -27.487656 15.437
 77    45.212 54907.09256399 19.53 301.134160 -27.484366 15.437
 77    45.045 54907.09256464 20.41 301.133300 -27.481086 15.437
 77    44.968 54907.09256528 22.25 301.132440 -27.477806 15.437
 77    45.225 54907.09256592 22.13 301.131590 -27.474526 15.437
 77    45.454 54907.09256657 21.46 301.130730 -27.471236 15.437
 77    45.375 54907.09256721 21.83 301.129870 -27.467956 15.437
 78    44.340 54942.09254471 17.32 301.147431 -27.517632 15.622
 78    55.353 54942.09254535 16.03 301.146581 -27.514342 15.622
 78    57.158 54942.09254600 14.72 301.145721 -27.511062 15.622
 78    58.397 54942.09254664 14.43 301.144859 -27.507783  7.779
 78    58.696 54942.09254729 14.42 301.143999 -27.504503  7.779
 78    58.837 54942.09254793 13.62 301.143139 -27.501213  7.779
 78    59.382 54942.09254858 14.28 301.142289 -27.497933  7.779
 78    57.288 54942.09254922 17.66 301.141429 -27.494653  7.779
 78    45.181 54942.09254987 20.05 301.140569 -27.491363  7.779
 78    45.064 54942.09255051 23.32 301.139709 -27.488083  7.779
 78    45.118 54942.09255116 18.94 301.138849 -27.484803  7.779
 78    57.629 54942.09255180 16.17 301.137999 -27.481523  7.779
 78    57.749 54942.09255244 15.73 301.137139 -27.478233  7.779
 78    57.083 54942.09255309 15.32 301.136279 -27.474953  7.779
 78    56.730 54942.09255373 15.08 301.135419 -27.471663  7.779
 78    55.805 54942.09255438 14.71 301.134569 -27.468383  7.779
 78    54.467 54942.09255502 14.65 301.133709 -27.465103  7.779
 79    43.741 54977.09257381 20.51 301.144862 -27.514019 34.019
 79    43.960 54977.09257445 20.11 301.144002 -27.510739 34.019
 79    44.081 54977.09257510 18.49 301.143143 -27.507457  7.004
 79    44.278 54977.09257574 17.51 301.142283 -27.504177  7.004
 79    46.470 54977.09257639 18.64 301.141423 -27.500887  7.004
 79    44.278 54977.09257703 19.10 301.140563 -27.497607  7.004
 79    44.248 54977.09257767 25.52 301.139713 -27.494327  7.004
 79    46.031 54977.09257832 22.80 301.138853 -27.491037  7.004
 79    45.158 54977.09257896 22.46 301.137993 -27.487757  7.004
 79    44.639 54977.09257961 21.34 301.137133 -27.484477  7.004
 79    44.374 54977.09258025 22.53 301.136283 -27.481187  7.004
 79    44.381 54977.09258090 22.99 301.135423 -27.477907  7.004
 79    44.413 54977.09258154 23.83 301.134563 -27.474627  7.004
 79    44.636 54977.09258219 22.10 301.133703 -27.471337  7.004
 79    44.636 54977.09258283 22.04 301.132853 -27.468057  7.004
 79    44.362 54977.09258348 21.84 301.131993 -27.464777  7.004
 80    44.718 55012.09258116 38.74 301.145379 -27.516215 31.860
 80    44.727 55012.09258180 32.38 301.144519 -27.512935 31.860
 80    44.783 55012.09258245 25.58 301.143669 -27.509645 31.860
 80    44.674 55012.09258309 24.91 301.142809 -27.506365 31.860
 80    44.364 55012.09258374 24.97 301.141953 -27.503082  7.039
 80    44.331 55012.09258438 24.92 301.141093 -27.499802  7.039
 80    44.460 55012.09258503 24.04 301.140233 -27.496512  7.039
 80    44.757 55012.09258567 23.18 301.139373 -27.493232  7.039
 80    45.155 55012.09258632 22.70 301.138523 -27.489952  7.039
 80    44.830 55012.09258696 23.09 301.137663 -27.486662  7.039
 80    44.940 55012.09258761 23.33 301.136803 -27.483382  7.039
 80    45.105 55012.09258825 25.37 301.135943 -27.480102  7.039
 80    45.181 55012.09258889 23.77 301.135093 -27.476812  7.039
 80    45.098 55012.09258954 23.79 301.134233 -27.473532  7.039
 80    44.931 55012.09259018 24.07 301.133373 -27.470252  7.039
 80    44.993 55012.09259083 22.78 301.132513 -27.466962  7.039
 80    45.170 55012.09259147 21.97 301.131663 -27.463682  7.039
 81    45.442 55047.09257243 23.24 301.148138 -27.519397 21.422
 81    45.372 55047.09257307 22.40 301.147278 -27.516117 21.422
 81    45.386 55047.09257371 22.28 301.146418 -27.512837 21.422
 81    45.699 55047.09257436 22.11 301.145568 -27.509547 21.422
 81    47.389 55047.09257500 20.22 301.144708 -27.506267 21.422
 81    45.605 55047.09257565 22.52 301.143851 -27.502986 19.042
 81    45.916 55047.09257629 24.83 301.142991 -27.499706 19.042
 81    46.076 55047.09257694 24.49 301.142131 -27.496416 19.042
 81    46.259 55047.09257758 25.81 301.141271 -27.493136 19.042
 81    46.407 55047.09257823 25.43 301.140421 -27.489856 19.042
 81    46.085 55047.09257887 26.66 301.139561 -27.486566 19.042
 81    45.818 55047.09257952 28.55 301.138701 -27.483286 19.042
 81    45.812 55047.09258016 28.40 301.137841 -27.480006 19.042
 81    45.993 55047.09258081 28.32 301.136991 -27.476726 19.042
 81    45.995 55047.09258145 27.74 301.136131 -27.473436 19.042
 81    45.934 55047.09258210 23.22 301.135271 -27.470156 19.042
 81    45.621 55047.09258274 24.10 301.134411 -27.466866 19.042
 81    45.593 55047.09258338 22.13 301.133561 -27.463586 19.042
 82    45.532 55082.09254642 18.37 301.142820 -27.511442 24.446
 82    45.206 55082.09254706 17.77 301.141960 -27.508152 24.446
 82    45.077 55082.09254771 17.35 301.141100 -27.504872 24.446
 82    52.324 55082.09254835 15.94 301.140241 -27.501588 13.353
 82    58.987 55082.09254900 12.94 301.139391 -27.498308 13.353
 82    58.398 55082.09254964 15.76 301.138531 -27.495018 13.353
 82    58.768 55082.09255029 14.00 301.137671 -27.491738 13.353
 82    58.537 55082.09255093 13.96 301.136821 -27.488458 13.353
 82    58.506 55082.09255158 12.95 301.135961 -27.485178 13.353
 82    57.015 55082.09255222 15.23 301.135101 -27.481888 13.353
 82    57.859 55082.09255287 13.45 301.134241 -27.478608 13.353
 82    57.257 55082.09255351 12.65 301.133391 -27.475328 13.353
 82    56.893 55082.09255416 12.93 301.132531 -27.472038 13.353
 82    54.817 55082.09255480 15.05 301.131671 -27.468758 13.353
 82    47.930 55082.09255544 16.18 301.130811 -27.465468 13.353
 83    46.170 55117.09250351 23.83 301.150874 -27.523689 25.596
 83    45.898 55117.09250415 22.99 301.150014 -27.520399 25.596
 83    45.773 55117.09250480 22.54 301.149154 -27.517119 25.596
 83    45.948 55117.09250544 22.41 301.148294 -27.513839 25.596
 83    46.099 55117.09250608 24.75 301.147444 -27.510549 25.596
 83    46.128 55117.09250673 27.57 301.146584 -27.507269 25.596
 83    46.290 55117.09250737 26.18 301.145722 -27.503986 25.391
 83    45.979 55117.09250802 27.46 301.144862 -27.500706 25.391
 83    46.053 55117.09250866 34.42 301.144002 -27.497416 25.391
 83    46.183 55117.09250931 46.33 301.143152 -27.494136 25.391
 83    46.246 55117.09250995 45.43 301.142292 -27.490856 25.391
 83    46.330 55117.09251060 42.64 301.141432 -27.487566 25.391
 83    46.186 55117.09251124 36.93 301.140572 -27.484286 25.391
 83    46.355 55117.09251189 38.97 301.139712 -27.481006 25.391
 83    46.278 55117.09251253 46.49 301.138862 -27.477726 25.391
 83    46.287 55117.09251318 40.84 301.138002 -27.474436 25.391
 83    46.272 55117.09251382 37.69 301.137142 -27.471156 25.391
 83    46.184 55117.09251447 36.72 301.136282 -27.467866 25.391
 83    45.887 55117.09251511 34.20 301.135432 -27.464586 25.391
 83    45.913 55117.09251576 32.04 301.134572 -27.461306 25.391
 84    46.859 55152.09250310 28.56 301.144346 -27.513317 28.270
 84    46.838 55152.09250374 23.32 301.143486 -27.510037 28.270
 84    46.454 55152.09250439 24.44 301.142636 -27.506757 28.270
 84    46.358 55152.09250503 24.39 301.141776 -27.503467 28.270
 84    46.714 55152.09250568 24.13 301.140916 -27.500187 28.270
 84    46.925 55152.09250632 24.79 301.140062 -27.496904 26.277
 84    48.821 55152.09250697 25.25 301.139202 -27.493624 26.277
 84    46.927 55152.09250761 26.88 301.138342 -27.490334 26.277
 84    46.886 55152.09250826 28.61 301.137482 -27.487054 26.277
 84    47.800 55152.09250890 28.32 301.136632 -27.483774 26.277
 84    47.117 55152.09250955 27.85 301.135772 -27.480484 26.277
 84    46.997 55152.09251019 27.52 301.134912 -27.477204 26.277
 84    46.874 55152.09251084 26.51 301.134052 -27.473924 26.277
 84    46.843 55152.09251148 25.25 301.133202 -27.470644 26.277
 84    47.418 55152.09251212 29.12 301.132342 -27.467354 26.277
 84    47.418 55152.09251277 39.55 301.131482 -27.464074 26.277
 85    48.122 55187.09249118 49.13 301.148452 -27.519252 43.605
 85    48.142 55187.09249182 47.20 301.147592 -27.515972 43.605
 85    48.150 55187.09249247 42.98 301.146732 -27.512682 43.605
 85    48.152 55187.09249311 43.85 301.145882 -27.509402 43.605
 85    48.139 55187.09249376 41.30 301.145019 -27.506121 41.586
 85    48.237 55187.09249440 43.18 301.144159 -27.502841 41.586
 85    48.240 55187.09249505 41.42 301.143299 -27.499551 41.586
 85    48.171 55187.09249569 41.63 301.142449 -27.496271 41.586
 85    48.197 55187.09249634 48.36 301.141589 -27.492991 41.586
 85    48.258 55187.09249698 51.15 301.140729 -27.489701 41.586
 85    48.314 55187.09249762 50.41 301.139869 -27.486421 41.586
 85    48.398 55187.09249827 50.61 301.139009 -27.483141 41.586
 85    48.405 55187.09249891 49.79 301.138159 -27.479851 41.586
 85    48.430 55187.09249956 48.22 301.137299 -27.476571 41.586
 85    48.410 55187.09250020 44.86 301.136439 -27.473291 41.586
 85    48.397 55187.09250085 44.39 301.135579 -27.470001 41.586
 85    48.502 55187.09250149 47.45 301.134729 -27.466721 41.586
 85    48.520 55187.09250214 48.03 301.133869 -27.463441 41.586
 86    48.721 55222.09250223 30.25 301.144438 -27.513317 37.002
 86    48.517 55222.09250287 27.28 301.143588 -27.510027 37.002
 86    48.251 55222.09250352 26.19 301.142728 -27.506747 37.002
 86    48.207 55222.09250416 27.07 301.141872 -27.503462 30.218
 86    48.079 55222.09250481 28.66 301.141012 -27.500182 30.218
 86    48.302 55222.09250545 29.35 301.140152 -27.496892 30.218
 86    48.516 55222.09250609 30.74 301.139292 -27.493612 30.218
 86    48.836 55222.09250674 32.06 301.138442 -27.490332 30.218
 86    48.900 55222.09250738 38.00 301.137582 -27.487052 30.218
 86    48.962 55222.09250803 40.51 301.136722 -27.483762 30.218
 86    48.975 55222.09250867 41.60 301.135862 -27.480482 30.218
 86    48.992 55222.09250932 40.43 301.135012 -27.477202 30.218
 86    48.944 55222.09250996 35.10 301.134152 -27.473912 30.218
 86    48.994 55222.09251061 35.52 301.133292 -27.470632 30.218
 86    48.924 55222.09251125 34.10 301.132432 -27.467342 30.218
 86    49.110 55222.09251190 42.61 301.131582 -27.464062 30.218
 87    47.722 55257.09248645 29.94 301.149614 -27.520343 30.427
 87    47.405 55257.09248709 27.24 301.148754 -27.517063 30.427
 87    47.379 55257.09248774 25.07 301.147894 -27.513783 30.427
 87    47.342 55257.09248838 24.01 301.147044 -27.510493 30.427
 87    47.305 55257.09248903 22.44 301.146184 -27.507213 30.427
 87    47.390 55257.09248967 21.85 301.145324 -27.503931 23.443
 87    47.620 55257.09249032 22.48 301.144464 -27.500651 23.443
 87    47.894 55257.09249096 26.49 301.143604 -27.497361 23.443
 87    50.026 55257.09249161 25.93 301.142754 -27.494081 23.443
 87    47.762 55257.09249225 26.06 301.141894 -27.490801 23.443
 87    47.812 55257.09249290 28.10 301.141034 -27.487511 23.443
 87    47.861 55257.09249354 33.71 301.140174 -27.484231 23.443
 87    47.844 55257.09249418 33.70 301.139314 -27.480951 23.443
 87    48.038 55257.09249483 36.56 301.138464 -27.477671 23.443
 87    48.014 55257.09249547 34.69 301.137604 -27.474381 23.443
 87    48.016 55257.09249612 35.01 301.136744 -27.471101 23.443
 87    48.017 55257.09249676 31.51 301.135884 -27.467811 23.443
 87    47.813 55257.09249741 31.27 301.135034 -27.464531 23.443
 87    48.566 55257.09249805 33.72 301.134174 -27.461251 23.443
 88    47.465 55292.09249016 34.01 301.142838 -27.512737 30.965
 88    47.350 55292.09249081 25.87 301.141978 -27.509457 30.965
 88    47.039 55292.09249145 24.95 301.141118 -27.506167 30.965
 88    46.843 55292.09249210 23.84 301.140258 -27.502887 30.965
 88    46.937 55292.09249274 22.40 301.139399 -27.499606 21.942
 88    46.935 55292.09249339 21.33 301.138549 -27.496326 21.942
 88    47.300 55292.09249403 19.50 301.137689 -27.493036 21.942
 88    47.146 55292.09249467 21.57 301.136829 -27.489756 21.942
 88    47.268 55292.09249532 23.56 301.135969 -27.486476 21.942
 88    48.411 55292.09249596 20.44 301.135119 -27.483186 21.942
 88    47.840 55292.09249661 19.08 301.134259 -27.479906 21.942
 88    47.233 55292.09249725 20.51 301.133399 -27.476626 21.942
 88    47.142 55292.09249790 23.30 301.132539 -27.473336 21.942
 88    47.514 55292.09249854 27.17 301.131689 -27.470056 21.942
 88    47.732 55292.09249919 30.59 301.130829 -27.466776 21.942
 89    47.062 55327.09247343 28.50 301.143433 -27.512231 31.364
 89    47.038 55327.09247407 22.69 301.142573 -27.508951 31.364
 89    46.920 55327.09247472 22.45 301.141715 -27.505669 18.858
 89    46.830 55327.09247536 21.86 301.140855 -27.502389 18.858
 89    46.805 55327.09247601 20.05 301.139995 -27.499099 18.858
 89    46.395 55327.09247665 23.02 301.139145 -27.495819 18.858
 89    46.808 55327.09247729 21.12 301.138285 -27.492539 18.858
 89    48.268 55327.09247794 19.62 301.137425 -27.489249 18.858
 89    47.021 55327.09247858 23.13 301.136565 -27.485969 18.858
 89    47.842 55327.09247923 19.23 301.135705 -27.482689 18.858
 89    47.142 55327.09247987 19.42 301.134855 -27.479399 18.858
 89    47.122 55327.09248052 20.37 301.133995 -27.476119 18.858
 89    46.919 55327.09248116 23.38 301.133135 -27.472839 18.858
 89    47.304 55327.09248181 27.01 301.132275 -27.469549 18.858
 89    47.434 55327.09248245 33.56 301.131425 -27.466269 18.858
 90    45.920 55362.09246892 37.68 301.144466 -27.513810 33.206
 90    45.896 55362.09246956 34.08 301.143606 -27.510520 33.206
 90    46.029 55362.09247020 30.40 301.142746 -27.507240 33.206
 90    45.978 55362.09247085 30.15 301.141892 -27.503956 28.462
 90    45.987 55362.09247149 30.51 301.141032 -27.500676 28.462
 90    46.050 55362.09247214 35.95 301.140172 -27.497386 28.462
 90    46.049 55362.09247278 38.06 301.139312 -27.494106 28.462
 90    46.119 55362.09247343 41.61 301.138462 -27.490826 28.462
 90    46.172 55362.09247407 43.47 301.137602 -27.487546 28.462
 90    46.205 55362.09247472 46.79 301.136742 -27.484256 28.462
 90    46.224 55362.09247536 41.80 301.135882 -27.480976 28.462
 90    46.202 55362.09247601 40.09 301.135032 -27.477696 28.462
 90    46.072 55362.09247665 36.73 301.134172 -27.474406 28.462
 90    46.287 55362.09247730 38.37 301.133312 -27.471126 28.462
 90    46.378 55362.09247794 35.98 301.132452 -27.467836 28.462
 90    46.550 55362.09247859 37.62 301.131602 -27.464556 28.462
 91    52.387 55397.09247456 21.79 301.148992 -27.520695 12.811
 91    46.020 55397.09247521 21.76 301.148132 -27.517415 12.811
 91    54.883 55397.09247585 20.78 301.147272 -27.514135 12.811
 91    55.982 55397.09247650 20.26 301.146412 -27.510845 12.811
 91    45.379 55397.09247714 21.10 301.145562 -27.507565 12.811
 91    58.540 55397.09247779 21.52 301.144700 -27.504284 15.404
 91    45.394 55397.09247843 22.74 301.143840 -27.501004 15.404
 91    58.910 55397.09247907 22.64 301.142980 -27.497714 15.404
 91    58.740 55397.09247972 24.23 301.142130 -27.494434 15.404
 91    59.132 55397.09248036 24.36 301.141270 -27.491154 15.404
 91    45.797 55397.09248101 24.05 301.140410 -27.487864 15.404
 91    45.664 55397.09248165 23.39 301.139550 -27.484584 15.404
 91    45.670 55397.09248230 23.96 301.138690 -27.481304 15.404
 91    45.547 55397.09248294 23.16 301.137840 -27.478024 15.404
 91    45.604 55397.09248359 22.16 301.136980 -27.474734 15.404
 91    46.141 55397.09248423 21.92 301.136120 -27.471454 15.404
 91    46.388 55397.09248488 22.51 301.135260 -27.468174 15.404
 91    46.936 55397.09248552 25.00 301.134410 -27.464884 15.404
 91    47.072 55397.09248617 27.69 301.133550 -27.461604 15.404
 92    45.150 55432.09248276 23.69 301.149316 -27.520253 14.319
 92    44.932 55432.09248341 23.88 301.148456 -27.516963 14.319
 92    45.211 55432.09248405 23.22 301.147596 -27.513683 14.319
 92    44.981 55432.09248470 23.98 301.146736 -27.510403 14.319
 92    44.935 55432.09248534 24.76 301.145886 -27.507113 14.319
 92    44.951 55432.09248599 25.16 301.145026 -27.503833 14.319
 92    45.105 55432.09248663 26.24 301.144170 -27.500551 27.195
 92    45.239 55432.09248728 27.41 301.143310 -27.497271 27.195
 92    45.251 55432.09248792 28.21 301.142450 -27.493981 27.195
 92    45.369 55432.09248857 28.76 301.141590 -27.490701 27.195
 92    45.228 55432.09248921 30.85 301.140740 -27.487421 27.195
 92    45.257 55432.09248986 32.02 301.139880 -27.484131 27.195
 92    45.219 55432.09249050 31.91 301.139020 -27.480851 27.195
 92    45.439 55432.09249114 34.74 301.138160 -27.477571 27.195
 92    45.526 55432.09249179 40.00 301.137310 -27.474291 27.195
 92    45.619 55432.09249243 41.99 301.136450 -27.471001 27.195
 92    45.492 55432.09249308 42.08 301.135590 -27.467721 27.195
 92    45.670 55432.09249372 39.77 301.134730 -27.464431 27.195
 92    45.491 55432.09249437 41.00 301.133880 -27.461151 27.195
 93    45.628 55467.09244354 23.63 301.144120 -27.514008 31.241
 93    45.020 55467.09244418 23.55 301.143260 -27.510728 31.241
 93    44.741 55467.09244483 24.12 301.142400 -27.507438 31.241
 93    44.794 55467.09244547 23.65 301.141540 -27.504158 31.241
 93    45.303 55467.09244612 23.92 301.140682 -27.500873 19.029
 93    45.025 55467.09244676 24.76 301.139832 -27.497593 19.029
 93    45.202 55467.09244741 25.30 301.138972 -27.494303 19.029
 93    58.297 55467.09244805 24.77 301.138112 -27.491023 19.029
 93    46.060 55467.09244870 24.53 301.137252 -27.487743 19.029
 93    45.413 55467.09244934 26.07 301.136402 -27.484453 19.029
 93    45.371 55467.09244999 25.90 301.135542 -27.481173 19.029
 93    45.250 55467.09245063 25.19 301.134682 -27.477893 19.029
 93    45.302 55467.09245127 24.36 301.133832 -27.474613 19.029
 93    45.916 55467.09245192 23.46 301.132972 -27.471323 19.029
 93    51.122 55467.09245256 22.23 301.132112 -27.468043 19.029
 93    47.477 55467.09245321 26.33 301.131262 -27.464753 19.029
