-165537.652   221.236     0.00   17.21
-165162.030   223.190     5.20   16.08
-164786.392   228.013    12.84   17.95
-164410.740   234.603    17.54   20.91
-164035.073   241.473    18.29   19.19
-163659.391   251.090    25.60   18.75
-163283.695   261.608    27.99   18.97
-162907.983   276.017    38.35   18.00
-162532.257   286.380    27.58   15.34
-162156.516   296.725    27.53   14.71
-161780.760   301.155    11.79   13.01
-161404.989   301.917     2.03   13.51
-161029.204   296.497   -14.42   20.01
-160653.403   291.368   -13.65   21.36
-160277.588   277.407   -37.14   30.50
-159901.758   254.432   -61.13   51.45
-159525.913   222.989   -83.65   66.77
-159150.054   189.722   -88.50   75.19
-158774.179   161.754   -74.40   72.89
-158398.289   124.591   -98.85   51.05
-158022.385   102.179   -59.61   34.51
-157646.466    86.393   -41.99   14.12
-157270.532    80.729   -15.07    9.56
-156894.583    77.299    -9.12    9.23
-156518.619    71.638   -15.06    8.66
-156142.641    66.277   -14.26    8.43
-155766.647    60.651   -14.96    5.79
-155390.639    59.101    -4.12    3.88
-155014.616    61.513     6.41    7.35
-154638.577    66.694    13.78   11.95
-154262.524    77.936    29.89   17.17
-153886.456    92.617    39.03   18.26
-153510.373   106.822    37.77   18.09
-153134.276   120.124    35.36   14.82
-152758.163   127.899    20.67   12.64
-152382.035   128.436     1.43   13.89
-152005.893   128.638     0.54   13.56
-151629.736   129.179     1.44   14.84
-151253.563   131.078     5.05   13.84
-150877.376   132.417     3.56   13.26
-150501.174   125.527   -18.31   16.15
-150124.957   115.480   -26.70   16.66
-149748.725   100.436   -39.98   19.04
-149372.478    86.334   -37.48   17.32
-148996.216    75.171   -29.66   15.90
-148619.939    65.729   -25.09   12.12
-148243.647    59.540   -16.45   10.61
-147867.340    56.822    -7.22   11.34
-147491.018    55.676    -3.05   14.21
-147114.682    50.489   -13.78   13.96
-146738.330    43.139   -19.53   12.89
-146361.963    35.700   -19.76    7.66
-145985.582    31.913   -10.06    2.10
-145609.185    31.559    -0.94    1.81
-145232.773    33.560     5.32    3.76
-144856.347    36.636     8.17    6.02
-144479.905    38.164     4.06    6.22
-144103.449    41.473     8.79    6.48
-143726.977    45.155     9.78    8.32
-143350.490    48.036     7.65    9.35
-142973.989    49.798     4.68    9.45
-142597.472    48.155    -4.36    8.35
-142220.941    48.013    -0.38    7.72
-141844.394    51.497     9.25    8.94
-141467.833    55.217     9.88    8.49
-141091.256    55.622     1.07    8.80
-140714.664    49.968   -15.01   10.86
-140338.058    42.393   -20.11    9.03
-139961.436    37.993   -11.68    5.30
-139584.799    38.155     0.43    5.69
-139208.147    41.703     9.42    8.48
-138831.481    46.090    11.65    8.42
-138454.799    49.584     9.27    6.30
-138078.102    49.298    -0.76    5.93
-137701.390    47.251    -5.43    6.63
-137324.663    45.380    -4.96    6.64
-136947.921    42.893    -6.60    5.21
-136571.163    41.774    -2.97    5.18
-136194.391    40.241    -4.07    5.35
-135817.604    39.920    -0.85    6.69
-135440.801    38.846    -2.85    6.43
-135066.329    37.679    -3.12    5.86
-134692.493    38.703     2.74    7.66
-134318.643    40.822     5.67    8.44
-133944.777    43.822     8.02    8.87
-133570.897    47.310     9.33    7.47
-133197.002    49.148     4.91    5.60
-132823.093    49.310     0.44    6.49
-132449.168    48.101    -3.23    7.42
-132075.228    44.013   -10.93    9.04
-131701.274    38.417   -14.96    9.98
-131327.305    32.845   -14.90    8.34
-130953.321    29.132    -9.93    5.60
-130579.322    26.846    -6.11    2.53
-130205.308    26.194    -1.74    1.99
-129831.279    26.042    -0.41    1.71
-129457.236    25.872    -0.45    1.57
-129083.177    25.938     0.18    1.52
-128709.104    26.247     0.83    1.66
-128335.016    26.679     1.16    1.66
-127960.913    26.846     0.45    1.55
-127586.795    26.706    -0.37    2.03
-127212.662    27.036     0.88    2.51
-126838.514    26.822    -0.57    2.35
-126464.351    26.390    -1.15    2.43
-126090.173    26.432     0.11    3.22
-125715.981    25.505    -2.48    3.74
-125341.773    23.393    -5.64    4.64
-124967.551    22.514    -2.35    4.92
-124593.314    20.640    -5.01    4.55
-124219.061    18.489    -5.75    3.85
-123844.794    17.231    -3.36    3.08
-123470.512    15.751    -3.96    2.00
-123096.215    14.938    -2.17    1.53
-122721.903    14.527    -1.10    1.46
-122347.576    13.976    -1.47    1.31
-121973.234    13.731    -0.65    1.55
-121598.877    13.847     0.31    1.67
-121224.505    13.941     0.25    1.68
-120850.118    13.895    -0.12    1.69
-120475.716    13.603    -0.78    1.74
-120101.300    13.390    -0.57    1.59
-119726.868    13.480     0.24    1.60
-119352.421    13.751     0.72    1.33
-118977.959    13.845     0.25    1.39
-118603.483    13.584    -0.70    1.38
-118228.991    13.251    -0.89    1.21
-117854.484    13.597     0.92    1.49
-117479.963    13.566    -0.08    1.66
-117105.426    13.422    -0.38    2.23
-116730.874    14.310     2.37    3.24
-116356.308    15.441     3.02    3.31
-115981.726    15.632     0.51    2.59
-115607.129    15.084    -1.46    2.40
-115232.518    14.520    -1.51    2.11
-114857.891    14.013    -1.35    1.90
-114483.249    13.441    -1.53    1.40
-114108.592    13.613     0.46    1.46
-113733.921    13.655     0.11    1.43
-113359.234    14.708     2.81    1.83
-112984.532    16.322     4.31    2.60
-112609.815    18.084     4.70    2.88
-112235.083    20.725     7.05    3.51
-111860.336    23.613     7.71    4.33
-111485.574    25.799     5.83    4.75
-111110.796    28.845     8.13    4.90
-110736.004    30.870     5.40    5.35
-110361.197    33.706     7.57    5.21
-109986.375    36.393     7.17    3.82
-109611.537    37.965     4.19    2.82
-109236.685    38.915     2.53    1.77
-108861.817    39.251     0.90    1.55
-108486.934    39.251     0.00    1.59
-108112.037    38.985    -0.71    2.17
-107737.124    38.700    -0.76    2.23
-107362.196    38.122    -1.54    2.13
-106987.253    38.683     1.49    2.52
-106612.295    39.897     3.24    2.89
-106237.321    41.965     5.51    3.90
-105862.333    43.560     4.25    3.22
-105487.329    44.417     2.29    3.20
-105112.311    43.774    -1.71    3.62
-104737.277    43.078    -1.86    4.52
-104362.228    43.572     1.32    6.64
-103987.164    44.285     1.90    8.00
-103612.085    43.636    -1.73    9.10
-103236.991    41.441    -5.85    9.56
-102861.882    36.796   -12.38    7.71
-102486.757    32.731   -10.84    6.10
-102111.617    29.207    -9.39    3.23
-101736.463    27.566    -4.37    2.56
-101361.293    25.985    -4.21    2.18
-100986.107    25.334    -1.74    1.58
-100610.907    25.208    -0.33    1.42
-100235.692    25.138    -0.19    1.16
 -99860.461    25.663     1.40    1.36
 -99485.215    26.560     2.39    2.07
 -99109.954    28.049     3.97    3.01
 -98734.678    30.179     5.68    3.94
 -98359.387    33.361     8.48    5.79
 -97984.080    36.799     9.16    7.03
 -97608.759    39.694     7.71    7.02
 -97233.422    41.893     5.86    6.02
 -96858.070    42.822     2.47    4.68
 -96482.702    43.322     1.33    3.11
 -96107.320    42.981    -0.91    2.56
 -95731.922    43.085     0.28    2.55
 -95356.509    44.095     2.69    4.67
 -94981.081    44.543     1.19    5.83
 -94605.637    44.473    -0.19    6.22
 -94230.179    42.427    -5.45    5.70
 -93854.705    40.591    -4.89    4.52
 -93479.216    39.299    -3.44    3.45
 -93103.712    39.285    -0.04    3.35
 -92728.192    40.489     3.20    4.24
 -92352.657    43.700     8.55    6.81
 -91977.107    47.261     9.48    8.88
 -91601.542    49.004     4.64    8.67
 -91225.961    49.472     1.25    8.88
 -90850.366    48.632    -2.24    7.24
 -90474.755    47.241    -3.70    4.95
 -90099.128    47.227    -0.04    3.87
 -89723.487    47.036    -0.51    3.47
 -89347.830    46.771    -0.71    3.26
 -88972.158    48.132     3.62    4.21
 -88596.470    51.261     8.33    5.02
 -88220.767    55.846    12.20    7.69
 -87845.049    63.417    20.15   11.14
 -87469.316    68.703    14.07   11.04
 -87093.568    75.679    18.56    9.52
 -86717.804    79.060     9.00    8.76
 -86342.025    83.060    10.64    9.49
 -85966.230    87.890    12.85    7.08
 -85590.420    91.227     8.88    5.27
 -85214.595    92.060     2.22    6.58
 -84838.755    92.892     2.21    6.69
 -84462.899    94.417     4.06    6.24
 -84087.028    96.036     4.31    6.07
 -83711.141    96.752     1.90    4.94
 -83335.240    95.798    -2.54    6.37
 -82959.323    91.683   -10.95    9.60
 -82583.390    87.417   -11.34    9.15
 -82207.442    86.132    -3.42    8.62
 -81831.479    89.383     8.65    8.78
 -81455.501    94.274    13.01    5.90
 -81079.507    95.287     2.69    4.52
 -80703.498    93.322    -5.23    5.84
 -80327.473    89.194   -10.98    6.95
 -79951.433    85.703    -9.28    7.00
 -79575.378    83.298    -6.39    7.79
 -79199.308    80.968    -6.19    8.49
 -78823.222    79.590    -3.67    8.62
 -78447.120    76.241    -8.90   10.42
 -78071.003    72.084   -11.05   11.44
 -77694.871    65.774   -16.77   11.20
 -77318.724    60.203   -14.81    8.70
 -76942.561    56.008   -11.15    5.11
 -76566.382    54.869    -3.03    6.01
 -76190.188    53.101    -4.70    5.70
 -75813.979    51.060    -5.42    4.32
 -75437.755    49.520    -4.09    2.23
 -75061.515    49.822     0.80    3.04
 -74685.259    53.655    10.19    7.86
 -74308.988    59.370    15.19   10.93
 -73932.702    65.115    15.27   11.30
 -73556.400    70.194    13.50    8.72
 -73180.083    71.155     2.55    7.04
 -72803.751    65.869   -14.05    9.61
 -72427.403    59.124   -17.92    9.37
 -72051.039    56.060    -8.14    6.82
 -71674.660    58.632     6.83    9.21
 -71298.266    65.194    17.43   11.35
 -70921.856    73.603    22.34   10.01
 -70545.431    80.237    17.62    5.21
 -70168.990    81.941     4.53    5.46
 -69792.534    80.274    -4.43    7.07
 -69416.062    76.655    -9.61    9.43
 -69039.575    71.346   -14.10    9.04
 -68663.072    68.700    -7.03    7.80
 -68286.554    70.489     4.75    7.20
 -67910.021    73.139     7.04    7.07
 -67533.471    74.441     3.46    8.20
 -67156.907    73.370    -2.85    8.85
 -66780.327    73.310    -0.16    7.78
 -66403.731    74.346     2.75    6.47
 -66027.120    77.017     7.09    6.29
 -65650.493    80.706     9.79    6.28
 -65273.851    84.651    10.48    4.42
 -64897.194    85.822     3.11    3.60
 -64520.520    83.822    -5.31    6.02
 -64143.832    80.447    -8.96    7.72
 -63767.128    77.208    -8.60    6.95
 -63390.408    71.597   -14.89    8.66
 -63013.673    65.013   -17.48   10.06
 -62636.922    63.941    -2.84    9.18
 -62260.155    65.560     4.30    9.69
 -61883.373    70.595    13.36    9.62
 -61506.576    75.617    13.33    4.76
 -61129.763    76.334     1.90    3.32
 -60752.934    74.965    -3.63    4.55
 -60376.806    72.706    -6.01    5.93
 -60003.036    72.203    -1.35    6.90
 -59629.250    71.454    -2.00    7.74
 -59255.449    70.822    -1.69    8.71
 -58881.633    70.002    -2.19    8.60
 -58507.802    64.683   -14.23    9.88
 -58133.955    58.496   -16.55   10.49
 -57760.093    53.078   -14.49   10.41
 -57386.215    43.481   -25.67   12.54
 -57012.323    36.190   -19.50   11.41
 -56638.414    29.822   -17.03    8.56
 -56264.491    24.846   -13.31    5.19
 -55890.552    22.277    -6.87    3.71
 -55516.598    19.941    -6.25    2.09
 -55142.629    18.668    -3.40    1.69
 -54768.644    17.845    -2.20    1.11
 -54394.644    17.112    -1.96    1.16
 -54020.628    16.846    -0.71    1.39
 -53646.597    16.543    -0.81    1.37
 -53272.551    16.132    -1.10    1.12
 -52898.489    16.140     0.02    1.22
 -52524.412    16.002    -0.37    1.17
 -52150.320    15.822    -0.48    1.18
 -51776.212    15.676    -0.39    1.13
 -51402.089    15.560    -0.31    1.04
 -51027.950    15.370    -0.51    0.92
 -50653.797    15.407     0.10    1.00
 -50279.627    15.390    -0.05    1.07
 -49905.443    15.529     0.37    1.23
 -49531.242    15.393    -0.36    1.15
 -49157.027    15.489     0.25    1.12
 -48782.796    15.441    -0.13    0.96
 -48408.550    15.608     0.45    0.95
 -48034.288    15.703     0.25    0.97
 -47660.011    15.727     0.06    1.05
 -47285.718    15.798     0.19    0.99
 -46911.410    15.727    -0.19    1.01
 -46537.087    15.845     0.32    0.95
 -46162.748    15.846     0.00    0.92
 -45788.393    15.890     0.12    0.97
 -45414.024    15.915     0.07    0.89
 -45039.638    15.893    -0.06    0.97
 -44665.238    15.917     0.06    0.93
 -44290.822    15.917     0.00    0.91
 -43916.390    15.892    -0.07    0.96
 -43541.943    16.049     0.42    0.91
 -43167.481    15.915    -0.36    1.06
 -42793.003    15.962     0.12    1.28
 -42418.509    15.962     0.00    1.47
 -42044.000    15.846    -0.31    1.54
 -41669.476    15.917     0.19    1.38
 -41294.936    15.473    -1.19    1.23
 -40920.381    15.310    -0.44    1.00
 -40545.810    14.965    -0.92    0.87
 -40171.223    14.958    -0.02    0.88
 -39796.621    14.985     0.07    0.92
 -39422.004    14.993     0.02    0.92
 -39047.371    15.203     0.56    0.96
 -38672.723    15.536     0.89    1.37
 -38298.059    15.846     0.83    1.77
 -37923.379    15.655    -0.51    1.21
 -37548.685    15.346    -0.83    0.80
 -37173.974    15.132    -0.57    0.81
 -36799.248    15.222     0.24    0.93
 -36424.507    15.403     0.48    0.91
 -36049.750    15.212    -0.51    0.89
 -35674.977    14.989    -0.60    0.93
 -35300.189    14.703    -0.76    0.86
 -34925.385    14.647    -0.15    0.87
 -34550.566    14.436    -0.56    0.95
 -34175.731    14.207    -0.61    0.96
 -33800.881    14.084    -0.33    1.06
 -33426.015    14.148     0.17    1.17
 -33051.133    14.520     0.99    1.46
 -32676.236    15.004     1.29    2.29
 -32301.324    15.006     0.01    2.32
 -31926.395    14.799    -0.55    2.18
 -31551.452    14.572    -0.61    2.18
 -31176.492    14.334    -0.64    1.22
 -30801.517    14.613     0.74    1.26
 -30426.527    14.747     0.36    1.23
 -30051.520    14.686    -0.16    1.34
 -29676.499    14.437    -0.66    1.16
 -29301.461    14.450     0.03    1.33
 -28926.408    14.504     0.14    1.34
 -28551.340    14.799     0.79    1.47
 -28176.255    15.072     0.73    1.56
 -27801.156    14.664    -1.09    1.13
 -27426.040    14.686     0.06    1.15
 -27050.909    14.847     0.43    1.94
 -26675.762    14.368    -1.28    1.44
 -26300.600    14.036    -0.88    1.07
 -25925.422    13.899    -0.37    1.09
 -25550.228    14.277     1.01    1.84
 -25175.019    14.375     0.26    1.77
 -24799.794    14.287    -0.23    1.62
 -24424.554    14.217    -0.19    1.58
 -24049.297    13.892    -0.87    1.10
 -23674.025    14.027     0.36    1.23
 -23298.738    14.976     2.53    2.49
 -22923.435    16.027     2.80    3.11
 -22548.116    16.456     1.14    2.91
 -22172.781    16.659     0.54    2.68
 -21797.431    17.155     1.32    2.54
 -21422.065    17.529     1.00    2.64
 -21046.683    17.618     0.23    2.83
 -20671.286    16.697    -2.45    3.14
 -20295.873    15.536    -3.09    2.89
 -19920.444    14.264    -3.39    2.50
 -19545.000    13.822    -1.18    2.42
 -19169.539    14.132     0.82    2.77
 -18794.064    13.668    -1.23    2.58
 -18418.572    13.322    -0.92    2.32
 -18043.065    13.017    -0.81    1.76
 -17667.542    12.520    -1.32    1.01
 -17292.003    12.513    -0.02    0.92
 -16916.448    12.432    -0.21    1.00
 -16540.878    12.496     0.17    0.89
 -16165.292    12.651     0.41    0.86
 -15789.690    12.845     0.52    1.01
 -15414.073    14.752     5.08    4.45
 -15038.440    14.938     0.50    4.72
 -14662.791    14.774    -0.44    4.89
 -14287.126    13.441    -3.55    3.70
 -13911.446    11.893    -4.12    1.85
 -13535.749    11.513    -1.01    1.96
 -13160.037    11.008    -1.34    1.62
 -12784.310    10.393    -1.64    1.23
 -12408.566    10.251    -0.38    1.17
 -12032.807    10.346     0.25    1.15
 -11657.032    10.227    -0.32    1.06
 -11281.241    10.390     0.43    1.15
 -10905.434    10.504     0.30    1.34
 -10529.611    10.798     0.78    1.41
 -10153.773    11.108     0.82    1.45
  -9777.919    10.752    -0.95    1.70
  -9402.049    10.322    -1.14    1.64
  -9026.163     9.822    -1.33    1.86
  -8650.262    10.706     2.35    3.41
  -8274.344    12.985     6.06    4.55
  -7898.411    15.217     5.94    4.92
  -7522.462    14.277    -2.50    6.60
  -7146.497    10.869    -9.06    7.56
  -6770.517     6.893   -10.57    6.37
  -6394.520     3.101   -10.09    1.26
  -6018.508     2.869    -0.62    1.29
  -5642.479     2.357    -1.36    1.42
  -5266.435     2.008    -0.93    1.38
  -4890.375     1.965    -0.11    1.26
  -4514.300     1.941    -0.06    1.23
  -4138.208     2.124     0.49    1.21
  -3762.100     2.217     0.25    1.07
  -3385.977     2.072    -0.39    1.04
  -3009.838     2.357     0.76    2.57
  -2633.683     1.496    -2.29    3.26
  -2257.512     1.164    -0.89    3.64
  -1881.325     0.310    -2.27    3.74
  -1505.122    -0.085    -1.05    3.27
  -1128.903     0.527     1.63    3.35
   -752.668     0.287    -0.64    3.39
   -376.418    -0.015    -0.80    3.15
     -0.152    -1.273    -3.34    2.06
    376.131    -1.130     0.38    2.04
    752.429    -0.317     2.16    2.14
   1128.743     1.095     3.75    2.67
   1505.073     1.055    -0.11    2.73
   1881.419     0.111    -2.51    2.90
   2257.781    -0.910    -2.71    2.73
   2634.159    -1.249    -0.90    2.51
   3010.553    -0.062     3.16    2.86
   3386.962     1.427     3.95    2.82
   3763.388     3.822     6.36    4.45
   4139.830     7.985    11.06    6.95
   4516.287    12.251    11.33    7.16
   4892.761    14.346     5.57    4.46
   5269.250    14.613     0.71    2.21
   5645.756    14.520    -0.25    0.99
   6022.277    14.322    -0.53    0.80
   6398.815    14.390     0.18    0.70
   6775.368    14.613     0.59    0.71
   7151.937    14.703     0.24    0.86
   7528.523    14.636    -0.18    0.96
   7905.124    14.427    -0.56    1.14
   8281.741    14.310    -0.31    1.12
   8658.375    14.031    -0.74    1.10
   9035.024    13.989    -0.11    1.21
   9411.689    14.155     0.44    1.14
   9788.371    14.124    -0.08    1.04
  10165.068    14.504     1.01    1.20
  10541.781    14.659     0.41    1.25
  10918.511    15.013     0.94    1.29
  11295.256    15.254     0.64    1.28
  11672.018    15.403     0.40    1.12
  12048.795    15.380    -0.06    1.10
  12425.588    15.203    -0.47    0.96
  12802.398    14.981    -0.59    0.94
  13179.224    14.965    -0.04    0.84
  13556.065    15.066     0.27    0.83
  13932.923    15.264     0.53    0.88
  14309.797    15.334     0.19    0.86
  14684.514    15.310    -0.06    0.83
  15058.236    15.357     0.12    0.77
  15431.973    15.274    -0.22    0.89
  15805.727    15.496     0.59    0.99
  16179.496    15.441    -0.15    1.23
  16553.281    15.217    -0.60    1.43
  16927.082    15.060    -0.42    1.39
  17300.899    14.822    -0.64    1.21
  17674.731    14.659    -0.44    1.11
  18048.580    14.481    -0.48    0.94
  18422.444    14.504     0.06    0.86
  18796.323    14.540     0.10    0.89
  19170.219    14.413    -0.34    0.92
  19544.131    14.227    -0.50    1.06
  19918.058    13.985    -0.65    1.09
  20292.001    13.989     0.01    0.96
  20665.960    14.172     0.49    0.86
  21039.935    14.049    -0.33    0.83
  21413.926    14.104     0.15    0.86
  21787.932    14.031    -0.19    1.10
  22161.955    14.055     0.06    1.09
  22535.993    14.055     0.00    1.15
  22910.047    13.958    -0.26    1.17
  23284.117    13.927    -0.08    1.20
  23658.203    13.799    -0.34    1.13
  24032.304    13.848     0.13    1.25
  24406.422    13.799    -0.13    1.18
  24780.555    13.504    -0.79    1.14
  25154.705    13.407    -0.26    1.07
  25528.870    13.277    -0.35    0.90
  25903.051    13.164    -0.30    0.99
  26277.248    13.208     0.12    1.15
  26651.461    12.985    -0.60    1.25
  27025.690    12.822    -0.44    1.14
  27399.934    12.752    -0.19    1.06
  27774.195    12.694    -0.16    0.98
  28148.471    12.458    -0.63    1.06
  28522.764    12.540     0.22    1.21
  28897.072    12.298    -0.65    1.21
  29271.396    12.124    -0.46    1.12
  29645.737    12.055    -0.19    1.00
  30020.093    11.890    -0.44    1.02
  30394.465    11.899     0.02    0.96
  30768.853    12.004     0.28    0.92
  31143.257    12.013     0.02    0.86
  31517.676    12.008    -0.01    0.88
  31892.112    12.101     0.25    0.96
  32266.564    12.188     0.23    0.94
  32641.032    12.049    -0.37    0.94
  33015.515    12.066     0.04    0.89
  33390.015    11.917    -0.40    0.88
  33764.531    11.917     0.00    0.93
  34139.062    11.870    -0.13    1.08
  34513.610    12.084     0.57    1.06
  34888.173    12.164     0.21    1.13
  35262.753    12.140    -0.06    0.98
  35637.348    12.090    -0.13    1.05
  36011.960    12.031    -0.16    1.01
  36386.587    12.004    -0.07    0.87
  36761.231    11.917    -0.23    0.98
  37135.890    12.031     0.30    0.86
  37510.566    12.031     0.00    0.91
  37885.257    12.055     0.06    0.90
  38259.965    12.013    -0.11    0.77
  38634.689    11.776    -0.63    0.79
  39009.428    11.659    -0.31    0.72
  39384.184    12.892     3.29    6.17
  39758.955    16.148     8.69   11.04
  40133.743    18.473     6.21   12.41
  40508.547    23.892    14.46   14.95
  40883.367    29.985    16.26   17.00
  41258.202    35.171    13.84   16.83
  41633.054    39.962    12.78   15.05
  42007.922    40.640     1.81   13.64
  42382.806    39.706    -2.49   14.36
  42757.706    35.055   -12.41   14.53
  43132.622    30.944   -10.96   15.05
  43507.554    25.299   -15.06   12.41
  43882.503    22.031    -8.72    9.62
  44257.467    18.231   -10.14    4.98
  44632.447    16.915    -3.51    4.53
  45007.444    15.683    -3.29    3.45
  45382.456    15.322    -0.96    3.08
  45757.485    14.608    -1.90    2.26
  46132.530    14.078    -1.41    1.51
  46507.591    13.981    -0.26    1.31
  46882.668    13.752    -0.61    1.30
  47257.761    13.436    -0.84    0.81
  47632.870    13.636     0.53    0.88
  48007.995    13.774     0.37    0.79
  48383.137    13.893     0.32    0.75
  48758.294    14.008     0.31    0.82
  49133.468    13.776    -0.62    0.84
  49508.658    14.203     1.14    1.23
  49883.864    15.800     4.26    3.43
  50259.086    19.072     8.72    6.91
  50634.324    25.798    17.93    9.65
  51009.579    29.915    10.97    8.45
  51384.849    28.124    -4.77    9.53
  51760.136    26.590    -4.09    9.62
  52135.439    21.915   -12.46    8.68
  52510.758    21.774    -0.37    8.88
  52886.093    23.752     5.27    9.98
  53261.445    26.543     7.44   10.70
  53636.812    28.101     4.15    9.93
  54012.196    25.108    -7.97   11.00
  54387.596    21.334   -10.05   10.70
  54763.012    16.008   -14.19    8.35
  55138.444    12.017   -10.63    3.30
  55513.893    12.458     1.18    5.23
  55889.358    12.938     1.28    5.44
  56264.838    13.036     0.26    5.53
  56640.336    13.008    -0.08    5.35
  57015.849    11.393    -4.30    2.04
  57391.379    11.489     0.25    2.17
  57766.924    11.749     0.69    2.24
  58142.486    11.613    -0.36    2.10
  58518.065    10.968    -1.72    2.07
  58893.659    10.776    -0.51    1.66
  59269.270    10.155    -1.65    1.00
  59644.897     9.872    -0.75    0.93
  60020.540     9.799    -0.19    0.90
  60396.199     9.522    -0.74    0.85
  60771.875     9.465    -0.15    0.79
  61147.567     9.322    -0.38    0.94
  61523.275     9.101    -0.59    1.12
  61899.000     8.938    -0.43    1.20
  62274.740     8.700    -0.63    1.19
  62650.497     8.549    -0.40    1.06
  63026.271     8.383    -0.44    0.92
  63402.060     8.287    -0.26    0.91
  63777.866     8.322     0.09    0.92
  64153.688     8.372     0.13    0.81
  64529.527     8.345    -0.07    0.90
  64905.381     8.284    -0.16    0.94
  65281.252     8.179    -0.28    0.96
  65657.140     7.985    -0.52    1.02
  66033.043     7.729    -0.68    1.09
  66408.963     7.543    -0.49    0.91
  66784.900     7.497    -0.12    0.94
  67160.852     7.663     0.44    0.89
  67536.821     7.578    -0.23    0.92
  67912.806     7.368    -0.56    0.90
  68288.808     7.346    -0.06    0.92
  68664.826     7.383     0.10    1.03
  69040.860     7.481     0.26    0.86
  69416.911     7.514     0.09    0.66
  69792.978     7.357    -0.42    0.70
  70169.061     7.171    -0.49    0.69
  70545.161     7.031    -0.37    0.77
  70921.277     6.936    -0.25    0.84
  71297.409     6.972     0.10    0.80
  71673.558     6.936    -0.10    0.78
  72049.723     6.822    -0.30    0.74
  72425.904     6.958     0.36    0.73
  72802.102     6.917    -0.11    0.66
  73178.317     6.725    -0.51    0.83
  73554.547     6.890     0.44    0.85
  73930.794     6.796    -0.25    0.90
  74307.058     6.985     0.50    1.02
  74683.338     6.822    -0.43    1.07
  75059.634     7.031     0.56    1.23
  75435.947     6.981    -0.13    1.29
  75812.276     6.950    -0.08    1.61
  76188.621     7.027     0.20    1.47
  76564.983     7.261     0.62    2.17
  76941.361     7.095    -0.44    2.21
  77317.756     6.706    -1.03    1.58
  77694.167     6.554    -0.40    1.20
  78070.595     6.254    -0.80    1.23
  78447.039     6.463     0.56    1.51
  78823.500     6.357    -0.28    1.55
  79199.977     6.520     0.43    1.66
  79576.470     6.287    -0.62    1.61
  79952.980     6.186    -0.27    1.63
  80329.506     5.848    -0.90    1.29
  80706.049     5.913     0.17    1.20
  81082.608     5.944     0.08    1.40
  81459.184     5.845    -0.26    1.37
  81835.776     5.776    -0.18    1.43
  82212.385     5.697    -0.21    1.83
  82589.010     5.572    -0.33    1.78
  82965.652     5.591     0.05    1.83
  83342.310     5.536    -0.15    1.52
  83718.985     5.590     0.14    1.74
  84095.676     5.752     0.43    1.58
  84472.384     5.413    -0.90    1.42
  84849.108     5.547     0.36    1.41
  85225.849     5.549     0.01    1.56
  85602.606     5.798     0.66    1.54
  85979.380     5.962     0.43    1.52
  86356.170     5.776    -0.49    1.21
  86732.977     5.922     0.39    1.26
  87109.800     5.640    -0.75    1.24
  87486.640     5.422    -0.58    1.10
  87863.496     5.489     0.18    1.12
  88240.369     5.566     0.21    1.24
  88617.259     5.346    -0.58    1.25
  88994.165     5.322    -0.06    1.21
  89370.640     5.372     0.13    1.01
  89744.293     5.345    -0.07    1.07
  90117.962     5.393     0.13    1.11
  90491.647     5.427     0.09    1.09
  90865.348     5.450     0.06    1.02
  91239.066     5.407    -0.11    1.07
  91612.800     5.527     0.32    0.98
  91986.550     5.694     0.45    0.92
  92360.316     5.618    -0.20    0.79
  92734.099     5.566    -0.14    0.90
  93107.898     5.264    -0.81    0.91
  93481.713     5.334     0.19    1.33
  93855.545     5.047    -0.77    1.62
  94229.393     4.754    -0.78    1.65
  94603.257     4.591    -0.43    1.69
  94977.138     4.310    -0.75    1.32
  95351.035     4.072    -0.64    1.22
  95724.948     4.008    -0.17    1.24
  96098.878     3.686    -0.86    1.19
  96472.823     3.585    -0.27    1.17
  96846.786     3.481    -0.28    1.10
  97220.764     3.472    -0.02    1.12
  97594.759     3.659     0.50    1.40
  97968.770     3.981     0.86    1.46
  98342.798     4.060     0.21    1.32
  98716.842     4.368     0.82    1.27
  99090.902     4.480     0.30    1.02
  99464.979     4.958     1.28    1.29
  99839.072     5.101     0.38    1.39
 100213.181     5.368     0.71    1.55
 100587.307     5.659     0.78    1.86
 100961.449     5.772     0.30    1.91
 101335.607     5.640    -0.35    2.09
 101709.782     5.172    -1.25    2.19
 102083.974     5.004    -0.45    1.97
 102458.181     4.962    -0.11    1.83
 102832.405     4.938    -0.06    1.83
 103206.646     4.989     0.13    1.81
 103580.903     4.899    -0.24    1.90
 103955.176     4.936     0.10    1.93
 104329.466     5.072     0.36    1.78
 104703.772     4.774    -0.80    1.81
 105078.094     4.310    -1.24    2.05
 105452.433     3.822    -1.30    1.75
 105826.789     3.403    -1.12    1.28
 106201.161     3.547     0.38    1.04
 106575.549     3.618     0.19    1.00
 106949.953     3.749     0.35    1.17
 107324.375     3.473    -0.74    1.21
 107698.812     3.287    -0.50    1.33
 108073.266     3.251    -0.10    1.15
 108447.737     3.124    -0.34    1.15
 108822.224     3.060    -0.17    1.30
 109196.727     2.989    -0.19    1.40
 109571.247     2.915    -0.20    1.48
 109945.784     3.148     0.62    1.80
 110320.336     3.203     0.15    1.67
 110694.906     3.008    -0.52    1.83
 111069.492     3.004    -0.01    1.53
 111444.094     2.703    -0.80    1.27
 111818.713     2.777     0.20    1.38
 112193.348     2.978     0.54    1.31
 112568.000     2.659    -0.85    1.38
 112942.668     2.679     0.05    1.51
 113317.353     2.729     0.13    1.49
 113692.054     2.543    -0.50    1.47
 114066.772     2.346    -0.53    1.42
 114441.507     2.227    -0.32    1.33
 114816.257     1.981    -0.66    1.36
 115191.025     1.869    -0.30    1.43
 115565.809     1.731    -0.37    1.33
 115940.609     1.520    -0.56    1.73
 116315.426     1.417    -0.27    1.80
 116690.260     1.798     1.02    1.54
 117065.110     1.706    -0.25    1.58
 117439.977     1.618    -0.24    1.76
 117814.860     1.640     0.06    1.69
 118189.760     1.572    -0.18    1.43
 118564.676     1.729     0.42    1.43
 118939.609     1.962     0.62    1.70
 119314.559     1.640    -0.86    1.77
 119689.525     1.504    -0.36    1.71
 120064.508     1.403    -0.27    1.50
 120439.507     1.241    -0.43    1.37
 120814.523     1.241     0.00    1.26
 121189.555     1.334     0.25    1.37
 121564.604     1.456     0.33    1.44
 121939.670     1.733     0.74    1.40
 122314.752     1.962     0.61    1.39
 122689.851     1.686    -0.74    1.41
 123064.967     1.729     0.12    1.51
 123440.099     1.868     0.37    1.31
 123815.248     1.890     0.06    1.34
 124190.413     1.938     0.13    1.26
 124565.595     2.403     1.24    1.18
 124940.794     2.322    -0.22    1.28
 125316.009     2.436     0.30    1.53
 125691.241     2.436     0.00    1.59
 126066.490     2.496     0.16    1.57
 126441.755     2.357    -0.37    1.55
 126817.037     2.264    -0.25    1.56
 127192.335     2.403     0.37    1.47
 127567.650     2.590     0.50    1.25
 127942.982     2.543    -0.12    1.42
 128318.331     2.549     0.02    1.25
 128693.696     2.584     0.09    1.27
 129069.078     2.774     0.51    1.34
 129444.477     3.049     0.73    1.08
 129819.892     2.277    -2.06    1.65
 130195.324     1.731    -1.45    1.89
 130570.773     0.845    -2.36    1.68
 130946.238    -0.087    -2.48    0.47
 131321.720    -0.178    -0.24    0.00
 131697.219    -0.178     0.00    0.00
 132072.734    -0.178     0.00    0.00
 132448.267    -0.131     0.12    0.30
 132823.816     0.111     0.65    0.76
 133199.381     0.520     1.09    1.26
 133574.964     0.917     1.06    1.45
 133950.563     1.298     1.01    1.49
 134326.179     1.403     0.28    1.45
 134701.811     1.390    -0.04    1.44
 135077.461     1.618     0.61    1.55
 135453.127     1.572    -0.12    1.60
 135828.810     1.008    -1.50    1.45
 136204.509     1.124     0.31    1.42
 136580.226     1.549     1.13    1.60
 136955.959     1.958     1.09    1.68
 137331.709     1.890    -0.18    1.37
 137707.476     2.217     0.87    1.50
 138083.259     2.465     0.66    1.43
 138459.059     3.013     1.46    2.05
 138834.876     4.496     3.95    2.96
 139210.710     6.118     4.31    3.53
 139586.561     7.938     4.85    3.49
 139962.428    10.022     5.54    3.19
 140338.313    11.608     4.22    2.66
 140714.214    12.108     1.33    2.17
 141090.132    11.868    -0.64    2.29
 141466.066    10.527    -3.57    2.83
 141842.018     8.981    -4.11    2.74
 142217.986     7.915    -2.84    2.44
 142593.971     7.543    -0.99    2.35
 142969.973     8.985     3.84    2.86
 143345.992    10.659     4.45    3.26
 143722.028    12.299     4.36    2.98
 144098.080    13.078     2.07    2.91
 144474.150    13.689     1.62    3.41
 144850.236    13.417    -0.72    3.34
 145226.339    13.751     0.89    3.07
 145602.459    15.277     4.06    3.53
 145978.596    16.777     3.99    3.47
 146354.750    19.287     6.68    3.29
 146730.920    21.913     6.98    3.28
 147107.108    24.140     5.92    3.31
 147483.312    26.450     6.14    3.04
 147859.533    28.101     4.39    2.78
 148235.771    29.277     3.12    2.13
 148612.026    29.936     1.75    1.94
 148988.298    30.231     0.79    1.87
 149364.587    30.520     0.77    1.60
 149740.893    30.310    -0.56    1.83
 150117.216    30.264    -0.12    1.94
 150493.555    30.403     0.37    1.84
 150869.912    30.171    -0.62    2.13
 151246.285    30.322     0.40    2.11
 151622.675    30.458     0.36    2.14
 151999.083    30.774     0.84    2.31
 152375.507    31.078     0.81    2.53
 152751.948    31.822     1.98    2.52
 153128.406    32.277     1.21    2.19
 153504.881    32.590     0.83    1.85
 153881.373    32.798     0.55    1.99
 154257.882    32.590    -0.55    2.06
 154634.408    32.543    -0.12    2.47
 155010.951    31.822    -1.91    2.62
 155387.511    30.962    -2.29    3.14
 155764.088    29.520    -3.83    4.07
 156140.681    28.031    -3.95    3.89
 156517.292    27.496    -1.42    3.59
 156893.920    27.027    -1.25    3.90
 157270.565    27.777     1.99    3.42
 157647.227    28.322     1.45    3.31
 158023.905    28.590     0.71    2.80
 158400.601    28.595     0.01    2.63
 158777.314    28.118    -1.27    2.85
 159154.044    26.254    -4.95    2.97
 159530.790    24.777    -3.92    4.51
 159907.554    23.287    -3.95    5.17
 160284.335    21.774    -4.02    4.13
 160661.133    21.489    -0.76    4.71
 161037.948    20.124    -3.62    4.07
 161414.780    19.595    -1.41    3.82
 161791.629    19.148    -1.19    3.67
 162168.495    17.640    -4.00    2.99
 162545.378    16.013    -4.32    2.72
 162922.278    14.890    -2.98    2.24
 163299.196    14.289    -1.60    1.87
 163676.130    13.729    -1.49    1.77
 164053.081    13.683    -0.12    1.82
 164428.052    13.055    -1.67    1.66
 164801.654    12.543    -1.37    1.72
 165175.273    12.203    -0.91    1.62
 165548.908    11.962    -0.65    1.54
 165922.561    11.799    -0.43    1.61
 166296.230    11.496    -0.81    1.49
 166669.915    11.111    -1.03    1.39
 167043.618    10.590    -1.40    1.63
 167417.337    10.322    -0.72    1.58
 167791.073    10.465     0.38    1.83
 168164.826    10.706     0.64    1.89
 168538.596    10.958     0.68    1.84
 168912.382    11.287     0.88    2.03
 169286.186    11.527     0.64    1.94
 169660.006    11.845     0.85    1.87
 170033.843    12.208     0.97    1.96
 170407.696    12.072    -0.36    1.89
 170781.567    11.706    -0.98    2.36
 171155.454    10.708    -2.67    2.42
 171529.359    10.004    -1.88    2.15
 171903.280     9.322    -1.82    1.72
 172277.217     8.915    -1.09    1.29
 172651.172     8.663    -0.67    1.24
 173025.144     8.345    -0.85    1.49
 173399.132     7.915    -1.15    1.32
 173773.137     7.776    -0.37    1.17
 174147.159     7.458    -0.85    1.42
 174521.198     7.299    -0.43    1.37
 174895.254     7.390     0.24    1.45
 175269.327     7.496     0.28    1.43
 175643.416     7.370    -0.34    1.35
 176017.523     7.543     0.46    1.44
 176391.646     7.590     0.12    1.54
 176765.786     7.844     0.68    1.41
 177139.943     7.590    -0.68    1.31
 177514.117     7.667     0.21    1.31
 177888.308     7.636    -0.08    1.26
 178262.516     7.846     0.56    1.42
 178636.741     8.613     2.05    1.68
 179010.982     9.287     1.80    1.84
 179385.241    10.178     2.38    1.85
 179759.516    11.254     2.88    1.59
 180133.808    11.867     1.64    1.58
 180508.118    12.706     2.24    1.43
 180882.444    13.774     2.86    1.65
 181256.787    14.985     3.23    2.10
 181631.147    16.380     3.73    1.92
 182005.524    17.659     3.42    1.99
 182379.918    18.985     3.54    1.94
 182754.329    19.689     1.88    1.49
 183128.757    19.549    -0.37    1.90
 183503.201    18.822    -1.94    2.78
 183877.663    17.731    -2.91    2.89
 184252.142    16.752    -2.61    2.85
 184626.638    16.346    -1.09    2.64
 185001.150    15.450    -2.39    2.71
 185375.680    13.520    -5.15    3.47
 185750.227    11.095    -6.48    3.64
 186124.790     8.703    -6.39    2.92
 186499.371     7.636    -2.85    2.18
 186873.969     7.799     0.43    1.61
 187248.583     8.370     1.52    3.02
 187623.215     9.504     3.03    3.06
 187997.863    10.751     3.33    2.87
 188372.529    11.555     2.15    2.86
 188747.212    11.370    -0.50    2.13
 189121.911    11.334    -0.10    2.25
 189496.628    11.179    -0.41    1.71
 189871.362    11.299     0.32    1.65
 190246.113    11.241    -0.16    1.48
 190620.881    11.441     0.53    1.34
 190995.665    11.618     0.47    1.34
 191370.467    12.403     2.10    1.56
 191745.286    12.751     0.93    1.31
 192120.122    13.403     1.74    1.31
 192494.975    13.754     0.93    1.19
 192869.846    13.613    -0.38    1.25
 193244.733    13.397    -0.58    1.58
 193619.637    12.708    -1.84    1.71
 193994.558    11.938    -2.05    1.87
 194369.497    10.989    -2.53    1.90
 194744.452     9.936    -2.81    1.96
 195119.425     9.441    -1.32    1.83
 195494.415     9.822     1.02    2.11
 195869.421    10.895     2.86    1.81
 196244.445    11.822     2.47    1.56
 196619.486    11.893     0.19    1.99
 196994.545    11.264    -1.68    2.56
 197369.620    10.031    -3.29    2.86
 197744.712     8.042    -5.31    2.47
 198119.822     6.572    -3.92    2.11
 198494.948     5.749    -2.19    1.59
 198870.092     5.217    -1.42    0.98
 199245.253     5.171    -0.12    1.33
 199620.431     5.140    -0.08    1.46
 199995.626     5.584     1.18    1.79
 200370.838     6.097     1.37    2.28
 200746.068     6.027    -0.19    2.16
 201121.314     6.108     0.22    2.05
 201496.578     6.036    -0.19    1.99
 201871.859     7.027     2.64    2.34
 202247.157     7.938     2.43    2.77
 202622.472     9.140     3.20    2.77
 202997.805    10.297     3.08    3.23
 203373.154    10.095    -0.54    3.21
 203748.521     9.774    -0.85    3.04
 204123.905     9.489    -0.76    3.15
 204499.307     8.958    -1.41    2.66
 204874.725     8.465    -1.31    2.28
 205250.161     8.163    -0.80    1.72
 205625.613     8.489     0.87    1.46
 206001.083     8.683     0.52    1.41
 206376.571     9.060     1.01    1.14
 206752.075     9.754     1.85    1.65
 207127.597    10.962     3.22    2.43
 207503.136    12.108     3.05    2.64
 207878.692    12.890     2.08    2.77
 208254.265    14.496     4.28    3.10
 208629.856    15.322     2.20    3.19
 209005.464    15.962     1.70    3.23
 209381.089    17.254     3.44    3.74
 209756.731    18.186     2.48    3.61
 210132.391    19.090     2.41    3.61
 210508.068    21.481     6.37    4.32
 210883.762    24.357     7.66    4.73
 211259.473    26.727     6.31    4.70
 211635.202    28.913     5.82    5.20
 212010.948    30.846     5.15    4.52
 212386.711    32.333     3.96    4.46
 212762.492    34.560     5.93    5.11
 213138.290    37.869     8.81    6.52
 213514.105    42.917    13.44    5.69
 213889.937    45.800     7.67    3.07
 214265.787    46.403     1.61    2.58
 214641.654    44.989    -3.76    3.44
 215017.539    42.822    -5.77    3.95
 215393.440    39.706    -8.29    4.22
 215769.359    37.241    -6.56    3.56
 216145.296    35.310    -5.14    3.23
 216521.249    33.289    -5.38    3.45
 216897.220    31.504    -4.75    4.14
 217273.209    29.846    -4.41    4.29
 217649.214    28.754    -2.90    4.75
 218025.237    28.264    -1.30    5.15
 218401.278    27.958    -0.81    5.58
 218777.336    27.357    -1.60    5.44
 219153.411    26.465    -2.37    5.22
 219529.503    25.527    -2.50    5.05
 219905.613    24.613    -2.43    4.84
 220281.740    24.044    -1.51    4.74
 220657.885    23.543    -1.33    4.76
 221034.047    23.213    -0.88    5.10
 221410.226    22.310    -2.40    4.88
 221786.423    22.683     0.99    4.94
 222162.637    23.458     2.06    5.06
 222538.869    23.572     0.30    4.79
 222915.118    23.868     0.79    4.56
 223291.384    22.890    -2.60    4.41
 223667.668    20.913    -5.26    4.34
 224043.969    19.334    -4.20    4.23
 224420.288    18.310    -2.72    4.01
 224796.624    17.663    -1.72    3.79
 225172.977    16.890    -2.05    3.35
 225549.348    15.667    -3.25    3.20
 225925.737    14.241    -3.79    2.77
 226302.142    13.264    -2.60    2.05
 226678.566    12.869    -1.05    1.75
 227055.006    12.357    -1.36    1.64
 227431.464    12.171    -0.49    1.67
 227807.940    11.981    -0.50    1.61
 228184.433    11.868    -0.30    1.84
 228560.944    12.101     0.62    1.88
 228937.472    12.163     0.16    2.43
 229314.017    12.322     0.42    2.48
 229690.580    12.095    -0.60    2.31
 230067.161    11.683    -1.09    2.07
 230443.759    11.549    -0.35    1.87
 230820.374    11.458    -0.24    1.93
 231197.007    11.231    -0.60    2.08
 231573.657    11.390     0.42    2.32
 231950.325    11.752     0.96    3.00
 232327.011    13.055     3.46    3.58
 232703.714    14.798     4.63    3.90
 233080.434    15.958     3.08    3.87
 233457.172    16.978     2.71    3.73
 233833.928    18.264     3.41    3.33
 234210.701    18.958     1.84    2.72
 234587.492    19.227     0.71    2.42
 234964.300    19.436     0.55    2.44
 235341.126    19.663     0.60    2.19
 235717.969    19.981     0.84    2.17
 236094.830    19.679    -0.80    2.74
 236471.708    18.520    -3.08    3.71
 236848.604    16.089    -6.45    4.81
 237225.518    14.227    -4.94    4.66
 237602.449    11.776    -6.50    3.32
 237979.397     9.640    -5.67    2.19
 238356.364     8.915    -1.92    1.92
 238733.348     8.595    -0.85    1.60
 239110.188     8.846     0.67    1.97
 239483.719    10.027     3.16    2.34
 239857.267    10.536     1.36    2.55
 240230.833    10.799     0.70    2.41
 240604.416    11.572     2.07    2.44
 240978.016    12.108     1.43    2.62
 241351.633    13.595     3.98    2.71
 241725.268    14.893     3.48    2.13
 242098.920    16.200     3.50    1.95
 242472.589    16.393     0.52    1.90
 242846.276    15.981    -1.10    2.16
 243219.980    14.846    -3.04    2.81
 243593.701    13.776    -2.86    3.17
 243967.439    12.962    -2.18    3.36
 244341.195    12.513    -1.20    3.58
 244714.968    11.866    -1.73    3.60
 245088.759    11.298    -1.52    4.12
 245462.566     9.527    -4.74    4.10
 245836.391     7.870    -4.43    3.40
 246210.234     7.217    -1.75    3.16
 246584.093     6.663    -1.48    2.70
 246957.970     6.917     0.68    2.64
 247331.865     6.778    -0.37    2.65
 247705.777     6.632    -0.39    2.66
 248079.706     6.095    -1.44    2.81
 248453.652     5.450    -1.72    2.41
 248827.616     4.566    -2.36    2.35
 249201.597     3.049    -4.06    2.55
 249575.595     2.013    -2.77    2.17
 249949.611     1.049    -2.58    1.41
 250323.645     0.595    -1.22    1.16
 250697.695     0.496    -0.26    1.17
 251071.763     0.595     0.26    1.36
 251445.849     0.368    -0.61    1.32
 251819.951     0.322    -0.12    1.44
 252194.072     0.393     0.19    1.43
 252568.209     0.027    -0.98    1.49
 252942.364     0.436     1.09    1.90
 253316.537     1.008     1.53    2.34
 253690.726     1.231     0.60    2.43
 254064.934     1.277     0.12    2.59
 254439.158     1.345     0.18    2.27
 254813.400     1.536     0.51    2.41
 255187.660     2.936     3.74    3.03
 255561.937     4.844     5.10    3.24
 255936.231     6.072     3.28    2.70
 256310.543     6.277     0.55    3.05
 256684.872     5.264    -2.71    3.08
 257059.219     4.799    -1.24    2.99
 257433.583     4.584    -0.58    2.70
 257807.965     5.549     2.58    2.76
 258182.364     7.126     4.21    3.79
 258556.781     9.004     5.02    3.85
 258931.215    11.027     5.40    3.83
 259305.666    12.124     2.93    3.38
 259680.135    13.962     4.91    3.15
 260054.622    15.870     5.10    2.82
 260429.126    17.055     3.16    2.23
 260803.647    17.366     0.83    1.89
 261178.186    16.985    -1.02    1.99
 261552.743    15.844    -3.05    2.14
 261927.317    14.869    -2.61    2.40
 262301.908    13.254    -4.31    2.56
 262676.517    12.274    -2.62    2.15
 263051.144    11.686    -1.57    2.20
 263425.788    12.178     1.31    2.75
 263800.449    12.706     1.41    2.54
 264175.129    12.333    -0.99    2.46
 264549.825    12.310    -0.06    2.40
 264924.539    12.733     1.13    2.28
 265299.271    13.393     1.76    2.24
 265674.021    13.754     0.96    1.95
 266048.787    13.095    -1.76    2.23
 266423.572    12.118    -2.61    2.43
 266798.374    10.254    -4.97    2.58
 267173.193     9.513    -1.98    2.35
 267548.030     9.640     0.34    2.45
 267922.885    10.799     3.09    2.70
 268297.757    12.590     4.78    2.37
 268672.647    13.299     1.89    1.96
 269047.555    13.527     0.61    1.87
 269422.480    13.686     0.42    2.04
 269797.423    13.608    -0.21    2.11
 270172.383    12.868    -1.97    2.38
 270547.361    11.867    -2.67    2.50
 270922.356    11.310    -1.48    2.44
 271297.369    10.527    -2.09    2.72
 271672.400    10.031    -1.32    3.00
 272047.448     9.155    -2.34    3.29
 272422.514     8.417    -1.97    3.22
 272797.598     7.310    -2.95    2.97
 273172.699     6.644    -1.78    2.69
 273547.818     5.799    -2.25    2.65
 273922.955     5.413    -1.03    2.76
 274298.109     4.729    -1.82    2.93
 274673.281     3.489    -3.31    3.32
 275048.470     2.513    -2.60    2.85
 275423.677     1.981    -1.42    1.96
 275798.902     1.689    -0.78    1.27
 276174.145     1.729     0.11    1.31
 276549.405     1.436    -0.78    1.48
 276924.683     1.393    -0.11    1.43
 277299.978     1.800     1.08    1.80
 277675.292     2.703     2.41    2.19
 278050.623     3.390     1.83    2.34
 278425.971     4.346     2.55    2.48
 278801.338     5.148     2.14    2.26
 279176.722     6.686     4.10    2.73
 279552.123     7.893     3.22    3.15
 279927.543     7.431    -1.23    3.39
 280302.980     6.473    -2.55    4.03
 280678.435     4.981    -3.98    3.26
 281053.908     3.941    -2.77    2.24
 281429.398     4.060     0.32    2.36
 281804.906     5.254     3.18    2.82
 282180.432     6.422     3.11    3.06
 282555.976     7.731     3.49    3.76
 282931.537     9.390     4.42    3.79
 283307.116    10.427     2.76    3.98
 283682.713    11.549     2.99    4.33
 284058.328    12.261     1.90    4.63
 284433.960    13.436     3.13    5.39
 284809.611    14.989     4.14    6.20
 285185.279    16.004     2.70    6.51
 285560.964    16.527     1.39    6.43
 285936.668    15.078    -3.86    4.60
 286312.389    15.731     1.74    4.05
 286688.128    16.042     0.83    4.40
 287063.885    17.413     3.65    4.78
 287439.660    20.101     7.16    5.06
 287815.453    22.345     5.97    4.46
 288191.263    24.618     6.05    3.86
 288567.091    26.529     5.09    3.18
 288942.937    27.413     2.35    2.57
 289318.801    28.097     1.82    2.11
 289694.683    27.600    -1.32    2.66
 290070.582    26.479    -2.98    3.00
