-220287.807    26.922     0.00    2.42
-219911.994    26.541    -1.01    2.08
-219536.166    26.098    -1.18    1.80
-219160.324    25.744    -0.94    1.70
-218784.466    26.399     1.74    2.50
-218408.594    26.994     1.58    2.97
-218032.707    27.637     1.71    3.15
-217656.805    27.933     0.79    2.81
-217280.889    27.421    -1.36    2.46
-216904.957    27.005    -1.10    2.22
-216529.011    26.811    -0.52    2.18
-216153.049    26.610    -0.53    1.76
-215777.073    26.518    -0.24    1.72
-215401.083    26.922     1.07    2.05
-215025.077    26.713    -0.56    2.13
-214649.056    26.215    -1.33    2.20
-214273.021    26.177    -0.10    1.95
-213896.970    26.065    -0.30    1.99
-213520.905    25.851    -0.57    2.00
-213144.825    25.994     0.38    1.80
-212768.730    25.630    -0.97    2.43
-212392.620    25.250    -1.01    2.88
-212016.496    25.208    -0.11    3.09
-211640.356    25.446     0.63    3.02
-211264.202    25.669     0.59    2.56
-210888.032    25.494    -0.47    1.79
-210511.848    26.084     1.57    2.45
-210135.649    26.851     2.04    2.98
-209759.435    26.637    -0.57    3.40
-209383.206    26.726     0.24    3.52
-209006.962    26.843     0.31    3.37
-208630.703    27.391     1.46    3.47
-208254.430    27.221    -0.45    3.51
-207878.141    25.970    -3.32    3.17
-207501.837    24.657    -3.49    2.45
-207125.519    24.959     0.80    2.84
-206749.186    25.731     2.05    2.94
-206372.837    25.562    -0.45    2.60
-205996.474    25.519    -0.11    2.19
-205620.096    25.518    -0.00    1.84
-205243.703    25.351    -0.44    2.13
-204867.295    25.314    -0.10    2.34
-204490.871    25.585     0.72    2.34
-204114.433    25.519    -0.17    2.27
-203737.980    25.827     0.82    2.34
-203361.512    25.843     0.04    2.17
-202985.030    24.969    -2.32    1.95
-202608.532    23.994    -2.59    2.12
-202232.019    23.731    -0.70    2.67
-201855.491    23.357    -0.99    2.47
-201478.948    23.470     0.30    2.48
-201102.390    23.610     0.37    2.06
-200725.817    24.221     1.62    2.17
-200349.230    24.853     1.68    2.25
-199972.627    24.698    -0.41    2.27
-199596.009    25.219     1.38    2.80
-199219.376    25.192    -0.07    2.68
-198842.728    26.208     2.70    2.67
-198466.066    25.930    -0.74    2.53
-198089.388    25.607    -0.86    2.55
-197712.695    26.263     1.74    2.75
-197335.987    26.128    -0.36    2.62
-196959.264    25.922    -0.55    2.78
-196582.526    25.445    -1.27    3.07
-196205.773    24.130    -3.49    2.58
-195829.005    23.441    -1.83    2.08
-195452.222    22.827    -1.63    1.39
-195077.784    22.447    -1.01    1.15
-194703.962    22.470     0.06    1.12
-194330.125    22.827     0.96    1.36
-193956.273    22.802    -0.07    1.36
-193582.407    23.215     1.11    1.20
-193208.525    23.544     0.88    1.28
-192834.629    23.469    -0.20    1.44
-192460.718    23.375    -0.25    1.47
-192086.793    23.613     0.64    1.55
-191712.852    23.208    -1.08    1.71
-191338.897    23.145    -0.17    1.48
-190964.926    23.327     0.49    1.59
-190590.941    23.399     0.19    1.83
-190216.941    24.052     1.75    2.11
-189842.927    24.065     0.04    2.61
-189468.897    23.796    -0.72    2.73
-189094.853    22.936    -2.30    2.31
-188720.793    23.215     0.75    2.69
-188346.719    24.518     3.48    3.37
-187972.630    25.250     1.96    3.29
-187598.526    25.899     1.73    2.87
-187224.407    25.351    -1.46    2.74
-186850.274    24.161    -3.18    1.98
-186476.125    23.633    -1.41    1.70
-186101.962    23.875     0.65    2.20
-185727.784    23.899     0.06    2.29
-185353.591    24.446     1.46    2.84
-184979.383    24.684     0.64    2.80
-184605.160    24.811     0.34    2.67
-184230.922    24.208    -1.61    2.69
-183856.669    23.128    -2.89    2.72
-183482.401    22.219    -2.43    2.10
-183108.119    21.819    -1.07    1.64
-182733.821    21.622    -0.53    1.78
-182359.509    21.946     0.87    1.63
-181985.182    21.851    -0.25    1.85
-181610.840    21.959     0.29    1.83
-181236.482    21.796    -0.43    1.86
-180862.110    21.652    -0.39    1.84
-180487.723    21.721     0.19    1.83
-180113.321    22.469     2.00    2.15
-179738.905    22.589     0.32    1.83
-179364.473    22.153    -1.16    2.12
-178990.026    21.648    -1.35    2.18
-178615.564    21.676     0.07    2.17
-178241.088    21.704     0.08    2.58
-177866.596    22.221     1.38    2.54
-177492.089    23.005     2.09    2.38
-177117.568    23.145     0.37    2.66
-176743.031    23.052    -0.25    2.59
-176368.480    23.417     0.97    2.72
-175993.913    23.403    -0.04    2.59
-175619.332    22.994    -1.09    2.68
-175244.735    22.399    -1.59    2.63
-174870.124    21.226    -3.13    1.83
-174495.497    20.689    -1.43    1.31
-174120.856    20.289    -1.07    0.76
-173746.200    20.231    -0.16    0.64
-173371.528    20.018    -0.57    0.71
-172996.842    19.982    -0.09    0.77
-172622.140    19.708    -0.73    0.87
-172247.424    19.661    -0.13    0.85
-171872.692    19.719     0.16    0.86
-171497.946    19.680    -0.10    0.73
-171123.184    19.819     0.37    0.66
-170748.408    19.787    -0.09    1.01
-170373.616    19.922     0.36    1.50
-169998.809    19.994     0.19    1.66
-169623.988    20.208     0.57    1.97
-169249.151    20.471     0.70    1.88
-168874.299    20.543     0.19    1.86
-168499.433    20.811     0.72    2.43
-168124.551    21.256     1.19    2.43
-167749.654    21.819     1.50    2.47
-167374.742    22.354     1.43    2.52
-166999.815    22.041    -0.83    2.46
-166624.873    20.922    -2.98    2.30
-166249.916    20.323    -1.60    2.05
-165874.943    19.424    -2.40    1.65
-165499.956    19.005    -1.12    0.94
-165124.954    19.005     0.00    0.98
-164749.936    19.029     0.06    1.01
-164374.903    19.285     0.68    1.55
-163999.856    20.256     2.59    2.17
-163624.793    21.780     4.06    2.89
-163249.715    22.750     2.59    3.46
-162874.622    23.446     1.86    3.33
-162499.514    23.065    -1.02    3.50
-162124.391    23.107     0.11    3.35
-161749.252    22.899    -0.56    3.33
-161374.099    21.616    -3.42    2.87
-160998.930    21.161    -1.21    2.92
-160623.747    19.908    -3.34    2.40
-160248.548    19.899    -0.03    2.58
-159873.334    19.708    -0.51    2.71
-159498.105    19.030    -1.81    2.18
-159122.861    18.565    -1.24    1.42
-158747.601    19.212     1.72    2.91
-158372.327    19.633     1.12    3.53
-157997.037    20.780     3.05    3.49
-157621.732    21.308     1.41    3.59
-157246.412    21.470     0.43    3.11
-156871.077    21.046    -1.13    2.91
-156495.727    20.244    -2.14    2.68
-156120.361    19.152    -2.91    1.61
-155744.980    18.738    -1.10    1.61
-155369.584    18.587    -0.40    1.62
-154994.173    18.201    -1.03    1.38
-154618.747    18.835     1.69    1.99
-154243.306    19.391     1.48    2.25
-153867.849    19.176    -0.57    2.09
-153492.377    20.261     2.89    2.54
-153116.890    21.029     2.04    2.75
-152741.388    21.562     1.42    2.86
-152365.871    22.125     1.50    3.19
-151990.338    21.835    -0.77    3.34
-151614.790    22.469     1.69    3.56
-151239.227    22.880     1.10    3.30
-150863.649    23.161     0.75    3.50
-150488.055    23.596     1.16    3.30
-150112.446    23.357    -0.64    3.36
-149736.822    22.443    -2.44    3.49
-149361.183    21.208    -3.29    3.73
-148985.529    19.285    -5.12    2.49
-148609.859    18.351    -2.48    1.57
-148234.174    17.880    -1.25    1.02
-147858.474    17.889     0.02    0.95
-147482.758    17.562    -0.87    1.11
-147107.028    17.494    -0.18    1.15
-146731.282    17.494     0.00    1.21
-146355.520    17.354    -0.37    1.28
-145979.744    17.699     0.92    1.03
-145603.952    17.426    -0.73    0.90
-145228.145    17.344    -0.22    1.00
-144852.322    16.851    -1.31    1.23
-144476.485    16.637    -0.57    1.12
-144100.632    16.811     0.46    1.31
-143724.763    17.062     0.67    1.34
-143348.880    17.545     1.29    1.21
-142972.981    17.565     0.05    1.28
-142597.067    17.750     0.49    1.63
-142221.137    18.065     0.84    1.70
-141845.193    17.827    -0.63    1.80
-141469.233    17.699    -0.34    1.63
-141093.257    17.517    -0.48    1.75
-140717.266    17.744     0.60    1.92
-140341.260    17.351    -1.04    2.08
-139965.239    16.922    -1.14    2.04
-139589.202    16.884    -0.10    2.12
-139213.150    16.684    -0.53    1.78
-138837.083    16.665    -0.05    1.43
-138461.000    16.564    -0.27    1.33
-138084.902    16.994     1.14    1.61
-137708.788    17.589     1.58    2.31
-137332.659    17.657     0.18    2.33
-136956.515    17.912     0.68    2.26
-136580.356    17.994     0.22    2.41
-136204.181    17.732    -0.70    2.59
-135827.990    16.982    -1.99    2.47
-135451.785    16.208    -2.06    1.94
-135075.564    16.052    -0.41    1.26
-134699.327    17.137     2.88    2.45
-134323.075    17.982     2.25    2.51
-133946.808    18.637     1.74    2.53
-133570.526    18.354    -0.75    2.95
-133194.227    17.946    -1.08    2.51
-132817.914    17.773    -0.46    2.40
-132441.585    17.517    -0.68    2.15
-132065.241    17.208    -0.82    1.98
-131688.881    16.591    -1.64    1.76
-131312.506    16.256    -0.89    1.30
-130936.116    16.029    -0.60    1.30
-130559.710    15.912    -0.31    1.31
-130183.289    15.922     0.03    1.45
-129806.852    16.089     0.44    1.50
-129430.400    17.041     2.53    2.23
-129053.932    17.378     0.89    2.24
-128677.449    16.843    -1.42    2.27
-128300.950    16.773    -0.19    2.22
-127924.436    16.424    -0.93    2.18
-127547.907    16.787     0.96    2.49
-127171.362    17.168     1.01    2.60
-126794.801    17.633     1.24    2.56
-126418.226    17.471    -0.43    2.61
-126041.634    17.378    -0.25    2.44
-125665.027    17.029    -0.93    2.38
-125288.405    16.851    -0.47    2.24
-124911.767    16.396    -1.21    2.06
-124535.114    15.936    -1.22    1.84
-124158.445    15.750    -0.49    1.76
-123781.761    15.494    -0.68    1.45
-123405.061    15.589     0.25    1.51
-123028.346    15.256    -0.88    1.32
-122651.616    14.936    -0.85    1.18
-122274.869    15.145     0.56    1.91
-121898.108    16.517     3.64    3.32
-121521.330    17.726     3.21    3.57
-121144.537    18.946     3.24    3.17
-120767.729    18.875    -0.19    2.85
-120391.647    18.375    -1.33    2.71
-120017.891    17.446    -2.48    2.69
-119644.120    16.780    -1.78    2.59
-119270.333    16.680    -0.27    2.55
-118896.531    16.378    -0.81    2.10
-118522.714    16.889     1.37    1.98
-118148.881    17.006     0.31    1.98
-117775.033    17.517     1.37    2.98
-117401.170    18.274     2.03    3.09
-117027.292    18.922     1.73    3.33
-116653.398    20.137     3.25    3.46
-116279.489    20.494     0.96    3.09
-115905.565    20.062    -1.15    3.43
-115531.626    19.032    -2.75    3.77
-115157.671    17.062    -5.27    3.35
-114783.700    15.177    -5.04    2.24
-114409.715    14.401    -2.07    1.80
-114035.714    15.005     1.62    2.66
-113661.698    16.417     3.77    3.30
-113287.666    18.267     4.94    3.36
-112913.619    19.802     4.10    2.57
-112539.557    20.192     1.04    2.45
-112165.480    19.982    -0.56    2.49
-111791.387    18.796    -3.17    3.14
-111417.279    17.676    -2.99    3.25
-111043.155    15.968    -4.57    2.75
-110669.016    15.426    -1.45    2.98
-110294.862    15.394    -0.09    3.05
-109920.692    16.017     1.66    3.29
-109546.507    16.875     2.29    3.10
-109172.307    17.419     1.45    3.11
-108798.091    17.903     1.29    2.81
-108423.860    17.757    -0.39    3.06
-108049.614    16.866    -2.38    3.37
-107675.352    15.657    -3.23    2.74
-107301.074    15.399    -0.69    2.55
-106926.782    15.970     1.53    2.67
-106552.474    15.622    -0.93    2.75
-106178.150    15.880     0.69    2.98
-105803.811    16.294     1.10    3.20
-105429.457    16.541     0.66    3.55
-105055.087    17.098     1.49    3.70
-104680.702    16.518    -1.55    3.53
-104306.302    15.959    -1.49    3.32
-103931.886    15.567    -1.05    3.17
-103557.454    15.422    -0.39    3.09
-103183.007    16.591     3.12    3.48
-102808.545    16.447    -0.38    3.39
-102434.067    15.732    -1.91    3.86
-102059.574    14.703    -2.75    4.16
-101685.066    13.657    -2.79    3.64
-101310.542    13.327    -0.88    3.77
-100936.002    13.351     0.06    3.52
-100561.447    13.585     0.62    3.40
-100186.877    13.256    -0.88    3.79
 -99812.291    13.401     0.39    3.85
 -99437.690    13.215    -0.50    3.68
 -99063.073    13.422     0.55    3.95
 -98688.440    14.137     1.91    4.18
 -98313.793    13.803    -0.89    4.15
 -97939.129    13.796    -0.02    4.22
 -97564.451    13.610    -0.50    4.08
 -97189.757    12.261    -3.60    2.92
 -96815.047    12.029    -0.62    2.61
 -96440.322    11.517    -1.37    2.46
 -96065.581    10.780    -1.97    2.09
 -95690.825     9.732    -2.80    2.05
 -95316.053    10.238     1.35    3.17
 -94941.266    10.030    -0.55    3.29
 -94566.463     9.446    -1.56    3.29
 -94191.645    10.312     2.31    3.86
 -93816.811    12.198     5.03    5.00
 -93441.961    13.565     3.65    5.67
 -93067.097    13.946     1.02    5.32
 -92692.216    13.422    -1.40    5.02
 -92317.320    12.089    -3.56    4.55
 -91942.409    10.541    -4.13    2.75
 -91567.482    10.591     0.13    3.20
 -91192.539    10.708     0.31    3.45
 -90817.581    10.394    -0.84    3.19
 -90442.607     9.889    -1.35    2.80
 -90067.618     9.274    -1.64    2.27
 -89692.613     8.750    -1.40    2.18
 -89317.593     7.946    -2.14    1.67
 -88942.557     7.344    -1.61    1.33
 -88567.505     7.744     1.07    2.29
 -88192.438     8.419     1.80    2.63
 -87817.355     8.589     0.45    2.66
 -87442.257     8.819     0.61    2.86
 -87067.143     9.471     1.74    2.92
 -86692.013    10.335     2.30    3.09
 -86316.868    10.981     1.72    2.91
 -85941.708    11.426     1.19    2.44
 -85566.531    10.982    -1.18    2.76
 -85191.339    10.912    -0.18    2.58
 -84816.132    10.633    -0.74    2.40
 -84440.909    11.594     2.56    3.22
 -84065.670    11.971     1.01    3.37
 -83690.415    11.417    -1.48    3.50
 -83315.145    10.424    -2.65    3.64
 -82939.860     9.703    -1.92    2.96
 -82564.558    10.075     0.99    2.74
 -82189.241    11.335     3.36    3.00
 -81813.909    12.046     1.90    3.42
 -81438.560    11.721    -0.87    3.90
 -81063.196    11.137    -1.56    3.73
 -80687.817    10.926    -0.56    3.61
 -80312.422    11.494     1.51    2.91
 -79937.011    12.263     2.05    2.64
 -79561.584    12.971     1.89    2.41
 -79186.142    12.622    -0.93    2.92
 -78810.684    10.780    -4.91    4.13
 -78435.210     8.889    -5.03    3.72
 -78059.721     8.089    -2.13    3.31
 -77684.216     7.380    -1.89    3.05
 -77308.695     7.704     0.86    2.98
 -76933.159     8.153     1.19    3.30
 -76557.607     8.959     2.15    3.83
 -76182.039     9.726     2.04    3.82
 -75806.456    10.075     0.93    3.67
 -75430.856     9.955    -0.32    3.42
 -75055.242     9.335    -1.65    3.05
 -74679.611     8.844    -1.31    2.74
 -74303.965     8.471    -0.99    2.99
 -73928.302     8.308    -0.43    3.11
 -73552.625     7.713    -1.58    2.36
 -73176.931     7.926     0.57    2.55
 -72801.222     8.109     0.49    2.20
 -72425.497     8.607     1.33    2.34
 -72049.756     9.029     1.12    2.37
 -71673.999     9.098     0.19    2.37
 -71298.227    10.613     4.03    3.46
 -70922.439    10.802     0.50    3.63
 -70546.635    11.062     0.69    3.41
 -70170.816     9.969    -2.91    3.75
 -69794.980     8.256    -4.56    3.58
 -69419.129     6.470    -4.75    2.11
 -69043.262     7.006     1.43    3.59
 -68667.380     7.380     1.00    3.93
 -68291.481     7.665     0.76    4.05
 -67915.567     7.351    -0.83    3.75
 -67539.637     6.518    -2.22    2.51
 -67163.691     5.875    -1.71    1.59
 -66787.730     5.565    -0.82    0.46
 -66411.752     5.944     1.01    1.80
 -66035.759     7.085     3.03    3.66
 -65659.750     7.944     2.28    3.95
 -65283.725     9.041     2.92    4.10
 -64907.684    10.726     4.48    4.44
 -64531.628    12.933     5.87    4.77
 -64155.555    15.866     7.80    3.63
 -63779.467    17.161     3.44    3.14
 -63403.363    17.803     1.71    1.69
 -63027.243    17.750    -0.14    1.22
 -62651.108    17.889     0.37    1.18
 -62274.956    18.208     0.85    1.42
 -61898.789    18.684     1.27    1.50
 -61522.605    19.232     1.46    1.42
 -61146.406    19.446     0.57    1.53
 -60770.191    19.819     0.99    1.60
 -60393.960    19.899     0.21    1.78
 -60017.714    19.970     0.19    1.78
 -59641.451    19.994     0.06    1.60
 -59265.173    19.756    -0.63    1.40
 -58888.878    20.426     1.78    1.98
 -58512.568    21.130     1.87    2.23
 -58136.242    21.113    -0.05    2.40
 -57759.900    21.970     2.28    2.50
 -57383.542    22.029     0.16    2.29
 -57007.168    21.803    -0.60    2.76
 -56630.779    21.018    -2.09    2.83
 -56254.373    20.703    -0.84    2.95
 -55877.951    20.540    -0.43    2.90
 -55501.514    22.052     4.02    3.59
 -55125.061    23.982     5.13    4.04
 -54748.591    24.922     2.50    3.46
 -54372.106    24.113    -2.15    3.97
 -53995.605    22.585    -4.06    4.59
 -53619.088    21.113    -3.91    3.78
 -53242.555    20.471    -1.70    3.50
 -52866.006    20.796     0.86    3.58
 -52489.441    22.494     4.51    3.99
 -52112.860    22.351    -0.38    4.05
 -51736.263    21.192    -3.08    4.73
 -51359.650    20.401    -2.10    4.48
 -50983.022    19.796    -1.61    3.31
 -50606.377    20.589     2.11    2.73
 -50229.716    21.422     2.21    2.15
 -49853.040    21.075    -0.92    2.22
 -49476.347    20.959    -0.31    2.20
 -49099.638    20.331    -1.67    2.13
 -48722.914    20.539     0.55    2.19
 -48346.173    21.122     1.55    2.35
 -47969.416    21.208     0.23    2.20
 -47592.644    21.494     0.76    2.10
 -47215.855    21.280    -0.57    2.10
 -46839.050    21.261    -0.05    1.78
 -46462.230    21.564     0.80    1.88
 -46085.393    21.280    -0.75    1.98
 -45708.541    20.970    -0.82    2.04
 -45333.877    20.494    -1.27    1.90
 -44960.172    20.261    -0.62    2.06
 -44586.451    20.075    -0.50    2.43
 -44212.714    18.926    -3.08    3.32
 -43838.961    17.285    -4.39    3.45
 -43465.193    14.633    -7.09    3.73
 -43091.409    12.018    -7.00    3.44
 -42717.609    11.637    -1.02    3.73
 -42343.794    13.098     3.91    5.06
 -41969.962    15.835     7.32    5.72
 -41596.115    19.018     8.51    4.36
 -41222.252    20.312     3.46    2.94
 -40848.373    20.661     0.93    2.33
 -40474.479    20.589    -0.19    1.94
 -40100.569    20.494    -0.25    2.00
 -39726.643    20.637     0.38    1.84
 -39352.701    20.875     0.64    1.68
 -38978.743    21.587     1.90    2.01
 -38604.769    21.657     0.19    2.08
 -38230.780    21.866     0.56    2.19
 -37856.775    21.819    -0.13    2.14
 -37482.754    21.107    -1.90    2.06
 -37108.717    21.323     0.58    1.95
 -36734.665    21.137    -0.50    1.92
 -36360.596    21.238     0.27    2.26
 -35986.512    21.232    -0.02    2.44
 -35612.412    20.789    -1.18    2.08
 -35238.296    21.109     0.86    2.23
 -34864.164    21.539     1.15    2.11
 -34490.017    21.250    -0.77    2.09
 -34115.853    20.912    -0.90    2.22
 -33741.674    20.982     0.19    2.51
 -33367.479    21.250     0.72    2.43
 -32993.268    21.539     0.77    2.01
 -32619.041    21.622     0.22    1.63
 -32244.798    21.221    -1.07    1.47
 -31870.539    21.029    -0.51    1.18
 -31496.265    21.122     0.25    1.13
 -31121.974    21.130     0.02    1.04
 -30747.668    21.109    -0.06    1.16
 -30373.346    21.107    -0.00    2.40
 -29999.008    21.237     0.35    3.58
 -29624.654    21.232    -0.01    3.84
 -29250.284    21.494     0.70    3.61
 -28875.898    21.589     0.25    2.62
 -28501.496    21.357    -0.62    1.34
 -28127.079    21.546     0.50    1.14
 -27752.645    21.948     1.07    0.95
 -27378.196    22.168     0.59    1.30
 -27003.730    22.357     0.51    1.36
 -26629.249    22.447     0.24    1.41
 -26254.752    22.237    -0.56    1.41
 -25880.239    22.244     0.02    1.24
 -25505.710    22.389     0.39    1.20
 -25131.165    22.633     0.65    1.64
 -24756.603    22.889     0.68    1.65
 -24382.027    22.773    -0.31    1.72
 -24007.434    22.633    -0.37    1.82
 -23632.825    22.340    -0.78    1.74
 -23258.200    22.062    -0.74    1.35
 -22883.559    21.694    -0.98    0.82
 -22508.902    21.827     0.36    0.95
 -22134.229    21.889     0.17    1.18
 -21759.541    21.762    -0.34    1.48
 -21384.836    21.698    -0.17    1.68
 -21010.115    21.884     0.50    1.56
 -20635.378    21.899     0.04    1.40
 -20260.626    22.422     1.40    1.35
 -19885.857    22.565     0.38    1.31
 -19511.072    22.637     0.19    1.46
 -19136.272    22.835     0.53    1.39
 -18761.455    22.744    -0.24    1.06
 -18386.622    22.769     0.07    1.04
 -18011.773    22.803     0.09    0.98
 -17636.908    22.767    -0.10    1.04
 -17262.028    22.684    -0.22    1.02
 -16887.131    22.703     0.05    1.01
 -16512.218    22.796     0.25    0.96
 -16137.289    22.726    -0.19    0.97
 -15762.344    22.708    -0.05    0.98
 -15387.383    22.587    -0.32    0.97
 -15012.406    22.564    -0.06    1.12
 -14637.413    22.517    -0.12    1.37
 -14262.404    22.238    -0.74    1.60
 -13887.378    21.970    -0.71    1.58
 -13512.337    21.698    -0.72    1.58
 -13137.280    21.285    -1.10    1.17
 -12762.206    21.238    -0.12    1.16
 -12387.117    21.215    -0.06    1.12
 -12012.011    21.447     0.62    1.23
 -11636.889    21.518     0.19    1.33
 -11261.751    21.565     0.13    1.85
 -10886.598    21.399    -0.44    1.65
 -10511.428    20.926    -1.26    1.15
 -10136.241    20.819    -0.28    1.17
  -9761.039    21.062     0.65    1.26
  -9385.821    21.168     0.28    1.23
  -9010.587    21.261     0.25    2.20
  -8635.336    20.244    -2.71    3.94
  -8260.069    17.982    -6.03    4.84
  -7884.787    14.796    -8.49    5.57
  -7509.488    10.721   -10.86    5.03
  -7134.173    10.192    -1.41    5.63
  -6758.841    11.750     4.15    6.61
  -6383.494    15.957    11.21    7.05
  -6008.131    20.613    12.40    4.12
  -5632.751    22.494     5.01    2.59
  -5257.355    22.866     0.99    2.31
  -4881.943    21.447    -3.78    3.50
  -4506.515    20.517    -2.48    3.41
  -4131.071    20.029    -1.30    3.22
  -3755.610    21.168     3.04    4.16
  -3380.134    21.238     0.19    6.21
  -3004.641    18.494    -7.31    9.69
  -2629.132    15.912    -6.87   11.22
  -2253.607    12.653    -8.68   11.75
  -1878.066    10.610    -5.44   11.32
  -1502.508     9.303    -3.48   11.13
  -1126.934     6.446    -7.61    9.39
   -751.344     5.401    -2.78    8.02
   -375.738     4.903    -1.33    6.42
     -0.116     4.424    -1.27    7.22
    375.523     5.562     3.03    8.96
    751.177     3.812    -4.66    7.86
   1126.848     3.375    -1.16    7.98
   1502.536     4.145     2.05    8.95
   1878.239     5.354     3.22    9.93
   2253.959     6.959     4.27   10.93
   2629.695     6.308    -1.73    9.77
   3005.447     6.280    -0.08    9.22
   3381.215     3.633    -7.04    7.24
   3757.000     1.726    -5.07    5.43
   4132.801     0.946    -2.08    4.36
   4508.618     0.238    -1.88    3.64
   4884.451     0.116    -0.32    3.58
   5260.301    -0.597    -1.90    3.29
   5636.167    -0.339     0.69    4.76
   6012.049     0.122     1.23    5.60
   6387.948    -0.483    -1.61    4.42
   6763.862    -0.673    -0.51    3.84
   7139.794    -0.692    -0.05    4.24
   7515.741    -0.625     0.18    4.31
   7891.705    -1.438    -2.16    2.69
   8267.684    -2.041    -1.60    1.49
   8643.681    -2.227    -0.49    1.40
   9019.693    -1.320     2.41    3.06
   9395.722    -0.552     2.04    3.75
   9771.767    -0.756    -0.54    3.38
  10147.829    -1.387    -1.68    2.60
  10523.907    -1.808    -1.12    1.98
  10900.001    -2.220    -1.10    1.29
  11276.111    -2.173     0.13    1.52
  11652.238    -2.343    -0.45    1.07
  12028.381    -2.043     0.80    1.69
  12404.541    -1.576     1.24    2.48
  12780.716    -1.553     0.06    2.42
  13156.909    -0.785     2.04    3.18
  13533.117     0.215     2.66    3.72
  13909.342     1.029     2.16    3.83
  14285.583     1.843     2.16    3.82
  14661.841     2.884     2.77    3.81
  15038.115     4.285     3.72    4.61
  15414.405     6.803     6.69    5.67
  15790.712     8.946     5.69    7.18
  16167.035    12.857    10.39    7.22
  16543.374    15.689     7.52    5.95
  16919.730    17.308     4.30    4.84
  17296.102    17.843     1.42    4.66
  17672.491    17.994     0.40    4.64
  18048.896    17.378    -1.64    4.63
  18425.318    15.936    -3.83    5.01
  18801.756    13.843    -5.56    5.25
  19178.210    11.875    -5.23    4.59
  19554.681    11.889     0.04    4.76
  19931.168    12.541     1.73    5.98
  20307.671    13.946     3.73    6.66
  20684.191    15.107     3.08    6.90
  21060.728    16.201     2.90    6.84
  21437.280    15.789    -1.09    6.70
  21813.850    14.565    -3.25    6.98
  22190.435    14.232    -0.89    7.16
  22567.038    13.331    -2.39    6.97
  22943.656    13.703     0.99    6.87
  23320.291    13.959     0.68    6.54
  23696.943    13.803    -0.41    6.38
  24073.611    14.261     1.22    6.65
  24450.295    13.803    -1.22    6.54
  24826.996    13.471    -0.88    7.00
  25203.714    13.308    -0.43    7.43
  25580.448    13.137    -0.45    7.62
  25957.198    12.471    -1.77    6.64
  26333.965    10.708    -4.68    5.87
  26710.749     9.018    -4.49    4.24
  27087.548     8.029    -2.62    2.65
  27464.365     7.680    -0.93    1.56
  27841.198     9.517     4.88    4.68
  28218.047    11.613     5.56    6.28
  28594.913    14.075     6.53    6.72
  28971.795    14.970     2.37    6.89
  29348.207    14.540    -1.14    7.04
  29721.846    13.261    -3.42    6.54
  30095.500    12.327    -2.50    6.12
  30469.171    13.176     2.27    6.15
  30842.858    12.137    -2.78    6.43
  31216.562    12.208     0.19    5.98
  31590.281    12.494     0.76    6.29
  31964.017    13.075     1.56    6.58
  32337.769    14.261     3.17    6.47
  32711.537    14.719     1.22    7.03
  33085.322    14.585    -0.36    6.85
  33459.123    13.369    -3.25    7.00
  33832.940    12.208    -3.11    6.82
  34206.773    10.726    -3.96    5.71
  34580.623     9.936    -2.12    5.32
  34954.489    10.357     1.13    5.86
  35328.371     9.844    -1.37    6.32
  35702.269    10.244     1.07    6.45
  36076.184    10.019    -0.60    6.09
  36450.115     9.982    -0.10    6.08
  36824.063    11.653     4.47    7.17
  37198.026    12.215     1.50    7.76
  37572.006    14.539     6.22    8.31
  37946.003    16.468     5.16    8.26
  38320.015    16.357    -0.29    8.28
  38694.044    16.089    -0.72    7.73
  39068.089    14.789    -3.48    7.25
  39442.151    11.819    -7.94    6.49
  39816.229     9.444    -6.35    5.78
  40190.323     7.039    -6.43    4.08
  40564.434     6.810    -0.61    3.91
  40938.560     9.153     6.26    5.46
  41312.704    12.657     9.36    6.42
  41686.863    15.767     8.31    6.25
  42061.039    17.936     5.80    4.71
  42435.232    19.212     3.41    3.68
  42809.440    19.471     0.69    3.88
  43183.665    20.044     1.53    4.18
  43557.907    21.494     3.87    4.41
  43932.164    22.517     2.73    3.76
  44306.439    23.540     2.73    2.82
  44680.729    24.107     1.52    1.77
  45055.036    24.032    -0.20    1.50
  45429.359    23.789    -0.65    1.52
  45803.699    23.541    -0.66    1.50
  46178.055    23.426    -0.31    1.15
  46552.428    23.221    -0.55    1.23
  46926.817    23.250     0.08    1.43
  47301.222    23.585     0.89    1.44
  47675.644    23.750     0.44    1.37
  48050.082    23.676    -0.20    1.43
  48424.536    23.680     0.01    1.30
  48799.008    23.773     0.25    1.35
  49173.495    23.708    -0.17    1.30
  49547.999    23.794     0.23    1.30
  49922.519    24.062     0.72    1.30
  50297.056    23.844    -0.58    1.10
  50671.609    24.039     0.52    1.44
  51046.179    24.075     0.10    1.42
  51420.765    24.184     0.29    1.57
  51795.367    24.232     0.13    1.61
  52169.986    24.644     1.10    1.94
  52544.622    25.426     2.09    2.27
  52919.274    26.226     2.14    2.12
  53293.942    26.613     1.03    2.03
  53668.627    27.153     1.44    2.02
  54043.329    27.565     1.10    2.13
  54418.046    27.657     0.24    2.13
  54792.781    28.280     1.66    1.83
  55167.532    28.052    -0.61    1.79
  55542.299    28.762     1.90    1.95
  55917.083    29.308     1.46    2.05
  56291.883    29.422     0.31    1.89
  56666.700    29.215    -0.55    2.47
  57041.534    28.773    -1.18    2.94
  57416.384    27.827    -2.52    3.56
  57791.250    26.789    -2.77    3.64
  58166.133    26.205    -1.56    3.29
  58541.032    26.192    -0.04    3.07
  58915.948    26.351     0.43    2.82
  59290.881    26.378     0.07    2.69
  59665.830    26.587     0.56    2.72
  60040.796    27.232     1.72    2.80
  60415.778    28.424     3.18    2.49
  60790.777    28.926     1.34    2.12
  61165.792    29.052     0.34    1.56
  61540.824    28.244    -2.15    1.91
  61915.872    27.773    -1.26    1.87
  62290.938    27.936     0.43    1.94
  62666.019    28.708     2.06    2.38
  63041.117    28.447    -0.70    2.83
  63416.232    27.607    -2.24    3.56
  63791.363    26.982    -1.67    3.72
  64166.511    26.261    -1.92    2.95
  64541.676    26.756     1.32    2.67
  64916.857    26.017    -1.97    3.02
  65292.055    25.562    -1.21    2.98
  65667.269    24.936    -1.67    3.12
  66042.500    24.517    -1.12    3.08
  66417.748    25.005     1.30    3.37
  66793.012    26.089     2.89    3.55
  67168.293    27.161     2.86    3.23
  67543.590    27.796     1.69    3.19
  67918.904    27.583    -0.57    3.03
  68294.235    26.657    -2.47    2.44
  68669.582    26.789     0.35    2.77
  69044.947    26.750    -0.11    2.25
  69420.327    26.354    -1.05    2.58
  69795.724    26.238    -0.31    2.52
  70171.138    25.959    -0.74    2.57
  70546.569    25.744    -0.57    2.31
  70922.016    25.153    -1.57    1.75
  71297.480    24.948    -0.54    2.19
  71672.961    24.399    -1.46    2.16
  72048.458    24.018    -1.01    2.13
  72423.972    23.672    -0.92    2.06
  72799.503    23.005    -1.77    1.70
  73175.050    22.471    -1.42    1.20
  73550.615    22.192    -0.74    0.89
  73926.195    22.401     0.56    0.89
  74301.793    22.708     0.82    1.00
  74677.407    23.168     1.23    1.17
  75053.038    23.289     0.32    1.17
  75428.685    23.448     0.42    1.28
  75804.350    23.289    -0.42    1.30
  76180.031    23.215    -0.20    1.26
  76555.729    22.936    -0.74    1.40
  76931.443    22.448    -1.30    1.35
  77307.174    22.267    -0.48    1.24
  77682.922    22.075    -0.51    1.16
  78058.687    21.866    -0.56    1.13
  78434.469    21.936     0.19    1.03
  78810.267    21.875    -0.16    0.88
  79186.082    22.168     0.78    0.99
  79561.914    22.427     0.69    1.05
  79937.762    22.610     0.49    1.29
  80313.627    22.971     0.96    1.25
  80689.509    23.261     0.77    1.15
  81065.408    23.308     0.12    1.35
  81441.324    23.380     0.19    1.35
  81817.256    23.426     0.12    1.40
  82193.205    23.285    -0.38    1.41
  82569.171    23.630     0.92    2.00
  82945.154    23.903     0.73    1.96
  83321.154    24.215     0.83    2.03
  83697.170    24.469     0.68    1.96
  84073.203    24.361    -0.29    1.24
  84449.253    24.610     0.66    1.20
  84825.320    24.744     0.36    1.16
  85201.404    24.494    -0.66    1.35
  85577.504    24.052    -1.17    1.52
  85953.622    23.676    -1.00    1.65
  86329.756    24.192     1.37    2.14
  86705.907    24.471     0.74    2.26
  87082.074    24.994     1.39    2.18
  87458.259    24.835    -0.42    2.11
  87834.461    24.089    -1.98    1.65
  88210.679    24.335     0.65    1.79
  88586.914    24.738     1.07    2.07
  88963.166    24.982     0.65    1.97
  89339.435    24.812    -0.45    1.97
  89715.721    24.238    -1.53    1.69
  90092.024    23.684    -1.47    1.15
  90468.343    23.303    -1.01    1.04
  90844.680    23.192    -0.30    1.06
  91221.033    22.971    -0.59    1.09
  91597.404    22.721    -0.66    1.12
  91973.791    22.335    -1.03    0.99
  92350.195    22.208    -0.34    0.92
  92726.616    21.926    -0.75    0.95
  93103.054    21.827    -0.26    0.85
  93479.508    21.857     0.08    1.01
  93855.980    22.176     0.85    1.12
  94232.469    22.424     0.66    1.22
  94608.974    22.518     0.25    1.16
  94985.497    22.470    -0.13    1.32
  95362.036    22.936     1.24    1.82
  95738.592    23.676     1.97    2.48
  96115.166    25.005     3.53    3.04
  96491.756    25.312     0.81    3.52
  96868.363    24.875    -1.16    3.89
  97244.987    23.721    -3.06    3.92
  97621.628    22.916    -2.14    3.62
  97998.286    22.168    -1.99    3.01
  98374.962    21.378    -2.10    1.58
  98751.654    21.331    -0.12    1.33
  99128.363    21.153    -0.47    1.03
  99505.088    20.899    -0.68    1.06
  99881.831    20.994     0.25    1.05
 100258.591    21.065     0.19    1.21
 100635.368    21.075     0.03    1.22
 101012.162    21.098     0.06    1.20
 101388.973    21.280     0.48    1.39
 101765.801    21.857     1.53    1.95
 102142.646    22.448     1.57    2.10
 102519.508    22.703     0.68    1.99
 102896.387    22.494    -0.56    1.84
 103273.283    22.215    -0.74    1.89
 103650.196    22.017    -0.53    1.92
 104027.126    21.713    -0.80    1.65
 104402.029    21.562    -0.40    1.30
 104775.616    21.354    -0.56    1.39
 105149.220    21.256    -0.26    1.43
 105522.840    21.238    -0.05    1.47
 105896.477    21.327     0.24    1.50
 106270.131    20.494    -2.23    2.06
 106643.801    19.827    -1.78    2.33
 107017.488    18.912    -2.45    2.32
 107391.192    18.215    -1.87    2.36
 107764.913    17.750    -1.24    2.14
 108138.650    17.153    -1.60    1.54
 108512.404    17.351     0.53    2.08
 108886.175    17.198    -0.41    2.31
 109259.963    17.029    -0.45    2.59
 109633.767    17.122     0.25    2.28
 110007.589    16.789    -0.89    1.75
 110381.427    16.789     0.00    1.69
 110755.281    16.819     0.08    1.71
 111129.153    16.589    -0.62    1.57
 111503.041    15.903    -1.84    1.90
 111876.946    15.289    -1.64    1.95
 112250.868    14.494    -2.13    2.00
 112624.807    13.903    -1.58    1.66
 112998.763    13.948     0.12    1.66
 113372.735    14.039     0.24    1.70
 113746.724    13.889    -0.40    1.97
 114120.730    13.922     0.09    2.62
 114494.753    14.192     0.72    3.92
 114868.793    13.633    -1.49    4.11
 115242.849    12.517    -2.98    4.67
 115616.923    11.145    -3.67    4.75
 115991.013     9.145    -5.35    4.49
 116365.120     7.426    -4.60    4.65
 116739.244     6.177    -3.34    4.44
 117113.384     5.107    -2.86    3.50
 117487.542     4.835    -0.73    3.09
 117861.716     4.448    -1.03    2.94
 118235.908     3.866    -1.56    2.62
 118610.116     3.357    -1.36    2.65
 118984.341     2.562    -2.13    2.43
 119358.583     1.982    -1.55    2.25
 119732.842     2.005     0.06    2.57
 120107.117     2.289     0.76    2.96
 120481.410     2.698     1.09    3.25
 120855.719     2.107    -1.58    2.96
 121230.046     1.517    -1.58    2.24
 121604.389     1.424    -0.25    2.46
 121978.749     1.312    -0.30    2.54
 122353.126     1.424     0.30    2.65
 122727.520     1.448     0.06    2.64
 123101.931     1.168    -0.75    2.13
 123476.359     0.698    -1.26    1.84
 123850.804     0.610    -0.24    1.71
 124225.265     0.732     0.33    1.85
 124599.744     1.215     1.29    2.00
 124974.240     1.726     1.37    2.35
 125348.752     2.738     2.70    3.18
 125723.282     4.098     3.63    4.22
 126097.828     5.585     3.97    4.95
 126472.391     6.562     2.61    4.54
 126846.972     7.684     3.00    4.71
 127221.569     9.192     4.02    4.82
 127596.183    10.447     3.35    4.35
 127970.815    11.308     2.30    4.00
 128345.463    11.796     1.30    3.65
 128720.128    11.849     0.14    3.30
 129094.810    12.153     0.81    2.96
 129469.509    12.957     2.15    2.16
 129844.225    13.221     0.70    1.93
 130218.959    13.312     0.24    1.33
 130593.709    13.661     0.93    1.21
 130968.476    13.982     0.86    1.24
 131343.260    14.267     0.76    1.33
 131718.061    14.812     1.46    1.78
 132092.880    15.351     1.44    1.76
 132467.715    16.039     1.84    1.76
 132842.567    16.540     1.34    1.46
 133217.436    17.041     1.34    1.11
 133592.323    17.698     1.75    1.21
 133967.226    18.208     1.36    1.24
 134342.146    19.335     3.01    2.16
 134717.084    20.922     4.23    3.06
 135092.038    23.005     5.56    3.87
 135467.010    24.851     4.92    3.65
 135841.999    25.789     2.50    3.48
 136217.004    26.424     1.69    2.81
 136592.027    26.399    -0.07    2.37
 136967.067    26.827     1.14    1.82
 137342.124    26.773    -0.14    1.65
 137717.198    26.351    -1.13    2.13
 138092.289    25.773    -1.54    3.09
 138467.397    24.561    -3.23    3.38
 138842.522    23.903    -1.75    3.29
 139217.665    22.689    -3.24    3.93
 139592.824    21.472    -3.25    3.80
 139968.001    19.982    -3.97    3.35
 140343.194    19.661    -0.86    3.30
 140718.405    19.539    -0.32    2.70
 141093.633    19.912     0.99    2.60
 141468.878    20.517     1.61    2.68
 141844.140    21.732     3.24    2.68
 142219.420    22.773     2.77    2.60
 142594.716    23.540     2.05    1.91
 142970.030    23.843     0.81    1.82
 143345.360    23.835    -0.02    1.84
 143720.708    23.827    -0.02    1.66
 144096.073    24.116     0.77    1.51
 144471.456    24.564     1.19    1.42
 144846.855    24.936     0.99    1.47
 145222.271    24.703    -0.62    1.63
 145597.705    24.494    -0.56    2.02
 145973.156    24.244    -0.67    1.84
 146348.624    24.006    -0.63    1.80
 146724.109    24.094     0.23    1.81
 147099.612    24.221     0.34    1.53
 147475.131    23.922    -0.80    1.63
 147850.668    23.587    -0.89    1.72
 148226.222    23.424    -0.43    1.42
 148601.793    23.494     0.19    1.41
 148977.382    23.113    -1.01    1.59
 149352.987    22.517    -1.59    1.65
 149728.610    21.633    -2.35    1.55
 150104.250    21.267    -0.98    1.44
 150479.908    20.926    -0.91    1.37
 150855.582    21.041     0.31    1.40
 151231.274    21.312     0.72    1.45
 151606.983    21.238    -0.20    1.27
 151982.709    21.176    -0.17    1.62
 152358.453    21.052    -0.33    1.61
 152734.213    21.316     0.70    1.77
 153109.991    21.744     1.14    1.48
 153485.787    21.689    -0.15    1.35
 153861.599    21.653    -0.10    1.40
 154237.429    21.494    -0.42    1.38
 154613.276    21.312    -0.48    1.19
 154989.140    21.564     0.67    1.16
 155365.022    21.401    -0.43    1.19
 155740.921    21.267    -0.36    1.12
 156116.837    21.378     0.30    1.14
 156492.771    21.249    -0.34    1.21
 156868.721    21.424     0.46    1.37
 157244.689    21.316    -0.29    1.50
 157620.675    21.517     0.53    1.78
 157996.678    21.446    -0.19    1.90
 158372.698    20.633    -2.16    2.54
 158748.735    19.796    -2.23    2.47
 159124.790    19.130    -1.77    2.97
 159500.862    18.744    -1.03    3.31
 159876.951    19.039     0.79    3.76
 160253.058    19.198     0.42    3.59
 160629.182    19.052    -0.39    2.89
 161005.323    19.448     1.05    2.35
 161381.482    19.857     1.09    1.88
 161757.658    19.721    -0.36    2.01
 162133.851    18.948    -2.05    2.15
 162510.062    18.176    -2.05    2.23
 162886.290    17.698    -1.27    1.87
 163262.535    18.354     1.74    3.28
 163638.798    18.267    -0.23    3.33
 164015.079    18.744     1.27    3.49
 164391.376    18.607    -0.36    3.51
 164767.691    17.323    -3.41    3.13
 165144.024    16.383    -2.50    2.59
 165520.374    15.857    -1.40    2.75
 165896.741    14.676    -3.14    3.22
 166273.125    13.447    -3.26    3.48
 166649.528    12.289    -3.08    3.87
 167025.947    10.857    -3.80    3.75
 167402.384     9.676    -3.14    3.55
 167778.838     8.426    -3.32    2.76
 168155.310     7.721    -1.87    1.71
 168531.799     7.039    -1.81    1.45
 168908.306     6.827    -0.56    1.00
 169284.830     7.289     1.23    1.32
 169661.371     8.016     1.93    1.82
 170037.930     8.744     1.93    1.81
 170414.506     9.272     1.40    1.69
 170791.100     9.633     0.96    1.60
 171167.712     9.539    -0.25    1.52
 171544.340     9.708     0.45    1.52
 171920.987     9.403    -0.81    1.60
 172297.650     9.610     0.55    1.40
 172674.332     9.540    -0.19    1.40
 173051.030     9.585     0.12    1.31
 173427.746     9.589     0.01    1.57
 173804.480     8.857    -1.94    2.32
 174181.231     8.094    -2.03    2.50
 174558.000     7.517    -1.53    2.93
 174934.786     6.541    -2.59    2.95
 175311.590     6.005    -1.42    2.58
 175688.411     5.183    -2.18    2.58
 176065.250     4.613    -1.51    2.37
 176442.106     4.471    -0.38    2.16
 176818.980     3.926    -1.45    1.92
 177195.871     3.280    -1.71    1.97
 177572.780     2.767    -1.36    1.97
 177949.706     2.819     0.14    3.00
 178326.650     3.227     1.08    2.82
 178703.611     2.889    -0.90    2.01
 179080.371     2.052    -2.22    1.33
 179453.888     2.041    -0.03    1.40
 179827.423     2.055     0.04    1.40
 180200.974     1.698    -0.95    1.44
 180574.543     1.894     0.52    1.30
 180948.129     1.767    -0.34    1.30
 181321.733     1.494    -0.73    1.43
 181695.353     1.447    -0.12    1.53
 182068.991     1.422    -0.07    1.64
 182442.646     1.470     0.13    1.69
 182816.318     1.767     0.79    1.69
 183190.008     2.019     0.68    1.80
 183563.715     2.138     0.32    1.52
 183937.439     1.857    -0.75    1.73
 184311.180     1.630    -0.61    1.71
 184684.939     1.708     0.21    1.34
 185058.715     1.540    -0.45    1.38
 185432.508     1.767     0.61    1.52
 185806.319     1.908     0.38    1.48
 186180.146     1.153    -2.02    1.57
 186553.991     1.039    -0.30    1.62
 186927.854     0.703    -0.90    1.49
 187301.733     0.446    -0.69    1.41
 187675.630     0.238    -0.56    1.31
 188049.545     0.049    -0.50    1.27
 188423.476    -0.125    -0.47    1.46
 188797.425    -0.529    -1.08    1.34
 189171.392    -0.751    -0.59    1.32
 189545.375    -0.669     0.22    1.41
 189919.376    -0.665     0.01    1.36
 190293.394    -0.762    -0.26    1.47
 190667.430    -0.973    -0.56    1.29
 191041.483    -1.220    -0.66    1.24
 191415.553    -1.211     0.03    1.19
 191789.641    -1.262    -0.14    1.37
 192163.746    -1.393    -0.35    1.48
 192537.868    -0.688     1.88    2.11
 192912.008     0.098     2.10    2.17
 193286.165     0.405     0.82    2.10
 193660.340     1.661     3.36    4.78
 194034.532     5.267     9.64   10.83
 194408.741     9.539    11.42   13.35
 194782.968    11.098     4.17   14.07
 195157.212     7.926    -8.48   12.96
 195531.473     5.796    -5.69   12.05
 195905.752     0.539   -14.05    7.75
 196280.048    -1.697    -5.97    1.45
 196654.362    -1.574     0.33    1.52
 197028.693    -1.639    -0.17    1.29
 197403.042    -1.436     0.54    1.33
 197777.407    -1.143     0.79    1.43
 198151.791    -0.902     0.64    1.45
 198526.192    -1.052    -0.40    1.44
 198900.610    -0.995     0.15    1.79
 199275.046    -0.824     0.45    1.67
 199649.499    -0.961    -0.36    1.66
 200023.969    -0.961     0.00    1.56
 200398.457    -1.529    -1.52    1.87
 200772.963    -2.173    -1.72    2.18
 201147.486    -2.756    -1.56    2.02
 201522.026    -3.460    -1.88    1.53
 201896.584    -3.902    -1.18    1.22
 202271.159    -3.893     0.02    1.26
 202645.752    -3.824     0.18    1.18
 203020.362    -3.893    -0.18    1.13
 203394.990    -3.768     0.33    1.06
 203769.636    -3.688     0.21    1.17
 204144.298    -3.617     0.19    1.13
 204518.979    -3.669    -0.14    1.07
 204893.676    -3.802    -0.35    1.15
 205268.392    -3.948    -0.39    1.10
 205643.125    -3.779     0.45    1.34
 206017.875    -3.316     1.24    1.44
 206392.643    -3.006     0.83    1.32
 206767.428    -2.795     0.56    1.42
 207142.231    -2.893    -0.26    1.60
 207517.052    -2.395     1.33    1.70
 207891.890    -1.622     2.06    1.87
 208266.745    -1.395     0.61    1.77
 208641.618    -1.197     0.53    1.33
 209016.509    -1.779    -1.55    2.26
 209391.417    -2.973    -3.19    3.04
 209766.343    -3.785    -2.17    3.68
 210141.286    -5.188    -3.74    4.30
 210516.247    -6.948    -4.69    4.15
 210891.226    -8.417    -3.92    3.78
 211266.222    -9.720    -3.48    2.71
 211641.235    -9.961    -0.64    2.37
 212016.267    -9.643     0.85    2.04
 212391.316    -8.529     2.97    2.33
 212766.382    -7.688     2.24    2.99
 213141.466    -6.530     3.09    3.39
 213516.568    -4.963     4.18    3.40
 213891.687    -3.779     3.16    2.81
 214266.824    -2.847     2.48    2.06
 214641.978    -2.554     0.78    1.50
 215017.150    -2.343     0.56    1.13
 215392.340    -2.439    -0.26    1.32
 215767.547    -2.628    -0.50    1.31
 216142.772    -2.751    -0.33    1.42
 216518.015    -3.151    -1.07    1.61
 216893.275    -3.188    -0.10    1.41
 217268.553    -2.792     1.06    1.49
 217643.849    -2.599     0.51    1.44
 218019.162    -2.306     0.78    1.31
 218394.493    -2.125     0.48    1.15
 218769.842    -2.324    -0.53    1.40
 219145.208    -2.574    -0.67    1.72
 219520.592    -2.808    -0.62    1.85
 219895.993    -2.250     1.49    2.20
 220271.413    -1.554     1.86    2.07
 220646.850    -1.097     1.22    1.63
 221022.304    -0.823     0.73    1.17
 221397.777    -1.029    -0.55    1.27
 221773.267    -1.302    -0.73    1.19
 222148.775    -1.555    -0.67    1.40
 222524.300    -1.620    -0.17    1.33
 222899.843    -1.531     0.24    1.21
 223275.404    -1.256     0.73    1.20
 223650.983    -1.064     0.51    1.18
 224026.579    -0.665     1.06    1.20
 224402.193    -0.339     0.87    1.17
 224777.825    -0.189     0.40    1.04
 225153.475    -0.802    -1.63    1.23
 225529.142    -1.006    -0.54    1.36
 225904.827    -1.239    -0.62    1.37
 226280.530    -1.134     0.28    1.43
 226656.251    -1.052     0.22    1.56
 227031.989    -1.165    -0.30    1.61
 227407.745    -1.481    -0.84    1.61
 227783.519    -1.893    -1.10    1.32
 228159.311    -2.092    -0.53    1.43
 228535.120    -2.143    -0.14    1.46
 228910.947    -2.347    -0.54    1.43
 229286.792    -2.438    -0.24    1.48
 229662.655    -2.665    -0.60    1.31
 230038.536    -2.769    -0.28    1.08
 230414.434    -2.824    -0.15    0.91
 230790.350    -2.646     0.48    0.83
 231166.285    -2.733    -0.23    0.99
 231542.236    -2.795    -0.16    0.99
 231918.206    -2.622     0.46    0.96
 232294.194    -2.711    -0.23    0.93
 232670.199    -2.737    -0.07    1.11
 233046.222    -2.665     0.19    1.35
 233422.263    -2.715    -0.13    1.39
 233798.322    -2.802    -0.23    1.68
 234174.399    -2.893    -0.24    1.98
 234550.493    -2.823     0.18    2.43
 234926.606    -3.431    -1.62    2.80
 235302.736    -3.654    -0.59    3.07
