-264058.575    31.695     0.00    2.73
-263681.996    32.193     1.32    2.61
-263305.435    32.394     0.53    2.46
-262928.891    32.204    -0.51    2.14
-262552.365    32.283     0.21    2.25
-262175.858    31.563    -1.91    2.33
-261799.368    30.702    -2.29    2.24
-261422.896    29.840    -2.29    2.57
-261046.442    28.749    -2.90    2.48
-260670.006    27.539    -3.21    2.09
-260293.587    27.431    -0.29    1.72
-259917.187    28.090     1.75    1.83
-259540.804    29.613     4.05    2.19
-259164.440    31.340     4.59    2.44
-258788.093    32.681     3.56    2.48
-258411.764    33.840     3.08    2.31
-258035.453    34.539     1.86    2.20
-257659.160    35.181     1.71    2.18
-257282.884    35.090    -0.24    2.26
-256906.626    33.976    -2.96    2.87
-256530.387    32.885    -2.90    2.85
-256154.165    32.135    -1.99    2.45
-255777.961    32.431     0.79    2.62
-255401.774    33.891     3.88    2.76
-255025.606    34.097     0.55    2.46
-254649.455    34.639     1.44    2.19
-254273.322    34.681     0.11    2.20
-253897.207    34.317    -0.97    1.91
-253521.110    34.423     0.28    1.76
-253145.030    33.927    -1.32    1.65
-252768.969    33.605    -0.86    1.90
-252392.925    33.454    -0.40    2.15
-252016.898    33.260    -0.51    2.19
-251640.890    32.911    -0.93    2.10
-251264.899    31.772    -3.03    1.99
-250888.927    31.581    -0.51    2.03
-250512.971    32.489     2.42    2.21
-250137.034    33.516     2.73    1.69
-249761.114    34.204     1.83    1.58
-249385.213    34.129    -0.20    1.53
-249009.329    33.677    -1.20    1.66
-248633.462    33.181    -1.32    2.04
-248257.614    32.722    -1.22    2.01
-247881.783    32.863     0.38    2.04
-247505.969    33.272     1.09    2.05
-247130.174    33.609     0.90    2.14
-246754.396    33.976     0.98    2.18
-246378.636    34.138     0.43    2.36
-246002.894    34.022    -0.31    2.04
-245627.169    34.462     1.17    2.41
-245251.462    34.704     0.64    2.13
-244875.773    35.113     1.09    2.24
-244500.102    34.818    -0.78    2.01
-244124.448    34.840     0.06    1.95
-243748.812    34.847     0.02    1.82
-243373.193    34.908     0.16    1.71
-242997.592    35.260     0.94    1.83
-242622.009    35.635     1.00    1.79
-242246.444    35.954     0.85    1.88
-241870.896    36.336     1.02    1.85
-241495.366    37.090     2.01    2.03
-241119.853    36.922    -0.45    1.99
-240744.358    37.616     1.85    1.74
-240368.881    38.609     2.64    1.88
-239993.421    39.931     3.52    2.65
-239617.979    41.772     4.90    2.65
-239242.555    42.823     2.80    2.19
-238867.148    43.431     1.62    2.33
-238491.759    43.699     0.71    2.44
-238116.388    44.885     3.16    2.65
-237741.034    45.911     2.73    2.49
-237365.697    47.022     2.96    2.33
-236990.379    48.431     3.76    2.23
-236615.078    48.951     1.39    2.02
-236239.794    49.045     0.25    2.14
-235864.528    49.129     0.22    2.26
-235489.280    49.658     1.41    2.72
-235114.049    50.416     2.02    2.62
-234738.836    50.446     0.08    2.62
-234363.641    49.545    -2.40    2.92
-233988.463    47.798    -4.66    2.81
-233613.302    45.931    -4.98    3.09
-233238.159    44.702    -3.28    2.86
-232863.034    43.954    -2.00    2.75
-232487.926    42.999    -2.55    2.67
-232112.836    41.822    -3.14    2.89
-231737.763    40.158    -4.44    2.58
-231362.708    39.259    -2.40    2.00
-230987.670    39.658     1.06    2.33
-230612.650    40.842     3.16    2.49
-230237.648    41.317     1.27    2.28
-229862.663    42.567     3.33    2.67
-229487.695    44.447     5.01    3.52
-229112.745    46.931     6.63    3.35
-228737.812    49.113     5.82    2.56
-228362.897    49.954     2.24    2.22
-227988.000    48.976    -2.61    2.99
-227613.120    47.074    -5.08    3.31
-227238.257    45.317    -4.69    3.02
-226863.412    43.900    -3.78    2.23
-226488.585    43.567    -0.89    2.32
-226113.775    43.357    -0.56    2.72
-225738.982    42.908    -1.20    3.04
-225364.207    41.908    -2.67    3.05
-224989.449    40.679    -3.28    2.73
-224614.709    38.749    -5.15    2.57
-224239.986    37.324    -3.80    2.01
-223865.281    36.408    -2.45    1.79
-223490.593    35.981    -1.14    1.83
-223115.922    36.061     0.21    1.90
-222741.269    36.239     0.47    2.05
-222366.634    36.074    -0.44    1.95
-221992.015    35.658    -1.11    2.01
-221617.415    34.693    -2.58    2.16
-221242.831    33.772    -2.46    1.46
-220868.266    33.702    -0.19    1.42
-220493.717    34.658     2.55    2.18
-220119.186    36.483     4.87    3.09
-219744.672    38.699     5.92    3.00
-219370.176    39.658     2.56    3.06
-218995.697    39.535    -0.33    3.39
-218621.236    39.090    -1.19    3.15
-218246.792    38.609    -1.28    2.40
-217872.365    38.885     0.74    2.25
-217497.955    40.135     3.34    2.82
-217123.563    41.472     3.57    3.01
-216749.189    42.795     3.53    2.97
-216374.832    43.947     3.08    3.10
-216000.492    45.045     2.93    3.04
-215626.169    46.539     3.99    3.02
-215251.864    47.772     3.29    2.69
-214877.576    49.051     3.42    2.53
-214503.306    50.105     2.82    2.55
-214129.053    50.431     0.87    2.30
-213754.817    49.845    -1.57    2.68
-213380.598    48.431    -3.78    2.78
-213006.397    47.167    -3.38    2.41
-212632.213    46.022    -3.06    2.47
-212258.047    45.022    -2.67    2.28
-211883.898    44.464    -1.49    1.88
-211509.766    45.635     3.13    3.01
-211135.651    47.650     5.39    3.22
-210761.554    49.522     5.00    2.63
-210387.474    50.446     2.47    2.00
-210013.411    49.681    -2.05    2.65
-209639.366    48.022    -4.44    3.04
-209265.337    46.567    -3.89    3.21
-208891.327    45.022    -4.13    3.06
-208517.333    43.089    -5.17    3.24
-208143.357    41.408    -4.49    3.05
-207769.398    40.158    -3.34    2.63
-207395.456    39.022    -3.04    2.53
-207021.531    37.908    -2.98    2.40
-206647.624    37.310    -1.60    2.42
-206273.734    36.635    -1.81    2.43
-205899.861    35.581    -2.82    2.36
-205526.006    34.431    -3.08    2.16
-205152.167    33.340    -2.92    1.66
-204778.346    33.190    -0.40    1.62
-204404.542    33.158    -0.09    1.78
-204030.756    33.272     0.30    1.63
-203656.986    32.522    -2.01    1.79
-203283.234    32.367    -0.41    1.53
-202909.499    33.226     2.30    2.32
-202535.781    34.613     3.71    3.04
-202162.081    36.470     4.97    3.60
-201788.398    38.567     5.61    3.63
-201414.731    39.552     2.64    3.58
-201041.082    40.613     2.84    3.40
-200667.451    42.296     4.50    3.29
-200293.836    44.135     4.93    3.34
-199920.238    46.181     5.48    2.94
-199546.658    48.186     5.37    3.24
-199173.095    50.090     5.10    2.99
-198796.702    51.822     4.60    2.56
-198419.707    52.090     0.71    2.35
-198042.728    51.935    -0.41    2.54
-197665.768    51.632    -0.80    2.72
-197288.824    51.423    -0.56    2.49
-196911.899    51.028    -1.05    2.33
-196534.990    50.340    -1.83    2.68
-196158.099    49.065    -3.38    3.01
-195781.226    48.121    -2.50    3.01
-195404.370    47.749    -0.99    2.89
-195027.532    47.376    -0.99    2.59
-194650.711    46.681    -1.85    2.29
-194273.907    45.903    -2.06    2.54
-193897.121    44.749    -3.06    2.44
-193520.352    42.888    -4.94    2.43
-193143.601    41.681    -3.20    2.60
-192766.867    40.249    -3.80    2.39
-192390.151    38.847    -3.72    2.47
-192013.452    37.567    -3.40    2.12
-191636.771    36.674    -2.37    1.87
-191260.107    36.454    -0.59    1.80
-190883.460    37.340     2.35    2.17
-190506.831    38.260     2.44    2.51
-190130.219    39.635     3.65    2.69
-189753.624    40.140     1.34    3.12
-189377.047    41.113     2.58    3.03
-189000.488    42.539     3.79    3.06
-188623.945    43.363     2.19    2.41
-188247.421    43.795     1.15    1.84
-187870.913    43.430    -0.97    2.01
-187494.423    42.090    -3.56    2.42
-187117.950    40.285    -4.80    2.59
-186741.495    38.954    -3.54    2.39
-186365.057    37.408    -4.11    2.55
-185988.636    36.214    -3.17    2.63
-185612.233    35.067    -3.05    2.73
-185235.847    34.347    -1.91    2.52
-184859.478    34.045    -0.80    2.64
-184483.127    33.597    -1.19    2.87
-184106.793    33.976     1.01    3.21
-183730.476    33.658    -0.85    3.48
-183354.177    33.010    -1.72    3.79
-182977.895    32.772    -0.63    3.84
-182601.631    32.105    -1.77    4.00
-182225.383    31.226    -2.34    3.90
-181849.153    30.609    -1.64    3.84
-181472.941    29.004    -4.27    3.54
-181096.745    27.772    -3.28    3.08
-180720.567    26.997    -2.06    2.78
-180344.406    26.840    -0.42    2.85
-179968.263    26.297    -1.44    2.67
-179592.136    26.581     0.76    3.42
-179216.027    26.028    -1.47    3.15
-178839.936    25.446    -1.55    3.15
-178463.861    24.704    -1.97    3.11
-178087.804    24.284    -1.12    3.74
-177711.764    23.885    -1.06    3.69
-177335.742    23.415    -1.25    3.60
-176959.736    23.704     0.77    3.47
-176583.748    23.563    -0.38    3.31
-176207.777    23.089    -1.26    3.14
-175831.824    21.976    -2.96    3.43
-175455.887    21.472    -1.34    3.64
-175079.968    20.748    -1.93    3.42
-174704.066    19.842    -2.41    3.52
-174328.182    18.842    -2.66    3.40
-173952.314    17.885    -2.54    2.94
-173576.464    17.497    -1.03    3.23
-173200.631    17.295    -0.54    3.15
-172824.815    16.967    -0.87    2.83
-172449.016    16.439    -1.41    2.43
-172073.235    15.702    -1.96    2.32
-171697.471    15.224    -1.27    2.07
-171321.724    14.795    -1.14    1.92
-170945.994    14.272    -1.39    1.85
-170570.281    14.516     0.65    2.74
-170194.586    15.307     2.10    3.59
-169818.907    16.658     3.60    4.05
-169443.246    18.190     4.08    4.68
-169067.602    19.297     2.95    4.11
-168691.975    20.772     3.93    3.67
-168316.366    20.867     0.25    4.29
-167940.773    21.343     1.27    4.78
-167565.198    23.190     4.92    4.70
-167189.640    24.283     2.91    4.32
-166814.098    25.431     3.06    4.07
-166438.574    26.843     3.76    4.18
-166063.068    27.272     1.14    3.47
-165687.578    26.935    -0.90    3.11
-165312.105    26.248    -1.83    3.36
-164936.650    23.476    -7.38    2.99
-164561.212    21.462    -5.37    2.97
-164185.790    20.016    -3.85    3.05
-163810.386    18.248    -4.71    3.13
-163434.999    16.772    -3.93    3.50
-163059.629    15.842    -2.48    3.20
-162684.277    14.545    -3.46    2.84
-162308.941    13.911    -1.69    2.48
-161933.622    14.653     1.98    2.89
-161558.321    16.181     4.07    4.83
-161183.036    17.911     4.61    5.78
-160807.769    19.343     3.82    6.05
-160432.518    20.702     3.62    4.91
-160057.285    21.272     1.52    3.51
-159682.069    22.863     4.24    3.55
-159306.870    25.034     5.79    3.64
-158931.688    26.681     4.39    3.54
-158556.523    28.190     4.02    2.40
-158181.375    28.558     0.98    2.17
-157806.244    27.590    -2.58    2.53
-157431.130    26.430    -3.09    2.40
-157056.033    26.061    -0.99    2.44
-156680.953    25.415    -1.72    2.57
-156305.890    24.283    -3.02    2.93
-155930.844    24.153    -0.35    3.04
-155555.815    23.408    -1.99    3.52
-155180.803    21.885    -4.06    3.92
-154805.809    21.235    -1.73    4.81
-154430.831    20.431    -2.15    4.98
-154055.870    19.470    -2.56    4.82
-153680.926    18.129    -3.58    5.40
-153305.999    16.097    -5.42    5.83
-152931.089    14.249    -4.93    5.59
-152556.197    13.749    -1.34    5.33
-152181.321    13.547    -0.54    5.04
-151806.462    13.749     0.54    4.74
-151431.620    13.493    -0.68    4.22
-151056.795    12.343    -3.07    4.21
-150681.987    10.702    -4.38    3.44
-150307.196     9.400    -3.48    3.66
-149932.422     7.885    -4.04    3.15
-149557.664     7.162    -1.93    2.94
-149182.924     6.090    -2.86    1.88
-148808.201     5.918    -0.46    1.56
-148433.495     5.724    -0.52    1.38
-148058.805     5.446    -0.74    1.27
-147684.133     5.272    -0.47    1.25
-147309.477     5.249    -0.06    1.11
-146934.838     5.138    -0.30    0.92
-146560.217     5.272     0.36    0.85
-146185.612     5.081    -0.51    0.95
-145811.024     4.795    -0.77    0.98
-145436.453     4.609    -0.50    0.95
-145061.899     4.577    -0.09    1.03
-144687.361     4.295    -0.75    1.07
-144312.841     4.372     0.21    1.01
-143938.338     4.204    -0.45    1.04
-143563.851     4.097    -0.28    0.99
-143189.381     4.260     0.43    1.08
-142814.928     4.113    -0.39    1.18
-142440.492     3.997    -0.31    1.35
-142066.073     3.908    -0.24    1.27
-141691.671     4.131     0.59    1.40
-141317.286     4.586     1.22    1.65
-140942.917     5.307     1.93    1.52
-140568.566     5.935     1.68    1.63
-140194.231     7.295     3.63    3.25
-139819.913     8.972     4.48    3.80
-139445.611    11.772     7.48    5.05
-139071.327    15.347     9.55    4.94
-138697.060    17.090     4.66    3.61
-138322.809    18.317     3.28    2.62
-137948.575    18.423     0.28    2.14
-137574.358    18.090    -0.89    1.27
-137200.158    18.614     1.40    1.53
-136825.974    18.999     1.03    1.52
-136451.808    19.105     0.28    1.54
-136077.658    18.994    -0.30    1.49
-135703.525    18.726    -0.72    1.51
-135329.408    18.558    -0.45    1.62
-134955.309    18.772     0.57    1.73
-134581.226    18.541    -0.62    1.40
-134207.160    18.476    -0.17    1.41
-133833.111    18.330    -0.39    1.30
-133459.079    18.158    -0.46    1.24
-133085.063    18.295     0.36    1.11
-132711.064    18.272    -0.06    1.13
-132337.082    18.476     0.55    1.27
-131963.117    18.874     1.06    1.25
-131589.168    19.340     1.25    1.63
-131215.237    19.679     0.91    1.54
-130841.321    19.772     0.25    1.58
-130467.423    19.004    -2.05    2.02
-130093.541    18.541    -1.24    2.23
-129719.676    17.726    -2.18    2.49
-129345.828    17.040    -1.84    2.29
-128971.997    16.272    -2.06    2.34
-128598.182    15.563    -1.90    2.28
-128224.384    15.113    -1.20    2.05
-127850.603    14.658    -1.22    1.86
-127476.838    14.567    -0.24    1.91
-127103.090    14.454    -0.30    1.09
-126729.359    14.772     0.85    1.28
-126355.644    15.539     2.05    1.52
-125981.947    15.981     1.18    1.63
-125608.265    15.888    -0.25    1.71
-125234.601    15.817    -0.19    1.90
-124860.953    15.208    -1.63    2.01
-124487.322    14.590    -1.65    1.24
-124112.793    14.677     0.23    1.39
-123735.829    15.226     1.46    1.55
-123358.882    15.476     0.66    1.58
-122981.952    15.479     0.01    1.42
-122605.039    15.249    -0.61    1.27
-122228.143    14.947    -0.80    1.34
-121851.263    14.704    -0.65    1.23
-121474.401    14.911     0.55    1.26
-121097.556    14.842    -0.19    0.99
-120720.727    15.340     1.32    1.44
-120343.916    15.977     1.69    1.75
-119967.122    16.431     1.20    1.70
-119590.344    16.724     0.78    1.58
-119213.583    16.567    -0.42    1.62
-118836.840    16.317    -0.66    1.59
-118460.113    16.197    -0.32    1.48
-118083.403    15.772    -1.13    1.31
-117706.710    15.156    -1.63    1.09
-117330.034    14.817    -0.90    0.94
-116953.375    14.586    -0.61    0.82
-116576.733    14.590     0.01    0.79
-116200.108    14.567    -0.06    0.79
-115823.499    14.669     0.27    0.94
-115446.908    14.976     0.82    1.02
-115070.333    15.058     0.22    1.11
-114693.775    15.135     0.21    1.30
-114317.234    15.283     0.39    1.25
-113940.710    15.347     0.17    1.15
-113564.203    15.385     0.10    1.15
-113187.713    15.693     0.82    1.28
-112811.240    16.045     0.93    1.40
-112434.783    16.167     0.33    1.47
-112058.343    16.545     1.00    1.38
-111681.921    16.590     0.12    1.19
-111305.515    17.035     1.18    1.64
-110929.126    17.590     1.47    1.65
-110552.753    18.113     1.39    1.67
-110176.398    18.954     2.23    1.86
-109800.059    19.408     1.21    1.83
-109423.737    19.972     1.50    1.91
-109047.432    20.363     1.04    1.88
-108671.144    20.693     0.88    1.85
-108294.873    20.885     0.51    1.81
-107918.618    21.237     0.93    1.82
-107542.380    21.865     1.67    2.04
-107166.159    22.908     2.77    2.43
-106789.955    24.193     3.42    2.40
-106413.768    25.726     4.08    2.92
-106037.597    27.597     4.97    2.30
-105661.444    27.999     1.07    2.08
-105285.307    27.590    -1.09    3.10
-104909.186    26.935    -1.74    3.44
-104533.083    25.545    -3.70    4.01
-104156.996    24.693    -2.26    3.45
-103780.926    24.795     0.27    3.28
-103404.873    24.539    -0.68    3.46
-103028.837    24.772     0.62    3.29
-102652.817    24.586    -0.49    3.05
-102276.814    24.259    -0.87    2.28
-101900.828    23.931    -0.87    1.92
-101524.858    23.926    -0.01    2.18
-101148.906    24.249     0.86    2.37
-100772.970    25.181     2.48    3.10
-100397.050    25.958     2.07    2.94
-100021.148    26.840     2.35    2.82
 -99645.262    28.035     3.18    2.30
 -99269.393    28.795     2.02    2.42
 -98893.541    29.935     3.03    2.45
 -98517.705    30.772     2.23    3.06
 -98141.886    30.567    -0.54    3.65
 -97766.084    29.072    -3.98    4.62
 -97390.298    27.249    -4.85    4.06
 -97014.529    25.233    -5.36    3.14
 -96638.777    24.028    -3.21    2.27
 -96263.041    22.635    -3.71    1.82
 -95887.322    22.632    -0.01    2.01
 -95511.620    22.704     0.19    2.03
 -95135.935    22.614    -0.24    2.15
 -94760.266    22.363    -0.67    2.05
 -94384.614    21.563    -2.13    1.68
 -94008.978    20.976    -1.56    1.25
 -93633.359    21.121     0.38    1.43
 -93257.757    21.422     0.80    1.53
 -92882.171    21.613     0.51    1.52
 -92506.602    21.541    -0.19    1.55
 -92131.050    21.226    -0.84    1.55
 -91755.514    20.470    -2.02    1.75
 -91379.995    19.632    -2.23    2.42
 -91004.493    18.635    -2.65    2.37
 -90629.007    18.105    -1.41    2.42
 -90253.538    17.249    -2.28    2.72
 -89878.085    15.747    -4.00    3.06
 -89502.649    14.028    -4.58    2.55
 -89127.230    12.885    -3.04    1.87
 -88751.827    12.224    -1.76    1.47
 -88376.441    12.499     0.73    2.17
 -88001.071    13.982     3.95    2.99
 -87625.718    15.249     3.38    3.09
 -87250.382    16.307     2.82    3.03
 -86875.062    17.408     2.93    2.56
 -86499.758    17.423     0.04    2.17
 -86124.472    17.951     1.41    2.11
 -85749.202    18.408     1.22    2.38
 -85373.948    18.497     0.24    2.56
 -84998.711    18.045    -1.21    2.55
 -84623.490    17.679    -0.97    2.62
 -84248.286    17.563    -0.31    2.34
 -83873.099    17.295    -0.71    1.44
 -83497.928    17.259    -0.09    1.50
 -83122.774    16.840    -1.12    1.39
 -82747.636    17.248     1.09    1.95
 -82372.515    18.340     2.91    2.99
 -81997.410    18.527     0.50    2.87
 -81622.322    18.672     0.39    2.77
 -81247.250    18.431    -0.64    2.30
 -80872.195    18.272    -0.42    1.93
 -80497.157    18.363     0.24    2.02
 -80122.134    18.493     0.35    1.98
 -79747.129    17.958    -1.43    1.28
 -79372.140    18.818     2.29    2.12
 -78997.167    19.797     2.61    3.14
 -78622.211    20.249     1.20    3.36
 -78247.271    20.972     1.93    3.61
 -77872.348    20.818    -0.41    3.50
 -77497.441    21.423     1.61    3.43
 -77122.551    22.629     3.22    3.24
 -76747.677    24.658     5.41    2.77
 -76372.820    25.362     1.88    1.76
 -75997.979    24.704    -1.76    1.65
 -75623.154    23.915    -2.11    1.98
 -75248.347    23.004    -2.43    1.66
 -74873.555    22.486    -1.38    1.35
 -74498.780    22.967     1.28    1.65
 -74124.021    23.795     2.21    1.95
 -73749.279    24.247     1.21    1.93
 -73374.553    24.702     1.21    1.62
 -72999.844    24.842     0.37    1.71
 -72625.151    24.749    -0.25    1.58
 -72250.475    24.700    -0.13    1.67
 -71875.815    24.522    -0.48    1.81
 -71501.171    24.795     0.73    1.73
 -71126.544    24.647    -0.39    1.65
 -70751.933    24.439    -0.56    1.69
 -70377.339    23.817    -1.66    1.46
 -70002.760    23.391    -1.14    0.88
 -69628.199    23.493     0.27    0.91
 -69253.654    23.462    -0.08    0.81
 -68879.125    23.958     1.32    1.38
 -68504.612    24.748     2.11    2.67
 -68130.116    25.840     2.92    2.92
 -67755.636    26.867     2.74    2.50
 -67381.173    27.819     2.54    2.50
 -67006.726    28.307     1.30    2.56
 -66632.295    28.700     1.05    3.01
 -66257.881    28.454    -0.66    3.71
 -65883.483    27.796    -1.76    3.91
 -65509.102    27.167    -1.68    3.55
 -65134.736    26.004    -3.11    2.97
 -64760.387    26.051     0.12    2.49
 -64386.055    25.725    -0.87    2.54
 -64011.739    24.629    -2.93    2.51
 -63637.439    23.249    -3.69    2.42
 -63263.155    22.113    -3.04    1.99
 -62888.888    21.462    -1.74    1.39
 -62514.637    21.097    -0.98    1.04
 -62140.402    21.051    -0.12    1.18
 -61766.184    21.074     0.06    1.06
 -61391.982    20.986    -0.24    1.00
 -61017.796    20.962    -0.06    1.06
 -60643.627    21.194     0.62    1.08
 -60269.474    21.539     0.92    1.29
 -59895.337    21.704     0.44    1.34
 -59521.216    21.656    -0.13    1.42
 -59147.112    21.817     0.43    1.41
 -58773.024    21.726    -0.24    1.46
 -58398.952    22.190     1.24    1.68
 -58024.897    21.423    -2.05    2.30
 -57650.857    20.999    -1.13    2.73
 -57276.834    21.330     0.88    3.30
 -56902.828    21.499     0.45    3.32
 -56528.837    22.167     1.79    3.16
 -56154.863    22.677     1.36    2.66
 -55780.905    22.248    -1.15    2.76
 -55406.964    21.632    -1.65    2.46
 -55033.038    21.499    -0.36    2.41
 -54659.129    21.629     0.35    2.39
 -54285.236    21.567    -0.16    1.97
 -53911.359    21.408    -0.43    1.75
 -53537.499    21.415     0.02    1.94
 -53163.654    21.679     0.71    1.85
 -52789.826    21.865     0.50    1.59
 -52416.014    21.656    -0.56    1.76
 -52042.218    21.167    -1.31    1.61
 -51668.439    20.954    -0.57    1.57
 -51294.676    20.724    -0.61    1.53
 -50920.929    20.647    -0.21    1.57
 -50547.198    20.772     0.33    1.74
 -50173.483    20.872     0.27    1.84
 -49799.784    21.296     1.13    1.84
 -49426.102    21.376     0.22    2.05
 -49050.082    21.353    -0.06    2.11
 -48673.163    21.330    -0.06    1.97
 -48296.261    21.497     0.44    2.14
 -47919.376    21.635     0.37    2.03
 -47542.507    21.333    -0.80    1.64
 -47165.654    20.885    -1.19    1.60
 -46788.818    19.962    -2.45    1.71
 -46411.999    17.997    -5.22    3.09
 -46035.196    16.476    -4.04    3.23
 -45658.409    16.547     0.19    3.36
 -45281.639    17.462     2.43    3.76
 -44904.885    19.190     4.59    2.82
 -44528.147    20.129     2.49    1.94
 -44151.426    19.976    -0.41    1.81
 -43774.722    20.308     0.88    1.85
 -43398.034    20.363     0.14    2.03
 -43021.362    20.552     0.50    2.12
 -42644.706    20.635     0.22    1.97
 -42268.067    20.700     0.17    1.85
 -41891.445    20.697    -0.01    1.53
 -41514.839    20.272    -1.13    1.36
 -41138.249    20.022    -0.66    1.28
 -40761.676    19.581    -1.17    0.86
 -40385.119    19.725     0.38    1.05
 -40008.578    19.677    -0.13    1.08
 -39632.054    19.863     0.49    1.07
 -39255.546    19.897     0.09    1.18
 -38879.054    19.516    -1.01    0.95
 -38502.579    20.081     1.50    1.67
 -38126.120    20.307     0.60    2.07
 -37749.678    20.283    -0.06    2.24
 -37373.252    20.047    -0.63    2.00
 -36996.842    19.272    -2.06    1.47
 -36620.449    19.284     0.03    1.55
 -36244.072    19.462     0.47    1.57
 -35867.711    19.656     0.51    1.64
 -35491.367    19.819     0.44    1.56
 -35115.039    19.726    -0.25    1.12
 -34738.727    19.422    -0.81    0.86
 -34362.431    20.004     1.55    1.69
 -33986.152    19.962    -0.11    1.85
 -33609.889    20.074     0.30    2.01
 -33233.643    20.330     0.68    2.04
 -32857.413    20.222    -0.29    2.00
 -32481.199    20.181    -0.11    1.97
 -32105.001    20.162    -0.05    1.70
 -31728.820    19.891    -0.72    1.64
 -31352.655    19.749    -0.38    1.12
 -30976.506    20.034     0.76    1.08
 -30600.374    19.885    -0.39    0.97
 -30224.258    19.849    -0.10    0.93
 -29848.158    19.772    -0.20    0.91
 -29472.074    19.915     0.38    0.84
 -29096.007    20.051     0.36    0.93
 -28719.955    20.028    -0.06    1.03
 -28343.921    19.997    -0.08    1.07
 -27967.902    20.408     1.09    1.63
 -27591.900    21.796     3.69    3.08
 -27215.913    23.439     4.37    3.52
 -26839.944    25.097     4.41    3.12
 -26463.990    25.724     1.67    2.47
 -26088.053    25.408    -0.84    2.37
 -25712.131    24.541    -2.31    2.10
 -25336.226    23.363    -3.13    1.30
 -24960.338    22.605    -2.02    1.36
 -24584.465    22.237    -0.98    1.45
 -24208.609    21.470    -2.04    1.70
 -23832.769    20.847    -1.66    1.85
 -23456.945    20.022    -2.20    2.19
 -23081.137    18.918    -2.94    2.29
 -22705.345    18.415    -1.34    2.25
 -22329.570    17.795    -1.65    2.36
 -21953.811    16.343    -3.86    3.38
 -21578.068    12.635    -9.87    5.51
 -21202.341     9.490    -8.37    5.02
 -20826.630     9.499     0.02    4.84
 -20450.936    11.679     5.80    5.66
 -20075.258    15.167     9.29    4.85
 -19699.596    17.981     7.49    2.38
 -19323.950    18.324     0.91    2.40
 -18948.320    18.295    -0.08    1.91
 -18572.706    18.362     0.18    1.96
 -18197.109    18.679     0.84    2.11
 -17821.527    19.204     1.40    2.30
 -17445.962    19.283     0.21    2.27
 -17070.413    18.681    -1.60    1.65
 -16694.880    18.167    -1.37    1.48
 -16319.363    18.226     0.16    1.25
 -15943.863    18.167    -0.16    1.28
 -15568.378    18.214     0.12    1.18
 -15192.910    18.725     1.36    1.56
 -14817.457    19.003     0.74    1.68
 -14442.021    19.317     0.84    1.44
 -14066.601    19.746     1.14    1.42
 -13691.197    19.911     0.44    1.13
 -13315.809    19.976     0.17    1.13
 -12940.437    20.121     0.38    1.09
 -12565.081    20.135     0.04    1.06
 -12189.741    19.877    -0.69    1.03
 -11814.418    19.613    -0.70    1.40
 -11439.110    19.097    -1.37    1.73
 -11063.819    18.999    -0.26    2.19
 -10688.543    19.423     1.13    1.84
 -10313.284    20.003     1.54    1.29
  -9938.041    20.317     0.84    1.07
  -9562.814    20.233    -0.22    1.14
  -9187.603    20.319     0.23    1.25
  -8812.407    19.842    -1.27    1.24
  -8437.228    19.516    -0.87    1.22
  -8062.065    18.635    -2.35    3.04
  -7686.918    17.618    -2.71    5.37
  -7311.787    16.226    -3.71    8.04
  -6936.672    15.105    -2.99    9.35
  -6561.574    14.067    -2.77    9.78
  -6186.491    13.629    -1.17    9.91
  -5811.424    13.747     0.31    9.98
  -5436.373    15.226     3.94   10.51
  -5061.338    14.647    -1.55    9.82
  -4686.319    14.074    -1.53    9.31
  -4311.317    14.237     0.43    8.30
  -3936.330    14.177    -0.16    6.94
  -3561.359    13.725    -1.20    7.20
  -3186.404    13.003    -1.93    8.09
  -2811.465    11.795    -3.22    8.67
  -2436.542    10.822    -2.59    9.02
  -2061.635     8.819    -5.34    9.10
  -1686.744     6.167    -7.07    8.21
  -1311.869     3.674    -6.65    6.57
   -937.011     2.249    -3.80    5.83
   -562.167     2.162    -0.23    5.55
   -187.340     1.772    -1.04    5.09
    187.471     2.677     2.41    5.75
    562.266     3.010     0.89    6.33
    937.045     3.367     0.95    6.44
   1311.808     2.333    -2.76    4.65
   1686.556     1.476    -2.29    2.28
   2061.287     1.796     0.85    2.36
   2436.003     1.772    -0.07    2.38
   2810.702     1.679    -0.25    2.42
   3185.386     1.510    -0.45    2.37
   3560.053     1.516     0.02    2.37
   3934.705     1.911     1.06    2.48
   4309.341     2.167     0.68    2.43
   4683.961     2.081    -0.23    2.39
   5058.565     1.935    -0.39    2.31
   5433.153     2.214     0.75    2.74
   5807.725     2.330     0.31    2.80
   6182.282     2.167    -0.43    2.81
   6556.822     2.028    -0.37    3.01
   6931.347     1.462    -1.51    2.90
   7305.856     0.724    -1.97    2.14
   7680.348     0.058    -1.78    1.13
   8054.825     0.028    -0.08    1.00
   8429.286    -0.001    -0.08    1.05
   8803.732    -0.135    -0.36    0.61
   9178.161    -0.065     0.19    0.75
   9552.575    -0.228    -0.43    0.00
   9926.972    -0.181     0.13    0.31
  10301.354     0.028     0.56    1.00
  10675.720     0.454     1.14    1.46
  11050.070     0.679     0.60    1.62
  11424.404     1.144     1.24    1.94
  11798.723     1.237     0.25    2.00
  12173.025     1.681     1.19    2.43
  12547.312     1.581    -0.27    2.45
  12921.583     1.097    -1.29    2.38
  13295.838     0.702    -1.06    2.20
  13670.078     0.058    -1.72    1.20
  14044.301     0.307     0.67    1.56
  14418.509     0.915     1.62    2.04
  14792.701     1.343     1.15    2.10
  15166.877     2.353     2.70    2.26
  15541.037     2.749     1.06    2.05
  15915.182     3.260     1.37    2.15
  16289.310     3.385     0.34    2.23
  16663.423     3.867     1.29    2.59
  17037.520     4.072     0.55    2.62
  17411.602     3.635    -1.17    2.75
  17785.667     3.272    -0.97    2.52
  18159.717     3.296     0.06    2.72
  18533.751     2.962    -0.89    2.46
  18907.770     3.283     0.86    2.72
  19281.772     2.563    -1.93    2.84
  19655.759     1.640    -2.47    2.63
  20029.730     1.113    -1.41    2.45
  20403.685    -0.003    -2.98    0.83
  20777.625    -0.158    -0.42    0.46
  21151.549    -0.205    -0.13    0.15
  21525.457    -0.228    -0.06    0.00
  21899.349    -0.001     0.61    1.51
  22273.226    -0.228    -0.61    0.00
  22647.087    -0.228     0.00    0.00
  23020.932    -0.228     0.00    0.00
  23394.761    -0.228     0.00    0.00
  23768.575    -0.228     0.00    0.00
  24142.373     0.003     0.62    1.06
  24516.156     1.749     4.67    3.30
  24889.922     3.351     4.29    3.67
  25263.673     4.863     4.05    3.44
  25637.940     6.423     4.17    2.58
  26014.827     6.353    -0.19    2.30
  26391.698     6.090    -0.70    2.52
  26768.553     6.592     1.33    2.74
  27145.391     6.635     0.11    2.79
  27522.214     6.725     0.24    2.82
  27899.021     6.632    -0.25    2.61
  28275.812     6.888     0.68    2.36
  28652.587     7.003     0.30    1.95
  29029.346     6.658    -0.91    1.65
  29406.090     6.947     0.77    1.52
  29782.817     7.144     0.52    1.81
  30159.528     7.307     0.43    2.03
  30536.223     7.626     0.85    2.04
  30912.903     7.817     0.51    2.36
  31289.566     7.324    -1.31    2.70
  31666.214     7.204    -0.32    2.49
  32042.846     6.795    -1.08    2.02
  32419.462     6.539    -0.68    2.09
  32796.061     6.772     0.62    2.07
  33172.645     6.874     0.27    2.35
  33549.214     7.340     1.24    2.40
  33925.766     8.016     1.79    2.65
  34302.302     9.097     2.87    2.83
  34678.823     9.772     1.79    2.78
  35055.327    10.222     1.20    2.96
  35431.816    10.067    -0.41    2.71
  35808.289     9.351    -1.90    2.65
  36184.746     9.493     0.38    2.65
  36561.187     9.051    -1.17    2.26
  36937.612     8.724    -0.87    1.68
  37314.021     8.476    -0.66    1.85
  37690.415     8.362    -0.30    1.90
  38066.792     8.658     0.79    1.82
  38443.154     8.724     0.18    1.78
  38819.500     8.493    -0.61    1.37
  39195.830     8.748     0.68    1.30
  39572.145     8.900     0.40    1.36
  39948.443     8.999     0.26    1.43
  40324.726     8.872    -0.34    1.35
  40700.993     9.034     0.43    1.61
  41077.244     9.330     0.79    1.88
  41453.479     9.479     0.40    1.85
  41829.698    10.022     1.44    2.17
  42205.902    10.372     0.93    2.51
  42582.090    10.558     0.49    2.29
  42958.262    10.981     1.13    2.59
  43334.418    11.581     1.60    2.59
  43710.558    12.177     1.58    2.57
  44086.683    12.922     1.98    2.29
  44462.792    12.249    -1.79    2.28
  44838.885    12.022    -0.60    2.10
  45214.962    12.034     0.03    2.06
  45591.024    11.911    -0.33    2.37
  45967.070    12.162     0.67    2.41
  46343.100    11.935    -0.60    2.52
  46719.114    11.723    -0.56    2.32
  47095.112    11.962     0.64    2.41
  47471.095    11.888    -0.20    1.90
  47847.062    12.486     1.59    2.19
  48223.013    13.296     2.15    2.72
  48598.949    13.677     1.01    3.12
  48974.868    13.842     0.44    2.86
  49350.773    13.650    -0.51    2.32
  49726.661    12.958    -1.84    1.91
  50102.533    13.129     0.46    2.09
  50478.390    13.558     1.14    2.49
  50854.231    13.343    -0.57    2.59
  51230.057    13.867     1.39    2.52
  51605.867    14.067     0.53    2.40
  51981.661    13.681    -1.03    2.20
  52357.439    13.939     0.69    1.89
  52733.202    14.065     0.34    1.69
  53108.948    14.167     0.27    1.62
  53484.680    14.010    -0.42    1.71
  53860.395    14.153     0.38    1.90
  54236.095    14.307     0.41    1.91
  54611.779    14.121    -0.50    2.06
  54987.448    14.051    -0.19    1.89
  55363.101    14.144     0.25    1.60
  55738.738    14.237     0.25    1.49
  56114.359    14.177    -0.16    1.61
  56489.965    13.962    -0.57    1.92
  56865.556    14.153     0.51    2.00
  57241.130    14.121    -0.09    1.93
  57616.689    14.028    -0.25    2.18
  57992.232    14.283     0.68    2.03
  58367.760    14.772     1.30    2.22
  58743.272    15.177     1.08    2.48
  59118.768    15.516     0.90    2.64
  59494.249    15.522     0.02    2.57
  59869.714    15.446    -0.20    2.35
  60245.164    16.260     2.17    2.84
  60620.597    17.656     3.72    3.03
  60996.016    18.296     1.70    2.97
  61371.418    18.177    -0.32    2.99
  61746.805    18.214     0.10    2.96
  62122.177    17.981    -0.62    2.45
  62497.533    18.319     0.90    2.33
  62872.873    18.319     0.00    2.73
  63248.197    17.840    -1.28    2.94
  63623.507    18.153     0.83    3.04
  63998.800    17.915    -0.63    2.89
  64374.078    17.605    -0.82    2.62
  64749.340    17.772     0.44    2.45
  65124.587    16.958    -2.17    2.22
  65499.818    17.439     1.28    2.74
  65875.034    17.891     1.21    3.01
  66250.234    18.129     0.63    3.01
  66625.418    17.962    -0.44    3.03
  67000.587    19.105     3.05    2.75
  67375.741    20.004     2.40    3.22
  67750.879    20.629     1.66    3.32
  68126.001    20.622    -0.02    3.36
  68501.108    20.408    -0.57    3.42
  68876.199    21.333     2.46    3.61
  69251.275    20.748    -1.56    3.95
  69626.335    20.307    -1.18    4.49
  70001.380    19.962    -0.92    4.27
  70376.409    20.113     0.40    4.18
  70751.422    21.490     3.67    4.56
  71126.421    21.749     0.69    4.87
  71501.403    20.486    -3.37    5.05
  71876.370    19.958    -1.41    5.11
  72251.322    18.493    -3.91    3.81
  72626.258    18.246    -0.66    3.49
  73001.179    18.885     1.71    4.13
  73376.084    18.669    -0.58    4.06
  73750.974    20.296     4.34    5.15
  74125.848    21.795     4.00    5.23
  74500.706    22.647     2.27    4.66
  74875.550    22.567    -0.21    4.73
  75250.377    22.851     0.76    4.84
  75625.190    23.545     1.85    4.54
  75999.987    23.224    -0.85    4.78
  76374.768    23.681     1.22    4.33
  76749.534    24.121     1.17    4.01
  77124.284    25.080     2.56    3.36
  77499.019    25.499     1.12    2.92
  77873.739    24.823    -1.80    3.36
  78248.443    24.214    -1.63    4.17
  78623.132    23.330    -2.36    4.66
  78997.805    22.699    -1.68    4.69
  79372.463    21.863    -2.23    4.38
  79747.106    21.956     0.25    4.05
  80121.733    22.840     2.36    4.32
  80496.344    23.702     2.30    4.85
  80870.940    24.004     0.81    5.10
  81245.521    24.058     0.14    5.01
  81620.086    23.567    -1.31    4.85
  81994.636    25.022     3.88    4.89
  82369.171    25.622     1.60    3.98
  82743.690    26.058     1.16    3.85
  83118.194    25.725    -0.89    4.33
  83492.682    24.650    -2.87    4.56
  83867.155    23.004    -4.39    4.24
  84241.613    22.097    -2.42    3.65
  84616.055    21.510    -1.57    3.31
  84990.482    20.723    -2.10    2.24
  85364.894    20.214    -1.36    1.78
  85739.290    19.843    -0.99    1.45
  86113.671    19.748    -0.25    1.26
  86488.036    19.939     0.51    1.59
  86862.386    20.224     0.76    1.55
  87236.721    20.330     0.28    1.52
  87611.040    20.510     0.48    1.29
  87985.344    20.439    -0.19    1.26
  88359.633    20.353    -0.23    1.45
  88733.907    20.330    -0.06    1.47
  89108.165    20.400     0.19    1.92
  89482.407    21.081     1.82    2.61
  89856.635    21.601     1.39    2.50
  90230.847    22.609     2.69    2.89
  90605.044    22.446    -0.44    2.78
  90979.225    22.167    -0.75    2.74
  91353.391    21.214    -2.55    2.46
  91727.542    20.679    -1.43    2.14
  92101.678    20.486    -0.51    1.70
  92475.798    20.962     1.27    1.77
  92849.903    21.493     1.42    2.00
  93223.992    21.867     1.00    1.83
  93598.067    21.629    -0.64    1.92
  93972.126    21.510    -0.32    2.18
  94346.170    20.991    -1.39    1.62
  94720.198    21.747     2.02    2.56
  95094.212    22.493     1.99    2.83
  95468.210    22.697     0.55    2.76
  95842.192    22.153    -1.45    2.41
  96216.160    21.534    -1.66    2.12
  96590.112    21.144    -1.04    1.02
  96964.049    21.081    -0.17    0.98
  97337.971    21.009    -0.19    1.00
  97711.877    20.840    -0.45    1.07
  98085.768    20.972     0.35    1.24
  98459.644    20.724    -0.66    1.10
  98833.505    20.772     0.13    1.15
  99207.351    21.004     0.62    1.27
  99581.181    21.817     2.17    1.70
  99954.996    22.193     1.00    2.06
 100328.796    23.158     2.58    2.63
 100704.464    23.534     1.00    2.57
 101081.307    23.772     0.63    2.46
 101458.134    23.581    -0.51    2.47
 101834.946    23.285    -0.79    1.86
 102211.742    22.908    -1.00    1.84
 102588.523    22.926     0.05    1.74
 102965.289    23.400     1.26    2.07
 103342.039    23.865     1.23    2.20
 103718.773    23.874     0.03    2.36
 104095.492    23.726    -0.39    2.54
 104472.196    23.233    -1.31    2.72
 104848.884    24.224     2.63    3.38
 105225.557    24.679     1.21    3.22
 105602.214    24.772     0.25    3.43
 105978.856    24.317    -1.21    3.12
 106355.482    23.798    -1.38    3.09
 106732.093    23.749    -0.13    2.86
 107108.689    23.470    -0.74    2.37
 107485.269    23.911     1.17    2.56
 107861.834    25.121     3.21    2.62
 108238.383    25.618     1.32    2.80
 108614.917    26.726     2.94    3.26
 108991.436    27.997     3.37    3.63
 109367.939    28.939     2.50    4.28
 109744.427    28.455    -1.28    4.49
 110120.899    28.297    -0.42    4.68
 110497.357    26.749    -4.11    4.44
 110873.798    27.482     1.95    5.07
 111250.224    29.516     5.40    5.33
 111626.635    31.353     4.88    4.58
 112003.031    30.891    -1.23    4.28
 112379.411    29.249    -4.36    4.21
 112755.776    27.900    -3.58    3.50
 113132.125    27.726    -0.46    2.89
 113508.459    28.462     1.96    3.13
 113884.778    29.632     3.11    3.11
 114261.082    29.581    -0.14    3.62
 114637.370    29.285    -0.79    3.92
 115013.642    29.090    -0.52    3.68
 115389.900    28.722    -0.98    3.23
 115766.142    28.891     0.45    2.67
 116142.368    28.581    -0.82    2.86
 116518.580    28.552    -0.08    3.09
 116894.776    29.431     2.34    3.13
 117270.957    30.186     2.01    3.11
 117647.122    30.819     1.68    3.08
 118023.272    31.632     2.16    3.43
 118399.407    30.939    -1.84    3.93
 118775.527    29.343    -4.24    4.46
 119151.631    27.497    -4.91    4.09
 119527.720    26.724    -2.05    2.80
 119903.793    27.260     1.42    3.06
 120279.852    27.581     0.86    3.34
 120655.895    27.653     0.19    3.08
 121031.923    26.962    -1.84    2.95
 121407.935    26.462    -1.33    2.69
 121783.932    26.748     0.76    3.02
 122159.914    27.058     0.82    3.34
 122535.881    27.272     0.57    3.06
 122911.833    27.843     1.52    3.58
 123287.769    28.415     1.52    3.50
 123663.690    29.144     1.94    3.96
 124039.595    28.986    -0.42    3.95
 124415.486    28.129    -2.28    3.25
 124791.361    28.028    -0.27    3.08
 125167.221    27.939    -0.24    2.27
 125543.066    28.004     0.18    2.22
 125918.895    27.629    -1.00    2.36
 126294.710    26.918    -1.89    1.97
 126670.509    26.699    -0.58    1.49
 127046.293    27.818     2.98    3.22
 127422.061    28.330     1.36    3.49
 127797.815    29.635     3.47    4.08
 128173.553    29.400    -0.63    3.70
 128549.276    29.819     1.12    4.39
 128924.984    30.724     2.41    4.78
 129300.676    31.357     1.68    4.62
 129676.354    32.144     2.09    4.27
 130052.016    33.470     3.53    4.35
 130427.663    33.462    -0.02    3.82
 130803.295    33.772     0.82    4.06
 131178.911    32.376    -3.71    4.01
 131554.513    31.486    -2.37    4.43
 131930.099    30.819    -1.77    4.69
 132305.670    30.153    -1.77    4.33
 132681.226    30.415     0.70    4.63
 133056.767    29.911    -1.34    4.00
 133432.293    29.248    -1.77    3.54
 133807.803    28.605    -1.71    3.22
 134183.299    27.845    -2.02    2.21
 134558.779    27.986     0.38    2.30
 134934.244    28.200     0.57    2.40
 135309.694    28.795     1.58    3.03
 135685.129    28.748    -0.13    3.03
 136060.548    28.894     0.39    3.23
 136435.953    28.749    -0.39    2.77
 136811.342    29.747     2.66    3.70
 137186.717    30.699     2.53    3.90
 137562.076    30.843     0.39    3.94
 137937.420    31.522     1.81    4.18
 138312.749    31.499    -0.06    3.77
 138688.063    32.156     1.75    4.22
 139063.361    31.939    -0.58    4.44
 139438.645    32.891     2.54    4.23
 139813.914    32.516    -1.00    4.57
 140189.167    32.204    -0.83    4.29
 140564.406    32.772     1.51    3.86
 140939.629    32.931     0.42    3.59
 141314.837    33.272     0.91    3.46
 141690.030    32.190    -2.88    3.33
 142065.208    30.748    -3.84    2.98
 142440.371    30.439    -0.82    2.93
 142815.519    31.908     3.92    3.90
 143190.652    34.823     7.77    4.84
 143565.770    36.915     5.58    3.84
 143940.873    38.522     4.28    3.31
 144315.960    37.967    -1.48    3.82
 144691.033    35.635    -6.22    4.06
 145066.091    34.061    -4.20    4.10
 145441.133    31.931    -5.68    2.97
 145816.161    30.842    -2.90    1.50
 146191.173    30.842     0.00    1.58
 146566.171    30.818    -0.06    1.27
 146941.153    31.285     1.24    1.41
 147316.121    31.363     0.21    1.48
 147691.073    31.547     0.49    1.44
 148066.011    31.653     0.28    1.56
 148440.933    31.558    -0.25    1.35
 148815.841    31.577     0.05    1.57
 149190.733    31.749     0.46    1.39
 149565.610    32.054     0.81    1.41
 149940.473    32.224     0.45    1.40
 150315.320    32.462     0.64    1.33
 150690.153    32.200    -0.70    1.15
 151064.970    32.129    -0.19    1.39
 151439.773    32.272     0.38    1.30
 151814.560    32.224    -0.13    1.52
 152189.333    32.211    -0.04    1.52
 152564.090    32.462     0.67    1.46
 152938.833    32.817     0.95    1.28
 153313.560    32.772    -0.12    1.06
 153688.273    32.986     0.57    1.24
 154062.971    33.190     0.55    1.28
 154437.653    33.138    -0.14    1.26
 154812.321    33.105    -0.09    1.16
 155186.974    33.121     0.04    1.11
 155561.612    33.446     0.87    1.36
 155936.235    33.385    -0.16    2.13
 156310.843    33.004    -1.02    2.95
 156685.436    32.653    -0.94    3.76
 157060.014    32.382    -0.72    4.16
 157434.578    33.162     2.08    4.28
 157809.126    33.819     1.75    4.08
 158183.659    34.224     1.08    3.56
 158558.178    33.845    -1.01    2.61
 158932.682    34.376     1.42    1.64
 159307.170    34.558     0.48    1.37
 159681.644    34.819     0.70    1.36
 160056.103    35.357     1.44    1.87
 160430.547    36.177     2.19    1.93
 160804.976    36.284     0.29    2.06
 161179.391    36.581     0.79    1.98
 161553.790    36.462    -0.32    2.15
 161928.174    36.047    -1.11    2.11
 162302.544    35.658    -1.04    2.00
 162676.899    35.208    -1.20    1.97
 163051.239    34.796    -1.10    2.14
 163425.564    35.058     0.70    2.12
 163799.874    34.795    -0.70    2.01
 164174.169    35.004     0.56    1.74
 164548.449    35.219     0.57    1.83
 164922.715    36.431     3.24    2.85
 165296.966    37.747     3.52    3.04
 165671.202    38.415     1.78    3.11
 166045.423    39.307     2.38    2.87
 166419.629    39.515     0.56    3.08
 166793.820    39.908     1.05    3.37
 167167.997    39.667    -0.65    3.72
 167542.159    39.237    -1.15    3.45
 167916.306    37.656    -4.23    2.81
 168290.438    37.129    -1.41    2.09
 168664.555    37.656     1.41    1.72
 169038.657    36.926    -1.95    1.86
 169412.745    36.317    -1.63    1.73
 169786.818    36.065    -0.68    1.63
 170160.876    36.058    -0.02    1.97
 170534.919    36.211     0.41    2.09
 170908.948    36.308     0.26    2.05
 171282.961    36.635     0.87    2.38
 171656.960    36.722     0.23    2.44
 172030.944    37.986     3.38    2.82
 172404.914    39.581     4.27    3.13
 172778.868    40.439     2.29    2.59
 173152.808    42.081     4.39    3.97
 173526.733    42.577     1.32    4.11
 173900.643    42.455    -0.33    4.60
 174274.539    43.357     2.41    4.99
 174648.420    42.200    -3.09    4.99
 175022.286    41.724    -1.27    5.22
 175396.305    42.819     2.93    5.01
 175773.121    43.499     1.80    4.63
 176149.922    44.353     2.27    4.70
 176526.709    45.819     3.89    3.96
 176903.480    45.447    -0.99    4.43
 177280.236    42.915    -6.72    5.28
 177656.978    40.028    -7.66    4.06
 178033.704    38.423    -4.26    2.76
 178410.416    37.558    -2.30    1.41
 178787.112    37.869     0.83    1.70
 179163.794    39.010     3.03    2.93
 179540.460    39.725     1.90    3.66
 179917.112    40.567     2.24    3.41
 180293.748    41.367     2.12    3.48
 180670.370    41.748     1.01    3.25
 181046.977    40.796    -2.53    3.50
 181423.569    39.677    -2.97    3.42
 181800.145    38.796    -2.34    3.05
 182176.707    38.081    -1.90    2.32
 182553.254    38.129     0.13    2.37
 182929.786    38.702     1.52    3.22
 183306.304    39.415     1.89    3.79
 183682.806    40.528     2.96    4.04
 184059.293    41.439     2.42    4.19
 184435.766    42.138     1.86    4.33
 184812.223    42.376     0.63    4.01
 185188.666    42.891     1.37    4.47
 185565.093    43.129     0.63    4.47
 185941.506    43.186     0.15    4.43
 186317.904    43.343     0.42    4.28
 186694.287    43.308    -0.09    4.39
 187070.655    42.819    -1.30    4.58
 187447.008    42.200    -1.64    4.06
 187823.347    42.872     1.78    4.02
 188199.670    45.158     6.07    4.83
 188575.979    46.894     4.61    4.65
 188952.273    47.558     1.76    4.60
 189328.551    47.248    -0.82    4.82
 189704.815    46.672    -1.53    4.92
 190081.065    47.181     1.35    4.76
 190457.299    47.233     0.14    4.58
 190833.518    47.581     0.92    4.46
 191209.723    46.629    -2.53    4.90
 191585.913    46.482    -0.39    5.02
 191962.088    46.003    -1.28    4.92
