-260392.886    48.181     0.00    2.60
-260019.769    48.713     1.43    2.50
-259646.673    49.106     1.05    2.60
-259273.599    49.073    -0.09    2.06
-258900.545    48.751    -0.86    2.10
-258527.512    48.338    -1.11    2.30
-258154.499    47.573    -2.05    2.35
-257781.508    47.468    -0.28    3.04
-257408.538    46.892    -1.54    3.31
-257032.036    45.934    -2.54    3.48
-256654.885    44.483    -3.85    3.06
-256277.755    42.995    -3.94    1.66
-255900.647    41.899    -2.91    1.80
-255523.560    40.773    -2.99    1.78
-255146.495    39.801    -2.58    1.63
-254769.451    38.877    -2.45    1.54
-254392.428    38.359    -1.37    1.68
-254015.426    37.616    -1.97    1.95
-253638.446    36.573    -2.77    2.44
-253261.487    35.706    -2.30    2.41
-252884.550    34.884    -2.18    2.29
-252507.633    34.464    -1.12    2.29
-252130.738    34.187    -0.73    2.44
-251753.865    34.484     0.79    2.35
-251377.012    33.725    -2.02    2.40
-251000.181    33.051    -1.79    2.53
-250623.372    32.528    -1.39    2.31
-250246.583    32.202    -0.87    2.08
-249869.816    32.951     1.99    2.29
-249493.070    34.203     3.32    2.40
-249116.345    35.594     3.69    2.45
-248739.642    36.445     2.26    2.47
-248362.960    37.846     3.72    2.36
-247986.299    38.747     2.39    1.78
-247609.659    39.665     2.44    1.19
-247233.040    40.106     1.17    1.08
-246856.443    40.466     0.95    1.10
-246479.867    41.029     1.50    0.98
-246103.312    41.274     0.65    1.06
-245726.779    41.506     0.62    1.22
-245350.266    41.870     0.97    1.25
-244973.775    41.892     0.06    1.51
-244597.305    41.818    -0.20    1.40
-244220.856    41.725    -0.25    1.18
-243844.428    41.435    -0.77    1.14
-243468.022    40.986    -1.19    1.19
-243091.637    40.420    -1.50    1.48
-242715.272    39.725    -1.85    1.72
-242338.929    38.640    -2.88    2.11
-241962.608    37.706    -2.48    1.91
-241586.307    36.051    -4.40    2.54
-241210.027    34.170    -5.00    2.85
-240833.769    32.484    -4.48    2.79
-240457.532    30.951    -4.08    1.67
-240081.315    31.506     1.48    2.11
-239705.120    33.329     4.84    3.31
-239328.947    35.408     5.53    3.25
-238952.794    37.377     5.24    2.42
-238576.662    39.086     4.54    1.93
-238200.551    39.973     2.36    1.75
-237824.462    40.998     2.72    1.47
-237448.393    42.029     2.74    1.41
-237072.346    43.062     2.75    1.74
-236696.320    44.460     3.72    1.85
-236320.315    45.338     2.34    1.86
-235944.331    46.505     3.11    1.43
-235568.368    47.151     1.72    1.18
-235192.426    47.420     0.72    1.05
-234816.505    47.703     0.75    1.13
-234440.605    47.863     0.43    1.26
-234064.726    47.915     0.14    1.24
-233688.868    47.976     0.16    1.23
-233313.031    47.942    -0.09    1.06
-232937.215    47.986     0.12    1.11
-232561.421    47.834    -0.41    1.15
-232185.647    47.599    -0.63    1.15
-231809.894    46.899    -1.86    1.25
-231434.162    46.369    -1.41    1.21
-231058.452    46.160    -0.56    1.36
-230682.762    45.846    -0.83    1.50
-230307.093    46.051     0.54    1.55
-229931.445    45.929    -0.33    1.40
-229555.818    45.384    -1.45    1.45
-229180.212    44.869    -1.37    1.57
-228804.628    44.528    -0.91    1.50
-228429.064    44.084    -1.18    1.59
-228053.521    44.018    -0.18    1.58
-227677.999    44.187     0.45    1.60
-227302.498    44.486     0.79    1.72
-226927.017    44.432    -0.14    1.80
-226551.558    44.040    -1.04    2.06
-226176.120    42.840    -3.20    2.39
-225800.702    41.862    -2.61    2.22
-225425.306    40.721    -3.04    2.26
-225049.930    39.442    -3.41    1.83
-224674.576    38.593    -2.26    1.76
-224299.242    38.551    -0.11    1.71
-223923.929    38.806     0.68    1.80
-223548.637    38.960     0.41    1.86
-223173.366    38.929    -0.08    1.81
-222798.116    38.942     0.04    1.54
-222422.886    38.507    -1.16    1.56
-222047.678    38.051    -1.22    1.54
-221672.490    37.255    -2.12    1.64
-221297.323    36.855    -1.07    1.50
-220922.178    35.818    -2.77    1.59
-220547.052    35.284    -1.42    1.96
-220171.948    34.616    -1.78    1.95
-219796.865    34.039    -1.54    1.94
-219421.802    33.855    -0.49    2.06
-219046.760    33.818    -0.10    2.05
-218671.739    33.870     0.14    1.90
-218296.739    33.751    -0.32    1.80
-217921.760    33.189    -1.50    1.76
-217546.801    32.505    -1.82    1.92
-217171.864    31.760    -1.99    1.99
-216796.947    30.729    -2.75    2.17
-216422.051    29.432    -3.46    2.15
-216047.175    27.840    -4.25    2.54
-215672.321    26.418    -3.79    2.20
-215297.487    25.869    -1.46    2.35
-214922.674    25.818    -0.14    2.39
-214547.881    26.646     2.21    2.60
-214173.110    27.187     1.44    2.09
-213798.359    26.869    -0.85    1.81
-213423.629    26.684    -0.49    1.74
-213048.920    26.203    -1.28    1.84
-212674.231    25.846    -0.95    1.75
-212299.563    24.381    -3.91    3.10
-211924.916    22.109    -6.06    3.98
-211550.290    20.551    -4.16    3.51
-211175.684    20.760     0.56    4.07
-210801.099    22.640     5.02    4.53
-210426.534    25.355     7.25    3.40
-210051.991    27.073     4.59    1.89
-209677.468    27.551     1.28    1.86
-209302.966    27.846     0.79    1.56
-208928.484    27.968     0.32    1.76
-208554.023    28.051     0.22    1.52
-208179.583    27.995    -0.15    1.79
-207805.163    28.418     1.13    1.62
-207430.764    28.551     0.36    1.70
-207056.386    28.742     0.51    1.70
-206682.028    28.824     0.22    1.74
-206307.691    28.785    -0.10    1.81
-205933.375    28.725    -0.16    1.61
-205559.079    28.551    -0.46    1.71
-205184.804    28.195    -0.95    1.77
-204810.550    27.876    -0.85    1.95
-204436.316    26.773    -2.95    2.13
-204062.103    25.313    -3.90    2.31
-203687.910    22.964    -6.28    3.31
-203313.738    20.573    -6.39    3.79
-202939.586    18.572    -5.35    3.55
-202565.456    17.195    -3.68    3.13
-202191.345    17.530     0.89    4.17
-201817.256    19.369     4.92    4.73
-201443.186    21.170     4.82    4.25
-201069.138    21.551     1.02    3.02
-200695.110    21.218    -0.89    3.30
-200321.102    21.595     1.01    3.78
-199947.115    22.551     2.56    4.34
-199573.149    24.596     5.47    3.70
-199199.203    25.662     2.85    2.76
-198825.278    26.837     3.14    1.53
-198451.373    26.505    -0.89    1.79
-198077.489    25.993    -1.37    1.91
-197703.625    25.306    -1.84    2.21
-197329.782    24.638    -1.79    1.88
-196955.959    24.233    -1.08    1.88
-196582.157    23.942    -0.78    1.89
-196208.375    23.225    -1.92    2.30
-195834.614    22.094    -3.03    2.22
-195460.873    20.670    -3.81    1.93
-195087.153    19.329    -3.59    2.02
-194713.453    18.029    -3.48    1.83
-194339.774    16.812    -3.26    1.86
-193966.115    15.486    -3.55    1.97
-193592.477    14.018    -3.93    2.16
-193218.859    12.377    -4.39    2.55
-192845.262    10.869    -4.04    2.28
-192471.685    10.116    -2.02    2.50
-192098.128     9.262    -2.29    4.74
-191724.592     8.619    -1.72    6.02
-191351.076     8.679     0.16    7.42
-190977.581     8.529    -0.40    8.07
-190604.106     9.899     3.67    8.05
-190230.652    10.324     1.14    8.19
-189857.218     8.742    -4.24    8.90
-189483.804     7.642    -2.95    9.21
-189110.411     5.551    -5.60    9.66
-188737.038     3.306    -6.01    9.35
-188363.685     0.665    -7.08    8.59
-187990.353    -0.601    -3.39    8.00
-187617.042    -3.790    -8.54    4.87
-187243.750    -4.406    -1.65    3.06
-186870.479    -4.058     0.93    2.51
-186497.229    -3.580     1.28    2.31
-186123.998    -2.849     1.96    1.67
-185750.789    -2.891    -0.11    1.48
-185377.599    -2.938    -0.13    1.53
-185004.430    -2.878     0.16    1.47
-184631.281    -2.906    -0.07    1.26
-184258.152    -3.116    -0.56    1.17
-183885.044    -3.045     0.19    1.08
-183511.956    -2.813     0.62    0.99
-183138.889    -2.726     0.23    1.04
-182765.841    -2.722     0.01    1.02
-182391.591    -3.077    -0.95    1.79
-182014.479    -4.271    -3.17    2.37
-181637.388    -4.806    -1.42    2.44
-181260.318    -4.960    -0.41    2.22
-180883.269    -4.694     0.71    2.10
-180506.240    -3.984     1.88    1.84
-180129.232    -3.271     1.89    1.03
-179752.245    -2.997     0.73    1.13
-179375.279    -3.176    -0.48    1.56
-178998.333    -3.470    -0.78    1.88
-178621.408    -3.671    -0.53    2.19
-178244.504    -3.981    -0.82    2.35
-177867.621    -3.290     1.83    2.24
-177490.758    -3.406    -0.31    2.23
-177113.916    -3.290     0.31    2.07
-176737.095    -3.160     0.34    2.02
-176360.294    -3.049     0.29    2.03
-175983.514    -3.362    -0.83    2.40
-175606.755    -3.471    -0.29    2.51
-175230.016    -3.676    -0.54    2.60
-174853.298    -3.080     1.58    2.47
-174476.601    -2.176     2.40    1.68
-174099.924    -1.982     0.51    1.36
-173723.269    -1.827     0.41    1.21
-173346.633    -1.563     0.70    1.15
-172970.019    -1.666    -0.28    1.33
-172593.425    -1.601     0.17    1.23
-172216.851    -1.645    -0.12    1.02
-171840.299    -1.871    -0.60    1.01
-171463.767    -1.641     0.61    0.90
-171087.255    -1.649    -0.02    0.89
-170710.764    -1.624     0.07    0.90
-170334.294    -1.538     0.23    0.92
-169957.845    -1.426     0.30    1.02
-169581.416    -1.427    -0.00    1.01
-169205.007    -1.449    -0.06    0.98
-168828.619    -1.544    -0.25    0.85
-168452.252    -1.472     0.19    0.90
-168075.906    -1.403     0.18    1.07
-167699.580    -1.960    -1.48    1.71
-167323.274    -2.840    -2.34    1.93
-166946.989    -3.404    -1.50    1.84
-166570.725    -3.514    -0.29    2.10
-166194.481    -2.759     2.01    2.35
-165818.258    -2.319     1.17    2.28
-165442.055    -1.728     1.57    2.24
-165065.873    -1.760    -0.09    1.79
-164689.711    -2.014    -0.68    2.06
-164313.570    -2.362    -0.92    2.13
-163937.450    -2.536    -0.46    2.15
-163561.349    -2.290     0.65    2.17
-163185.270    -2.601    -0.83    1.94
-162809.211    -2.676    -0.20    1.93
-162433.172    -2.960    -0.75    1.98
-162057.154    -3.166    -0.55    1.83
-161681.157    -2.805     0.96    1.86
-161305.180    -2.449     0.95    1.73
-160929.223    -2.058     1.04    1.34
-160553.287    -1.710     0.93    1.14
-160177.371    -1.782    -0.19    1.09
-159801.476    -1.745     0.10    1.00
-159425.601    -1.782    -0.10    1.11
-159049.747    -1.759     0.06    0.98
-158673.913    -1.927    -0.45    1.07
-158298.100    -1.654     0.73    1.02
-157922.307    -1.827    -0.46    1.19
-157546.534    -1.982    -0.41    1.22
-157170.782    -2.108    -0.33    1.14
-156795.051    -2.313    -0.54    1.05
-156419.339    -2.211     0.27    1.05
-156043.648    -2.249    -0.10    1.04
-155667.978    -2.403    -0.41    0.97
-155292.328    -2.227     0.47    0.95
-154916.698    -2.316    -0.24    1.18
-154541.089    -2.259     0.15    1.19
-154165.500    -2.108     0.40    1.29
-153789.932    -2.211    -0.27    1.38
-153414.384    -2.085     0.33    1.26
-153038.856    -2.101    -0.04    1.08
-152663.349    -2.294    -0.51    1.04
-152287.862    -2.471    -0.47    1.09
-151912.395    -2.240     0.62    0.94
-151536.949    -2.101     0.37    1.12
-151161.523    -2.235    -0.36    1.26
-150786.117    -2.227     0.02    1.36
-150410.732    -2.101     0.33    1.25
-150035.367    -1.971     0.35    1.49
-149660.022    -1.916     0.15    1.42
-149284.698    -1.722     0.52    1.35
-148909.394    -2.032    -0.83    1.01
-148534.110    -1.995     0.10    0.87
-148158.847    -2.138    -0.38    0.87
-147783.604    -2.427    -0.77    0.84
-147408.381    -2.358     0.18    0.80
-147033.178    -2.343     0.04    0.89
-146657.996    -2.199     0.38    0.89
-146282.834    -2.101     0.26    1.06
-145907.692    -2.275    -0.46    1.04
-145532.571    -2.210     0.17    1.02
-145157.470    -2.160     0.13    1.04
-144782.389    -2.330    -0.45    1.04
-144407.328    -2.319     0.03    1.07
-144032.288    -2.379    -0.16    1.03
-143657.268    -2.340     0.10    0.85
-143282.268    -2.290     0.13    1.01
-142907.288    -2.297    -0.02    1.07
-142532.329    -2.335    -0.10    1.17
-142157.389    -2.333     0.01    1.12
-141782.470    -2.381    -0.13    1.00
-141407.571    -2.330     0.14    1.02
-141032.693    -2.406    -0.20    1.01
-140657.834    -2.382     0.06    1.23
-140282.996    -2.382     0.00    1.21
-139908.178    -2.516    -0.36    1.18
-139533.380    -2.830    -0.84    1.17
-139158.602    -2.608     0.59    0.91
-138783.845    -2.775    -0.44    0.94
-138409.108    -2.738     0.10    1.04
-138034.390    -2.654     0.23    1.00
-137659.693    -2.585     0.18    1.11
-137285.016    -2.601    -0.04    1.11
-136910.360    -2.616    -0.04    1.10
-136535.723    -2.805    -0.50    1.00
-136161.107    -2.806    -0.00    1.06
-135786.510    -2.538     0.72    0.92
-135411.934    -2.513     0.07    0.96
-135037.378    -2.427     0.23    1.09
-134662.842    -2.471    -0.12    1.06
-134288.326    -2.426     0.12    1.02
-133913.830    -2.580    -0.41    0.93
-133539.355    -2.813    -0.62    1.22
-133164.899    -3.049    -0.63    1.37
-132790.464    -3.040     0.02    1.40
-132416.048    -2.927     0.30    1.52
-132041.653    -2.753     0.46    1.43
-131667.278    -2.540     0.57    0.96
-131292.923    -2.704    -0.44    0.94
-130918.588    -2.819    -0.31    1.00
-130544.273    -2.732     0.23    1.07
-130169.978    -2.627     0.28    0.94
-129795.703    -2.426     0.54    0.82
-129421.448    -2.319     0.29    0.86
-129047.213    -2.199     0.32    1.08
-128672.998    -2.058     0.38    1.02
-128298.803    -1.971     0.23    1.07
-127924.629    -1.949     0.06    1.01
-127550.474    -1.849     0.27    1.01
-127176.339    -2.054    -0.55    1.12
-126802.224    -2.116    -0.17    1.09
-126428.130    -2.282    -0.45    1.10
-126054.055    -2.275     0.02    0.97
-125680.000    -2.036     0.64    1.00
-125305.966    -1.971     0.17    0.98
-124931.951    -1.699     0.73    1.01
-124557.956    -1.514     0.49    1.12
-124183.981    -1.160     0.95    1.18
-123810.026    -0.913     0.66    1.12
-123436.092    -0.927    -0.04    1.19
-123062.177    -0.858     0.19    1.02
-122688.282    -0.871    -0.04    1.03
-122314.407    -0.960    -0.24    1.12
-121940.552    -0.849     0.30    1.16
-121566.717    -0.904    -0.15    1.32
-121192.901    -0.997    -0.25    1.35
-120819.106    -1.381    -1.03    1.15
-120445.331    -1.568    -0.50    1.04
-120071.575    -1.849    -0.75    0.89
-119697.840    -1.938    -0.24    0.79
-119324.124    -1.926     0.03    0.79
-118950.428    -1.982    -0.15    0.87
-118576.753    -1.901     0.22    0.94
-118203.097    -1.767     0.36    0.98
-117829.461    -1.844    -0.21    0.95
-117455.844    -1.849    -0.01    0.84
-117082.248    -1.972    -0.33    0.79
-116708.672    -2.222    -0.67    0.77
-116335.115    -2.382    -0.43    0.91
-115961.579    -2.544    -0.43    0.93
-115588.062    -2.732    -0.50    1.00
-115214.565    -2.830    -0.26    0.96
-114841.088    -2.782     0.13    0.98
-114467.630    -2.875    -0.25    0.93
-114094.193    -2.849     0.07    0.96
-113720.775    -2.819     0.08    1.06
-113347.377    -2.716     0.28    1.07
-112974.000    -2.688     0.07    0.99
-112600.641    -2.711    -0.06    0.91
-112227.303    -2.849    -0.37    0.91
-111853.984    -2.961    -0.30    0.88
-111480.686    -3.085    -0.33    0.81
-111107.407    -3.123    -0.10    0.84
-110734.148    -3.058     0.17    0.91
-110360.908    -3.014     0.12    0.89
-109987.689    -2.835     0.48    0.92
-109614.489    -2.840    -0.01    1.08
-109241.309    -2.699     0.38    1.10
-108868.149    -2.716    -0.04    1.19
-108495.008    -2.538     0.48    1.20
-108121.887    -2.406     0.35    1.23
-107748.786    -2.360     0.12    1.24
-107372.699    -1.995     0.97    1.25
-106995.639    -1.819     0.47    1.00
-106618.600    -1.608     0.56    0.83
-106241.581    -1.694    -0.23    0.88
-105864.583    -1.738    -0.12    0.84
-105487.604    -1.585     0.40    0.95
-105110.646    -0.949     1.69    1.46
-104733.707    -0.716     0.62    1.56
-104356.789    -0.971    -0.68    1.89
-103979.891    -1.316    -0.92    1.97
-103603.013    -1.805    -1.30    1.77
-103226.156    -2.182    -1.00    1.39
-102849.318    -2.116     0.18    1.26
-102472.501    -1.993     0.33    1.26
-102095.704    -1.358     1.68    1.18
-101718.926    -1.699    -0.90    1.84
-101342.169    -2.782    -2.88    2.44
-100965.432    -4.007    -3.25    2.22
-100588.716    -4.813    -2.14    1.56
-100212.019    -4.839    -0.07    1.32
 -99835.342    -4.805     0.09    1.28
 -99458.686    -4.176     1.67    1.98
 -99082.049    -4.040     0.36    2.06
 -98705.433    -3.516     1.39    2.34
 -98328.837    -3.599    -0.22    2.44
 -97952.261    -4.222    -1.65    2.06
 -97575.704    -4.654    -1.15    1.73
 -97199.168    -4.835    -0.48    1.48
 -96822.652    -4.688     0.39    1.72
 -96446.156    -4.688     0.00    1.73
 -96069.680    -4.688     0.00    1.75
 -95693.224    -5.100    -1.09    1.07
 -95316.789    -5.116    -0.04    1.07
 -94940.373    -5.199    -0.22    0.81
 -94563.977    -5.017     0.48    1.09
 -94187.601    -4.819     0.53    1.29
 -93811.245    -4.426     1.04    1.47
 -93434.910    -4.036     1.04    1.57
 -93058.594    -3.538     1.32    1.46
 -92682.298    -3.182     0.94    1.36
 -92306.022    -2.627     1.48    1.27
 -91929.767    -2.540     0.23    1.22
 -91553.531    -2.493     0.13    1.38
 -91177.315    -2.631    -0.37    1.37
 -90801.119    -2.601     0.08    1.37
 -90424.943    -2.580     0.06    1.34
 -90048.787    -2.319     0.69    1.33
 -89672.651    -2.205     0.30    1.28
 -89296.535    -2.211    -0.02    1.16
 -88920.439    -2.471    -0.69    1.13
 -88544.363    -2.496    -0.07    1.05
 -88168.307    -2.558    -0.17    1.06
 -87792.271    -2.699    -0.38    1.18
 -87416.254    -2.938    -0.64    1.22
 -87040.258    -3.245    -0.82    1.02
 -86664.281    -2.974     0.72    1.22
 -86288.325    -2.671     0.81    1.33
 -85912.388    -1.751     2.45    1.73
 -85536.471    -0.960     2.10    1.34
 -85160.575     0.284     3.31    1.75
 -84784.698     1.408     2.99    2.05
 -84408.840     2.528     2.98    2.36
 -84033.003     3.714     3.15    2.17
 -83657.186     4.278     1.50    2.03
 -83281.388     4.818     1.44    2.21
 -82905.611     5.005     0.50    2.21
 -82529.853     5.442     1.16    2.28
 -82154.115     5.574     0.35    2.13
 -81778.397     5.899     0.86    1.97
 -81402.699     6.551     1.74    2.10
 -81027.021     7.084     1.42    2.39
 -80651.362     7.464     1.01    2.38
 -80275.723     8.355     2.37    3.82
 -79900.105    11.399     8.10    7.79
 -79524.506    14.778     9.00    9.55
 -79148.926    17.986     8.54    9.16
 -78773.367    22.096    10.95    8.59
 -78397.827    21.551    -1.45    8.01
 -78022.308    20.106    -3.85    7.74
 -77646.808    19.116    -2.64    6.68
 -77271.327    20.551     3.82    8.50
 -76895.867    24.733    11.14   11.33
 -76520.426    31.306    17.51   12.75
 -76145.005    37.483    16.45   11.00
 -75769.604    41.818    11.55    9.46
 -75394.223    43.106     3.43    8.01
 -75018.861    42.733    -1.00    7.49
 -74643.520    42.377    -0.95    7.88
 -74268.198    44.862     6.62    8.42
 -73892.895    46.306     3.85    7.99
 -73517.613    47.119     2.17    6.85
 -73142.350    45.642    -3.94    8.00
 -72767.107    43.084    -6.82    8.01
 -72391.883    43.844     2.02    8.38
 -72016.680    47.529     9.82    8.08
 -71641.496    51.484    10.54    7.62
 -71266.331    54.418     7.82    6.95
 -70891.187    55.187     2.05    7.64
 -70516.062    53.934    -3.34    8.18
 -70140.957    50.778    -8.41    6.96
 -69765.871    48.551    -5.94    6.91
 -69390.806    45.551    -8.00    7.91
 -69015.759    41.039   -12.03    8.44
 -68640.733    37.706    -8.89    7.89
 -68265.726    36.418    -3.44    7.58
 -67890.739    35.063    -3.61    6.17
 -67515.772    35.755     1.85    5.93
 -67140.824    37.956     5.87    6.02
 -66765.896    42.187    11.29    7.62
 -66390.987    46.969    12.76    8.03
 -66016.099    49.751     7.42    6.63
 -65641.229    51.729     5.28    5.93
 -65266.380    52.099     0.99    5.52
 -64891.550    53.306     3.22    5.58
 -64516.740    54.751     3.85    5.56
 -64141.949    57.051     6.14    6.76
 -63767.178    58.951     5.07    6.96
 -63392.426    59.119     0.45    6.84
 -63017.694    58.995    -0.33    5.52
 -62642.982    59.365     0.99    4.61
 -62268.289    62.029     7.11    5.61
 -61893.616    65.241     8.57    6.40
 -61518.963    69.351    10.97    7.36
 -61144.329    73.462    10.97    6.76
 -60769.714    76.181     7.26    6.40
 -60395.119    79.464     8.76    6.26
 -60020.544    82.884     9.13    5.22
 -59645.988    85.834     7.87    5.32
 -59271.452    88.384     6.81    5.07
 -58896.936    90.862     6.62    5.16
 -58522.438    92.687     4.87    5.19
 -58147.961    93.846     3.10    4.95
 -57773.503    95.618     4.73    4.54
 -57399.064    96.665     2.80    4.80
 -57024.645    99.040     6.34    4.61
 -56650.246   100.642     4.28    4.14
 -56275.866   100.399    -0.65    4.15
 -55901.506    97.884    -6.72    5.30
 -55527.165    93.824   -10.85    5.70
 -55152.843    90.484    -8.92    6.37
 -54778.541    87.710    -7.41    6.12
 -54404.259    85.290    -6.47    6.67
 -54029.996    84.573    -1.92    7.64
 -53655.752    83.284    -3.44    7.90
 -53281.528    82.460    -2.20    7.13
 -52907.324    81.900    -1.50    6.42
 -52533.139    79.129    -7.41    6.96
 -52158.973    75.597    -9.44    6.57
 -51784.827    73.094    -6.69    6.34
 -51410.700    71.268    -4.88    6.49
 -51036.593    71.618     0.93    7.68
 -50662.505    71.574    -0.12    6.90
 -50288.436    72.051     1.28    6.01
 -49914.387    72.195     0.39    5.87
 -49540.358    69.917    -6.09    5.71
 -49166.348    66.094   -10.22    6.41
 -48792.357    63.484    -6.98    5.69
 -48418.385    63.218    -0.71    6.79
 -48044.433    64.187     2.59    8.22
 -47670.501    65.964     4.75    7.92
 -47296.588    66.218     0.68    6.87
 -46922.694    65.765    -1.21    6.14
 -46548.820    64.334    -3.83    7.19
 -46174.965    62.765    -4.20    7.29
 -45801.129    63.051     0.76    7.39
 -45427.313    63.665     1.64    6.18
 -45053.516    63.418    -0.66    5.10
 -44679.738    61.505    -5.12    5.30
 -44305.980    59.380    -5.69    6.52
 -43932.241    54.937   -11.89    7.92
 -43558.522    49.479   -14.60    7.50
 -43184.821    46.151    -8.91    7.94
 -42811.141    42.665    -9.33    7.91
 -42437.479    39.551    -8.33    8.50
 -42063.837    36.173    -9.04   10.06
 -41690.214    32.837    -8.93    9.39
 -41316.610    29.801    -8.13    7.46
 -40943.026    28.941    -2.30    7.94
 -40569.461    31.951     8.06    9.36
 -40195.916    37.710    15.42    9.65
 -39822.389    42.973    14.09    8.01
 -39448.882    47.369    11.77    6.51
 -39075.394    49.265     5.08    5.96
 -38701.926    51.460     5.88    5.56
 -38328.477    51.830     0.99    7.29
 -37955.047    49.642    -5.86    8.63
 -37581.636    45.596   -10.83   10.18
 -37208.245    40.773   -12.92    9.85
 -36834.873    37.818    -7.92    8.67
 -36461.520    36.099    -4.60    6.10
 -36088.186    36.129     0.08    5.24
 -35714.872    37.676     4.14    6.17
 -35341.576    40.210     6.79    6.74
 -34968.300    44.240    10.80    6.65
 -34595.044    48.173    10.54    7.15
 -34221.806    52.869    12.58    7.63
 -33848.588    56.892    10.78    6.48
 -33475.389    61.662    12.78    6.39
 -33102.209    65.926    11.43    7.04
 -32728.248    67.210     3.43    6.25
 -32351.223    70.596     8.98    6.16
 -31974.219    70.667     0.19    6.68
 -31597.233    69.877    -2.10    7.35
 -31220.268    70.018     0.37    7.34
 -30843.322    69.138    -2.33    6.16
 -30466.395    71.432     6.09    7.67
 -30089.488    76.618    13.76    9.68
 -29712.601    82.301    15.08    8.43
 -29335.733    84.862     6.80    7.06
 -28958.885    86.706     4.89    6.02
 -28582.057    87.983     3.39    5.94
 -28205.248    88.595     1.63    6.35
 -27828.459    86.119    -6.57    8.16
 -27451.689    85.418    -1.86    7.91
 -27074.938    84.729    -1.83    8.35
 -26698.208    88.187     9.18    9.06
 -26321.497    92.915    12.55    8.34
 -25944.805    94.660     4.63    6.94
 -25568.133    95.195     1.42    5.58
 -25191.480    93.483    -4.55    6.75
 -24814.847    88.388   -13.53    8.08
 -24438.234    81.662   -17.86    8.62
 -24061.640    76.503   -13.70    6.85
 -23685.065    74.051    -6.51    5.90
 -23308.510    72.119    -5.13    6.21
 -22931.975    71.051    -2.84    6.77
 -22555.459    70.210    -2.23    7.18
 -22178.963    68.722    -3.95    7.81
 -21802.486    65.005    -9.87    7.47
 -21426.028    62.575    -6.46    6.77
 -21049.590    60.195    -6.32    6.08
 -20673.171    57.973    -5.90    6.26
 -20296.772    54.667    -8.78    5.52
 -19920.393    51.187    -9.25    4.12
 -19544.033    49.337    -4.92    3.54
 -19167.692    50.551     3.23    5.31
 -18791.371    54.109     9.46    7.08
 -18415.069    59.151    13.40    7.91
 -18038.786    64.995    15.53    7.80
 -17662.523    68.884    10.34    7.80
 -17286.280    72.005     8.30    7.33
 -16910.056    73.209     3.20    6.82
 -16533.851    75.233     5.38    6.72
 -16157.666    79.420    11.13    7.49
 -15781.500    81.392     5.24    6.21
 -15405.353    80.618    -2.06    6.16
 -15029.226    76.837   -10.05    8.02
 -14653.119    70.225   -17.58    7.88
 -14277.030    63.528   -17.81    6.71
 -13900.962    58.505   -13.35    7.11
 -13524.912    53.507   -13.29    5.71
 -13148.882    50.377    -8.33    5.10
 -12772.871    48.619    -4.68    4.93
 -12396.880    47.028    -4.23    5.68
 -12020.908    42.703   -11.50    8.91
 -11644.955    36.233   -17.21   12.04
 -11269.021    26.684   -25.40   14.89
 -10893.107    17.662   -24.00   13.16
 -10517.213    11.681   -15.91    8.62
 -10141.337     8.083    -9.57    5.61
  -9765.481     6.725    -3.61    4.57
  -9389.645     5.240    -3.95    1.44
  -9013.827     4.995    -0.65    1.18
  -8638.029     4.830    -0.44    1.61
  -8262.251     3.899    -2.48    2.13
  -7886.491     3.505    -1.05    2.16
  -7510.751     3.437    -0.18    2.15
  -7135.030     3.812     1.00    2.06
  -6759.329     4.312     1.33    2.29
  -6383.646     4.233    -0.21    2.77
  -6007.983     3.644    -1.57    3.36
  -5632.340     2.418    -3.26    3.54
  -5256.715     1.694    -1.93    3.34
  -4881.110     1.284    -1.09    2.92
  -4505.524     1.505     0.59    2.51
  -4129.957     2.662     3.08    3.16
  -3754.410     3.915     3.34    3.04
  -3378.882     4.209     0.79    3.07
  -3003.373     4.210     0.00    3.28
  -2627.883     3.503    -1.88    3.36
  -2252.413     3.395    -0.29    3.71
  -1876.961     3.028    -0.98    3.48
  -1501.529     3.278     0.67    3.51
  -1126.117     2.460    -2.18    3.58
   -750.723     1.356    -2.94    3.20
   -375.349     0.528    -2.20    2.51
      0.007     0.027    -1.33    2.16
    375.343     2.195     5.78    4.02
    750.659     3.751     4.14    3.86
   1125.957     4.830     2.88    2.77
   1501.235     5.869     2.77    1.29
   1876.495     5.626    -0.65    1.33
   2251.735     5.665     0.10    1.43
   2626.956     5.737     0.19    1.59
   3002.157     5.551    -0.50    1.41
   3377.340     5.662     0.30    1.21
   3752.503     5.667     0.01    1.16
   4127.647     5.706     0.10    1.40
   4502.773     5.226    -1.28    2.56
   4877.879     4.551    -1.80    2.96
   5252.965     4.151    -1.07    2.97
   5628.033     4.255     0.28    2.77
   6003.082     5.151     2.39    1.95
   6378.111     4.710    -1.18    2.30
   6753.122     4.399    -0.83    2.11
   7128.113     4.313    -0.23    2.14
   7503.085     4.195    -0.31    2.15
   7878.038     4.392     0.52    1.68
   8252.972     5.073     1.82    2.21
   8627.887     5.846     2.06    2.38
   9002.783     6.876     2.75    1.97
   9377.659     7.420     1.45    1.81
   9752.517     6.527    -2.38    2.30
  10127.355     6.373    -0.41    2.64
  10502.175     5.687    -1.83    2.80
  10876.975     5.062    -1.67    2.72
  11251.757     4.351    -1.90    2.36
  11626.519     3.687    -1.77    1.56
  12001.262     3.329    -0.96    1.31
  12375.986     3.187    -0.38    1.48
  12750.692     3.240     0.14    1.38
  13125.378     2.778    -1.23    1.61
  13500.045     2.301    -1.27    1.92
  13874.693     1.392    -2.43    1.74
  14249.322     0.733    -1.76    1.53
  14623.932     0.005    -1.94    0.87
  14998.523    -0.313    -0.85    0.55
  15373.095    -0.449    -0.36    0.00
  15747.648    -0.449     0.00    0.00
  16122.182    -0.426     0.06    0.15
  16496.697     0.329     2.02    2.43
  16871.193     1.505     3.14    3.64
  17245.670     3.173     4.45    3.94
  17620.128     4.751     4.21    3.87
  17994.568     5.710     2.56    2.99
  18368.988     5.995     0.76    1.75
  18743.389     5.969    -0.07    1.61
  19117.771     5.986     0.04    1.59
  19492.134     5.642    -0.92    1.60
  19866.479     5.596    -0.12    1.35
  20240.804     5.594    -0.01    1.25
  20615.111     5.506    -0.23    1.19
  20989.398     6.142     1.70    1.21
  21363.667     6.313     0.46    1.08
  21737.916     6.594     0.75    1.05
  22112.147     6.646     0.14    1.10
  22486.359     6.751     0.28    1.14
  22860.552     6.869     0.32    1.05
  23234.726     6.884     0.04    0.98
  23608.881     6.973     0.24    1.06
  23983.017     7.170     0.53    1.19
  24357.135     7.284     0.31    1.10
  24731.233     7.405     0.32    1.15
  25105.313     7.812     1.09    1.47
  25479.374     8.142     0.88    1.50
  25853.415     8.329     0.50    1.51
  26227.438     8.437     0.29    1.13
  26601.442     8.527     0.24    1.11
  26975.428     8.733     0.55    1.13
  27349.394     8.860     0.34    1.26
  27723.342     9.301     1.18    1.48
  28097.270     9.755     1.22    1.34
  28471.180    10.187     1.15    1.22
  28845.071    10.505     0.85    1.18
  29218.943    10.813     0.82    1.23
  29592.797    10.892     0.21    1.24
  29966.631    11.161     0.72    1.66
  30340.447    12.018     2.29    2.26
  30714.244    12.437     1.12    2.17
  31088.022    12.619     0.49    1.73
  31461.781    12.462    -0.42    1.33
  31835.522    12.502     0.11    1.07
  32209.244    12.915     1.10    1.88
  32582.947    13.176     0.70    1.86
  32956.631    13.240     0.17    1.72
  33330.296    13.179    -0.16    1.66
  33703.943    12.729    -1.20    1.19
  34077.571    12.506    -0.59    1.30
  34451.180    12.360    -0.39    1.37
  34824.770    12.210    -0.40    1.24
  35198.342    12.376     0.44    0.96
  35571.895    12.278    -0.26    0.90
  35945.429    12.202    -0.20    0.92
  36318.944    12.218     0.04    0.95
  36692.441    12.351     0.36    0.99
  37065.919    12.360     0.03    0.97
  37439.378    12.255    -0.28    1.13
  37812.818    12.051    -0.55    1.06
  38186.240    11.960    -0.24    1.06
  38559.643    12.016     0.15    1.03
  38933.027    12.262     0.66    0.89
  39306.393    12.240    -0.06    0.82
  39679.740    12.342     0.27    0.86
  40053.068    12.262    -0.21    0.84
  40426.377    12.376     0.31    0.81
  40799.668    12.619     0.65    0.97
  41172.940    12.844     0.60    1.03
  41546.194    12.960     0.31    0.97
  41919.429    13.028     0.18    0.98
  42295.129    12.993    -0.09    0.93
  42672.100    12.995     0.01    1.10
  43049.052    13.101     0.28    1.18
  43425.985    13.301     0.53    1.10
  43802.900    13.662     0.96    1.15
  44179.795    13.960     0.79    1.04
  44556.671    14.129     0.45    1.06
  44933.528    14.551     1.12    1.01
  45310.366    14.768     0.58    1.11
  45687.184    14.908     0.37    1.03
  46063.984    14.915     0.02    0.94
  46440.765    15.028     0.30    0.93
  46817.527    15.029     0.00    0.98
  47194.270    15.165     0.36    1.10
  47570.994    15.295     0.35    1.18
  47947.699    15.262    -0.09    1.14
  48324.385    15.318     0.15    1.00
  48701.051    15.301    -0.05    0.89
  49077.699    15.440     0.37    0.88
  49454.328    15.665     0.60    1.08
  49830.938    15.662    -0.01    1.13
  50207.529    15.706     0.12    1.17
  50584.101    15.642    -0.17    1.05
  50960.654    15.973     0.88    1.06
  51337.188    16.156     0.48    1.20
  51713.704    16.725     1.51    1.04
  52090.200    16.960     0.62    1.09
  52466.677    16.862    -0.26    1.20
  52843.135    17.096     0.62    1.19
  53219.575    17.255     0.42    1.11
  53595.995    17.506     0.67    0.98
  53972.397    17.956     1.19    0.86
  54348.780    18.312     0.95    1.06
  54725.143    19.018     1.88    1.29
  55101.488    19.929     2.42    1.59
  55477.814    21.146     3.23    1.89
  55854.121    22.458     3.49    2.27
  56230.409    24.710     5.98    2.60
  56606.679    26.161     3.86    2.30
  56982.929    27.662     3.99    2.30
  57359.160    28.460     2.12    2.13
  57735.373    29.165     1.87    2.29
  58111.567    30.074     2.42    2.32
  58487.742    30.476     1.07    2.27
  58863.898    31.437     2.56    2.03
  59240.035    32.694     3.34    1.89
  59616.153    34.284     4.23    2.67
  59992.253    36.151     4.96    3.22
  60368.333    37.202     2.79    2.89
  60744.395    37.937     1.95    2.46
  61120.438    38.051     0.30    2.30
  61496.462    37.687    -0.97    1.64
  61872.468    37.760     0.19    1.50
  62248.454    37.862     0.27    1.20
  62624.422    37.973     0.30    1.10
  63000.371    38.265     0.78    1.04
  63376.301    38.392     0.34    0.94
  63752.212    38.648     0.68    0.92
  64128.105    38.937     0.77    0.89
  64503.979    38.824    -0.30    1.47
  64879.834    38.619    -0.54    2.08
  65255.670    37.681    -2.49    2.78
  65631.487    36.112    -4.18    3.02
  66007.286    33.751    -6.28    3.72
  66383.066    31.622    -5.66    3.23
  66758.827    31.278    -0.92    3.48
  67134.569    32.751     3.92    4.42
  67510.293    34.662     5.09    4.06
  67885.998    35.084     1.12    3.59
  68261.684    33.908    -3.13    3.94
  68637.351    32.284    -4.32    4.11
  69013.000    30.156    -5.67    4.25
  69388.630    29.346    -2.15    4.67
  69764.241    29.106    -0.64    5.47
  70139.833    28.094    -2.69    5.61
  70515.407    27.051    -2.78    5.38
  70890.962    26.778    -0.73    4.97
  71266.499    27.129     0.93    4.00
  71642.016    27.665     1.43    4.13
  72017.515    28.074     1.09    4.26
  72392.996    26.733    -3.57    4.43
  72768.457    25.869    -2.30    3.98
  73143.900    25.869     0.00    2.88
  73519.324    27.437     4.18    3.33
  73894.730    29.710     6.05    3.50
  74270.117    31.795     5.55    3.28
  74645.485    33.187     3.71    2.98
  75020.835    35.551     6.30    3.02
  75396.166    36.755     3.21    2.66
  75771.478    37.951     3.19    2.72
  76146.772    37.983     0.08    2.35
  76522.047    37.528    -1.21    2.84
  76897.303    36.306    -3.26    3.70
  77272.541    34.179    -5.67    3.87
  77647.760    30.995    -8.48    4.05
  78022.961    28.096    -7.73    3.72
  78398.143    25.818    -6.07    3.31
  78773.306    24.324    -3.98    2.52
  79148.451    23.505    -2.18    2.44
  79523.577    23.462    -0.12    2.64
  79898.684    24.146     1.82    2.69
  80273.773    24.834     1.83    2.83
  80648.844    26.951     5.64    3.71
  81023.895    28.437     3.96    4.28
  81398.929    29.289     2.27    4.16
  81773.943    29.119    -0.45    3.98
  82148.939    28.573    -1.46    2.84
  82523.917    28.990     1.11    2.62
  82898.876    31.073     5.55    3.75
  83273.816    33.665     6.91    3.65
  83648.738    34.662     2.66    3.05
  84023.641    35.956     3.45    2.62
  84398.526    36.575     1.65    2.88
  84773.392    36.187    -1.03    3.14
  85148.240    35.426    -2.03    3.82
  85523.069    32.929    -6.66    3.85
  85897.880    31.005    -5.13    3.47
  86272.672    29.165    -4.91    2.67
  86647.445    29.365     0.53    2.54
  87022.200    29.701     0.90    2.34
  87396.937    31.483     4.75    3.59
  87771.655    33.651     5.79    3.67
  88146.355    33.973     0.86    3.92
  88521.036    33.415    -1.49    4.01
  88895.699    30.665    -7.34    4.79
  89270.343    27.505    -8.43    4.14
  89644.968    25.326    -5.82    2.97
  90019.576    24.642    -1.83    2.03
  90394.164    24.868     0.60    2.20
  90768.735    25.173     0.81    2.30
  91143.286    25.667     1.32    2.83
  91517.820    25.801     0.36    2.64
  91892.335    26.662     2.30    2.61
  92266.831    26.770     0.29    2.03
  92641.309    27.324     1.48    1.92
  93015.769    27.161    -0.44    2.12
  93390.210    26.028    -3.02    1.72
  93764.633    25.324    -1.88    1.27
  94139.037    25.086    -0.64    1.08
  94513.423    25.106     0.06    1.20
  94887.791    25.209     0.28    1.51
  95262.140    25.665     1.22    1.74
  95636.471    26.161     1.33    2.59
  96010.783    27.460     3.47    3.66
  96385.077    29.937     6.62    5.15
  96759.353    33.086     8.41    6.74
  97133.610    38.018    13.18    8.43
  97507.849    42.201    11.18    5.98
  97882.069    42.733     1.42    5.38
  98256.271    43.426     1.85    5.22
  98630.455    43.755     0.88    4.82
  99004.620    44.596     2.25    4.27
  99378.767    44.435    -0.43    5.15
  99752.896    40.484   -10.56    6.27
 100127.006    37.926    -6.84    5.83
 100501.098    35.733    -5.86    4.54
 100875.172    34.051    -4.50    4.24
 101249.227    32.760    -3.45    4.59
 101623.264    32.505    -0.68    4.51
 101997.282    32.005    -1.34    4.16
 102371.283    30.862    -3.06    4.19
 102745.265    29.976    -2.37    4.23
 103119.228    28.210    -4.72    3.11
 103493.174    27.876    -0.89    2.31
 103867.101    28.993     2.99    3.28
 104241.010    30.074     2.89    3.64
 104614.900    31.665     4.25    3.71
 104988.772    31.618    -0.13    3.41
 105362.626    32.401     2.10    3.53
 105736.462    32.210    -0.51    4.18
 106110.279    31.600    -1.63    4.36
 106484.079    30.392    -3.23    3.89
 106857.859    28.853    -4.12    3.09
 107231.622    28.005    -2.27    1.32
 107605.366    27.906    -0.26    1.19
 107979.092    28.112     0.55    1.38
 108352.800    29.301     3.18    3.19
 108726.490    30.051     2.01    3.58
 109100.161    31.574     4.07    4.04
 109473.814    33.324     4.68    4.18
 109847.449    34.778     3.89    4.52
 110221.066    36.773     5.34    4.36
 110594.665    38.258     3.97    4.48
 110968.245    39.483     3.28    4.06
 111341.807    40.384     2.41    3.21
 111715.351    40.869     1.30    2.98
 112088.876    41.369     1.34    2.83
 112462.384    41.801     1.16    3.09
 112835.873    42.151     0.94    2.56
 113209.344    42.283     0.35    3.04
 113582.797    42.084    -0.53    4.38
 113956.232    40.670    -3.79    4.69
 114329.648    41.437     2.05    3.95
 114703.047    41.640     0.54    3.41
 115076.427    42.301     1.77    3.19
 115449.789    42.906     1.62    3.28
 115823.133    43.718     2.17    3.80
 116196.459    45.484     4.73    3.16
 116569.766    45.146    -0.91    3.08
 116943.455    44.960    -0.50    3.57
 117320.395    42.778    -5.79    4.76
 117697.316    41.551    -3.26    3.98
 118074.219    42.301     1.99    3.54
 118451.103    44.099     4.77    3.50
 118827.968    46.306     5.86    3.23
 119204.816    48.504     5.83    2.21
 119581.644    48.915     1.09    2.16
 119958.454    48.778    -0.36    2.36
 120335.246    48.973     0.52    2.32
 120712.019    48.801    -0.46    1.73
 121088.774    48.737    -0.17    1.26
 121465.510    49.018     0.74    1.16
 121842.228    49.028     0.03    1.23
 122218.927    49.119     0.24    1.04
 122595.608    49.324     0.54    1.51
 122972.270    49.233    -0.24    1.68
 123348.914    48.665    -1.51    1.83
 123725.540    48.505    -0.42    1.72
 124102.147    48.255    -0.66    1.07
 124478.736    49.369     2.96    4.33
 124855.306    49.733     0.97    4.33
 125231.858    49.778     0.12    4.33
 125608.391    49.747    -0.08    4.27
 125984.906    48.619    -2.99    1.47
 126361.403    48.218    -1.07    1.40
 126737.881    47.528    -1.83    1.54
 127114.341    46.329    -3.18    1.87
 127490.782    45.075    -3.33    1.97
 127867.205    43.824    -3.32    2.16
 128243.610    42.929    -2.38    1.81
 128619.996    42.202    -1.93    1.78
 128996.364    41.329    -2.32    1.69
 129372.714    41.075    -0.67    1.71
 129749.045    41.029    -0.12    1.53
 130125.358    41.295     0.71    1.73
 130501.652    41.973     1.80    1.80
 130877.928    43.218     3.31    1.54
 131254.186    43.892     1.79    1.49
 131630.425    44.187     0.78    1.31
 132006.646    44.301     0.30    1.32
 132382.849    44.084    -0.58    1.16
 132759.033    44.119     0.09    1.13
 133135.199    44.278     0.42    1.32
 133511.347    44.415     0.36    1.49
 133887.477    44.602     0.50    1.38
 134263.588    44.437    -0.44    1.63
 134639.681    43.527    -2.42    1.75
 135015.755    42.818    -1.89    1.78
 135391.811    42.040    -2.07    1.59
 135767.849    41.342    -1.86    1.30
 136143.869    41.165    -0.47    1.28
 136519.870    40.972    -0.51    1.39
 136895.853    40.801    -0.45    1.26
 137271.818    40.667    -0.36    1.31
 137647.765    40.329    -0.90    1.57
 138023.693    40.129    -0.53    1.51
 138399.603    39.718    -1.09    1.36
 138775.495    40.074     0.95    1.59
 139151.368    40.807     1.95    1.68
 139527.224    41.665     2.28    1.69
 139903.061    43.187     4.05    1.98
 140278.879    44.255     2.84    2.00
 140654.680    45.369     2.96    1.63
 141030.462    46.126     2.01    1.36
 141406.226    46.687     1.49    1.39
 141781.972    47.201     1.37    1.49
 142157.700    48.272     2.85    1.96
 142533.409    49.801     4.07    2.14
 142909.101    50.915     2.96    1.84
 143284.774    51.462     1.46    1.36
 143660.429    51.626     0.44    1.62
 144036.065    51.665     0.10    1.60
 144411.684    51.737     0.19    1.53
 144787.284    51.741     0.01    1.52
 145162.866    51.255    -1.29    1.37
 145538.430    50.813    -1.18    0.99
 145913.976    50.660    -0.41    0.97
 146289.504    50.670     0.03    0.99
 146665.013    50.973     0.81    1.25
 147040.504    51.109     0.36    1.20
 147415.978    51.142     0.09    1.13
 147791.433    51.142     0.00    0.90
 148166.869    50.979    -0.43    1.15
 148542.288    50.884    -0.25    1.11
 148917.689    50.900     0.04    1.13
 149293.071    50.983     0.22    1.15
 149668.436    51.255     0.73    0.93
 150043.782    51.573     0.84    1.16
 150419.110    51.846     0.73    1.34
 150794.420    52.313     1.24    1.49
 151169.712    52.662     0.93    1.58
 151544.986    52.853     0.51    1.66
 151920.241    52.778    -0.20    1.60
 152295.479    52.596    -0.48    1.52
 152670.698    52.355    -0.64    1.34
 153045.900    52.437     0.22    1.37
 153421.083    52.760     0.86    1.44
 153796.249    52.951     0.51    1.59
 154171.396    53.437     1.30    1.56
 154546.525    53.892     1.21    1.45
 154921.636    54.233     0.91    1.52
 155296.729    54.483     0.67    1.55
 155671.804    54.846     0.97    1.56
 156046.861    55.051     0.55    1.52
 156421.900    55.415     0.97    1.39
 156796.921    55.892     1.27    1.48
 157171.924    56.619     1.94    1.56
 157546.908    57.301     1.82    1.77
 157921.875    57.596     0.79    1.64
 158296.824    57.028    -1.52    2.05
 158671.755    56.369    -1.76    1.93
 159046.667    56.074    -0.79    1.58
 159421.562    55.915    -0.42    1.53
 159796.439    56.074     0.42    1.55
 160171.298    56.210     0.36    1.18
 160546.138    56.324     0.30    1.22
 160920.961    56.505     0.49    1.24
 161295.766    56.596     0.24    1.24
 161670.553    56.733     0.36    1.24
 162045.322    56.778     0.12    1.40
 162420.072    56.551    -0.61    1.48
 162794.805    56.210    -0.91    1.48
 163169.520    56.028    -0.49    1.45
 163544.217    56.142     0.30    2.08
 163918.896    56.210     0.18    2.05
 164293.557    56.392     0.49    2.05
 164668.200    56.551     0.42    1.99
 165042.825    56.597     0.12    2.02
 165417.433    56.596    -0.00    1.08
 165792.022    56.681     0.23    1.02
 166166.593    56.846     0.44    1.11
 166541.147    56.801    -0.12    1.75
 166915.682    55.946    -2.28    2.60
 167290.200    54.528    -3.79    2.72
 167664.700    52.765    -4.71    2.92
 168039.182    51.528    -3.30    2.80
 168413.645    50.486    -2.78    2.63
 168788.092    49.687    -2.13    2.47
 169162.520    49.106    -1.55    2.68
 169536.930    47.923    -3.16    2.13
 169911.322    47.306    -1.65    2.01
 170285.697    46.813    -1.32    2.10
 170660.053    46.619    -0.52    2.44
 171034.392    46.334    -0.76    2.91
 171408.713    45.755    -1.54    3.00
 171783.016    44.506    -3.34    3.30
 172157.301    42.807    -4.54    3.07
 172531.569    41.329    -3.95    2.44
 172905.818    40.146    -3.16    1.74
 173280.050    39.483    -1.77    1.85
 173654.263    39.290    -0.51    2.07
 174028.459    39.483     0.51    1.97
 174402.638    40.187     1.88    1.91
 174776.798    40.690     1.34    1.61
 175150.940    40.529    -0.43    1.59
 175525.065    40.099    -1.15    1.80
 175899.172    40.096    -0.01    1.77
 176273.261    41.240     3.06    2.63
 176647.332    42.295     2.82    2.65
 177021.386    43.824     4.09    2.18
 177395.421    44.481     1.76    1.67
 177769.439    44.151    -0.88    1.62
 178143.439    43.718    -1.16    1.50
 178517.422    43.346    -0.99    1.62
 178891.386    42.951    -1.06    1.68
 179265.333    42.807    -0.39    1.43
 179639.262    43.119     0.84    1.44
 180013.173    43.342     0.60    1.61
 180387.067    43.594     0.68    1.41
 180760.943    43.932     0.90    1.82
 181134.801    44.642     1.90    2.24
 181508.641    45.640     2.67    2.68
 181882.463    46.574     2.50    2.72
 182256.268    47.869     3.46    2.34
 182630.055    48.830     2.57    2.16
 183003.824    49.768     2.51    1.92
 183377.576    49.527    -0.65    2.27
 183751.310    48.574    -2.55    2.61
 184125.026    46.983    -4.26    2.50
 184498.725    45.458    -4.08    1.90
 184872.405    44.528    -2.49    1.66
 185246.068    43.923    -1.62    1.36
 185619.714    43.529    -1.05    1.82
 185993.341    43.241    -0.77    2.19
 186366.951    43.074    -0.45    2.25
 186740.544    42.440    -1.70    1.97
 187114.118    41.853    -1.57    1.66
 187487.675    41.528    -0.87    1.66
 187861.214    40.993    -1.43    1.47
 188234.736    40.834    -0.43    1.46
 188608.240    41.360     1.41    1.70
 188981.726    41.937     1.54    1.73
 189355.195    42.395     1.23    1.73
 189728.646    42.876     1.29    1.64
 190102.079    43.824     2.54    1.96
 190475.495    45.016     3.19    1.91
 190848.893    46.573     4.17    2.46
 191222.273    47.718     3.06    2.36
 191595.636    48.801     2.90    2.54
 191970.969    49.706     2.41    2.50
 192347.858    50.621     2.43    2.87
 192724.729    52.415     4.76    3.09
 193101.582    53.741     3.52    3.18
 193478.417    54.507     2.03    2.79
 193855.234    56.195     4.48    2.92
 194232.034    57.119     2.45    3.03
 194608.815    58.503     3.67    3.16
 194985.578    59.783     3.40    2.57
 195362.324    60.028     0.65    1.92
 195739.051    60.453     1.13    1.88
 196115.761    60.520     0.18    2.13
