# NaN NaN NaN ;Mean Elev.(m), Avg Gradient(m/km), RMS Gradient(m/km) - SRTM1     
#    5.975  -0.572   4.772 ;Mean Elev.(m), Avg Gradient(m/km), RMS Gradient(m/km) - ASTER GDEM
#    5.632  -0.047   1.690 ;Mean Elev.(m), Avg Gradient(m/km), RMS Gradient(m/km) - GMTED2010 
  7     9.716 52466.57034712 41.09 299.271477 -32.327006 40.878
  7     9.677 52466.57034776 37.67 299.270557 -32.330276 40.878
  7     9.628 52466.57034841 39.93 299.269638 -32.333558 29.349
  7     9.598 52466.57034905 37.83 299.268718 -32.336828 29.349
  7     9.595 52466.57034970 36.08 299.267798 -32.340108 29.349
  7     9.496 52466.57035034 35.34 299.266878 -32.343378 29.349
  7     9.248 52466.57035099 28.96 299.265958 -32.346658 29.349
  7     9.156 52466.57035163 26.95 299.265038 -32.349928 29.349
  7     9.193 52466.57035228 28.75 299.264118 -32.353208 29.349
  7     9.263 52466.57035292 29.70 299.263188 -32.356478 29.349
  7     9.565 52466.57035357 33.50 299.262268 -32.359758 29.349
  8     8.659 52501.57033966 40.03 299.273214 -32.325920 25.450
  8     8.467 52501.57034031 25.96 299.272294 -32.329190 25.450
  8     8.436 52501.57034095 26.34 299.271374 -32.332470 25.450
  8     8.311 52501.57034160 23.15 299.270454 -32.335740 25.450
  8     8.424 52501.57034224 20.99 299.269534 -32.339020 25.450
  8     8.566 52501.57034289 21.53 299.268614 -32.342290 25.450
  8     8.640 52501.57034353 23.67 299.267694 -32.345570 25.450
  8     8.628 52501.57034418 22.82 299.266774 -32.348840 25.450
  8     8.131 52501.57034482 21.41 299.265854 -32.352120 25.450
  8     7.795 52501.57034547 21.46 299.264924 -32.355390 25.450
  8     7.924 52501.57034611 21.57 299.264004 -32.358670 25.450
  8     8.323 52501.57034676 23.89 299.263084 -32.361940 25.450
  9     9.028 52536.57032767 29.72 299.263828 -32.333252 29.492
  9     8.750 52536.57032831 24.24 299.262908 -32.336522 29.492
  9     9.027 52536.57032896 20.46 299.261984 -32.339803 17.437
  9     8.976 52536.57032960 20.69 299.261064 -32.343073 17.437
  9     8.850 52536.57033024 19.77 299.260134 -32.346353 17.437
  9     8.780 52536.57033089 19.23 299.259214 -32.349623 17.437
  9     8.931 52536.57033153 19.40 299.258294 -32.352903 17.437
  9     7.910 52536.57033218 19.48 299.257374 -32.356173 17.437
 10     9.165 52571.57036274 33.91 299.268182 -32.330535 31.866
 10     8.883 52571.57036338 30.80 299.267262 -32.333815 31.866
 10     8.460 52571.57036403 30.28 299.266342 -32.337085 31.866
 10     8.570 52571.57036467 27.55 299.265422 -32.340365 31.866
 10     8.534 52571.57036532 27.42 299.264502 -32.343635 31.866
 10     8.600 52571.57036596 25.78 299.263586 -32.346917 33.977
 10     8.749 52571.57036661 25.87 299.262656 -32.350187 33.977
 10     8.778 52571.57036725 24.62 299.261736 -32.353467 33.977
 10     8.953 52571.57036790 23.87 299.260816 -32.356737 33.977
 10     9.242 52571.57036854 27.52 299.259896 -32.360017 33.977
 11     9.523 52606.57032417 38.98 299.276350 -32.323958 33.674
 11     9.129 52606.57032481 24.66 299.275430 -32.327228 33.674
 11     8.939 52606.57032546 21.04 299.274510 -32.330508 33.674
 11     8.984 52606.57032610 18.84 299.273580 -32.333778 33.674
 11     9.006 52606.57032674 20.63 299.272660 -32.337058 33.674
 11     9.117 52606.57032739 23.11 299.271740 -32.340328 33.674
 11     9.225 52606.57032803 22.87 299.270821 -32.343612 17.541
 11     9.158 52606.57032868 24.30 299.269901 -32.346882 17.541
 11     9.195 52606.57032932 25.20 299.268981 -32.350162 17.541
 11     9.142 52606.57032997 20.86 299.268061 -32.353432 17.541
 11     8.872 52606.57033061 20.44 299.267141 -32.356712 17.541
 11     8.650 52606.57033126 20.63 299.266221 -32.359982 17.541
 11     8.936 52606.57033190 20.21 299.265291 -32.363262 17.541
 12    10.601 52641.57032035 41.36 299.266530 -32.330881 47.769
 12    10.436 52641.57032099 36.01 299.265613 -32.334163 32.404
 12    10.221 52641.57032164 28.86 299.264683 -32.337433 32.404
 12    10.186 52641.57032228 26.88 299.263763 -32.340713 32.404
 12    10.153 52641.57032292 25.28 299.262843 -32.343983 32.404
 12    10.161 52641.57032357 25.25 299.261923 -32.347263 32.404
 12    10.076 52641.57032421 25.89 299.261003 -32.350533 32.404
 12    10.313 52641.57032486 24.65 299.260083 -32.353813 32.404
 12    10.315 52641.57032550 24.75 299.259163 -32.357083 32.404
 12    10.466 52641.57032615 35.84 299.258233 -32.360363 32.404
 13     9.768 52676.57030737 37.24 299.276148 -32.324437 31.272
 13     9.360 52676.57030802 24.21 299.275228 -32.327707 31.272
 13     9.212 52676.57030866 21.64 299.274308 -32.330987 31.272
 13     8.890 52676.57030931 22.46 299.273388 -32.334257 31.272
 13     8.756 52676.57030995 23.88 299.272468 -32.337537 31.272
 13     9.284 52676.57031060 20.32 299.271548 -32.340807 31.272
 13     9.379 52676.57031124 19.60 299.270618 -32.344087 31.272
 13     9.518 52676.57031189 19.58 299.269698 -32.347357 31.272
 13     9.460 52676.57031253 19.23 299.268778 -32.350640 23.095
 13     9.410 52676.57031318 18.53 299.267858 -32.353910 23.095
 13     9.086 52676.57031382 18.94 299.266938 -32.357190 23.095
 13     9.031 52676.57031447 19.17 299.266018 -32.360460 23.095
 13     9.350 52676.57031511 19.98 299.265098 -32.363740 23.095
 14    10.066 52711.57033720 37.60 299.266406 -32.331894 35.958
 14    10.139 52711.57033785 39.82 299.265486 -32.335164 35.958
 14    10.236 52711.57033849 38.71 299.264566 -32.338444 35.958
 14    10.248 52711.57033914 38.72 299.263646 -32.341714 35.958
 14    10.232 52711.57033978 44.05 299.262726 -32.344994 35.958
 14    10.285 52711.57034043 49.42 299.261796 -32.348264 35.958
 14    10.343 52711.57034107 50.85 299.260876 -32.351544 35.958
 14    10.353 52711.57034171 37.50 299.259956 -32.354814 35.958
 14    10.345 52711.57034236 41.04 299.259036 -32.358094 35.958
 15    10.344 52746.57036445 39.44 299.263535 -32.333193 29.874
 15    10.268 52746.57036510 34.07 299.262615 -32.336463 29.874
 15     9.982 52746.57036574 28.33 299.261695 -32.339743 29.874
 15     9.951 52746.57036639 27.74 299.260765 -32.343013 29.874
 15     9.918 52746.57036703 27.39 299.259845 -32.346293 29.874
 15    10.098 52746.57036768 27.52 299.258925 -32.349563 29.874
 15    10.228 52746.57036832 28.59 299.258005 -32.352843 29.874
 16    10.156 52781.57030243 32.72 299.264515 -32.331977 30.723
 16    10.039 52781.57030307 26.96 299.263585 -32.335247 30.723
 16     9.817 52781.57030372 24.98 299.262665 -32.338527 30.723
 16     9.885 52781.57030436 26.08 299.261745 -32.341797 30.723
 16     9.782 52781.57030501 24.83 299.260825 -32.345077 30.723
 16     9.791 52781.57030565 23.49 299.259905 -32.348347 30.723
 16     9.792 52781.57030630 24.21 299.258985 -32.351627 30.723
 16     9.961 52781.57030694 25.32 299.258055 -32.354897 30.723
 17     9.103 52816.57038310 31.41 299.263213 -32.333471 22.038
 17     9.041 52816.57038374 25.39 299.262283 -32.336751 22.038
 17     9.040 52816.57038439 23.00 299.261363 -32.340021 22.038
 17     8.972 52816.57038503 20.82 299.260443 -32.343301 22.038
 17     8.779 52816.57038567 19.38 299.259523 -32.346571 22.038
 17     8.417 52816.57038632 19.28 299.258603 -32.349851 22.038
 17     8.237 52816.57038696 20.16 299.257683 -32.353121 22.038
 18     8.187 52851.57043306 32.69 299.269667 -32.328588 40.541
 18     7.873 52851.57043370 28.69 299.268747 -32.331858 40.541
 18     8.273 52851.57043435 19.87 299.267831 -32.335139 17.358
 18     8.095 52851.57043499 19.90 299.266901 -32.338409 17.358
 18     7.933 52851.57043564 22.05 299.265981 -32.341689 17.358
 18     7.923 52851.57043628 20.20 299.265061 -32.344959 17.358
 18     7.919 52851.57043693 20.11 299.264141 -32.348239 17.358
 18     7.655 52851.57043757 21.63 299.263221 -32.351509 17.358
 18     7.360 52851.57043822 22.73 299.262301 -32.354789 17.358
 18     7.276 52851.57043886 24.18 299.261371 -32.358059 17.358
 18     7.290 52851.57043951 25.40 299.260451 -32.361339 17.358
 19     8.480 52886.57046837 24.79 299.266026 -32.332956 26.428
 19     8.347 52886.57046902 18.58 299.265105 -32.336238 17.112
 19     8.501 52886.57046966 17.39 299.264185 -32.339508 17.112
 19     7.982 52886.57047031 18.05 299.263265 -32.342788 17.112
 19     7.958 52886.57047095 18.41 299.262345 -32.346058 17.112
 19     7.830 52886.57047159 19.33 299.261425 -32.349338 17.112
 19     7.628 52886.57047224 19.99 299.260505 -32.352608 17.112
 19     7.333 52886.57047288 21.98 299.259585 -32.355888 17.112
 19     8.345 52886.57047353 22.11 299.258655 -32.359158 17.112
 20     8.092 52921.57042245 29.82 299.274446 -32.326603 34.587
 20     7.856 52921.57042310 28.90 299.273526 -32.329873 34.587
 20     7.927 52921.57042374 29.58 299.272606 -32.333153 34.587
 20     7.969 52921.57042439 25.25 299.271686 -32.336423 34.587
 20     8.102 52921.57042503 25.71 299.270760 -32.339706 35.990
 20     8.062 52921.57042568 29.11 299.269840 -32.342976 35.990
 20     8.124 52921.57042632 29.24 299.268920 -32.346256 35.990
 20     8.144 52921.57042697 27.45 299.268000 -32.349526 35.990
 20     8.163 52921.57042761 25.68 299.267080 -32.352806 35.990
 20     8.050 52921.57042825 29.43 299.266150 -32.356076 35.990
 20     8.060 52921.57042890 35.81 299.265230 -32.359356 35.990
 20     8.021 52921.57042954 41.60 299.264310 -32.362626 35.990
 21     8.334 52956.57038735 27.39 299.274533 -32.326030 29.421
 21     8.153 52956.57038799 22.68 299.273613 -32.329310 29.421
 21     8.028 52956.57038864 23.13 299.272693 -32.332580 29.421
 21     8.178 52956.57038928 21.54 299.271775 -32.335862 22.060
 21     8.221 52956.57038993 25.13 299.270845 -32.339132 22.060
 21     8.158 52956.57039057 28.80 299.269925 -32.342412 22.060
 21     8.237 52956.57039121 26.04 299.269005 -32.345682 22.060
 21     8.344 52956.57039186 24.85 299.268085 -32.348962 22.060
 21     8.319 52956.57039250 18.31 299.267165 -32.352232 22.060
 21     7.974 52956.57039315 16.68 299.266245 -32.355512 22.060
 21     7.846 52956.57039379 15.92 299.265315 -32.358782 22.060
 21     7.929 52956.57039444 16.49 299.264395 -32.362062 22.060
 22     8.568 52991.57040559 29.91 299.276745 -32.324719 15.747
 22     8.261 52991.57040624 20.73 299.275825 -32.327999 15.747
 22     8.133 52991.57040688 21.58 299.274895 -32.331269 15.747
 22     8.383 52991.57040752 20.20 299.273975 -32.334549 15.747
 22     8.402 52991.57040817 21.83 299.273055 -32.337819 15.747
 22     8.367 52991.57040881 22.46 299.272135 -32.341099 15.747
 22     8.329 52991.57040946 23.22 299.271215 -32.344369 15.747
 22     8.390 52991.57041010 21.06 299.270295 -32.347649 15.747
 22     8.379 52991.57041075 16.75 299.269375 -32.350919 15.747
 22     8.202 52991.57041139 17.90 299.268455 -32.354199 15.747
 22     8.160 52991.57041204 18.44 299.267525 -32.357469 15.747
 22     8.275 52991.57041268 16.03 299.266605 -32.360749 15.747
 22     7.990 52991.57041333 16.97 299.265685 -32.364019 15.747
 23     9.433 53026.57037114 27.93 299.283491 -32.323315 37.072
 23     9.371 53026.57037179 23.52 299.282571 -32.326585 37.072
 23     9.388 53026.57037243 22.20 299.281651 -32.329865 37.072
 23     9.333 53026.57037308 21.67 299.280731 -32.333135 37.072
 23     9.580 53026.57037372 24.04 299.279807 -32.336419 34.603
 23     9.703 53026.57037437 36.80 299.278887 -32.339689 34.603
 23     9.580 53026.57037501 47.42 299.277967 -32.342969 34.603
 23     9.501 53026.57037566 47.23 299.277047 -32.346239 34.603
 23     9.464 53026.57037630 43.73 299.276127 -32.349519 34.603
 23     9.464 53026.57037695 41.30 299.275197 -32.352789 34.603
 23     9.448 53026.57037759 30.11 299.274277 -32.356069 34.603
 23     9.305 53026.57037823 23.34 299.273357 -32.359339 34.603
 23     8.906 53026.57037888 22.16 299.272437 -32.362619 34.603
 23     9.222 53026.57037952 23.64 299.271517 -32.365889 34.603
 23     9.341 53026.57038017 32.13 299.270597 -32.369169 34.603
 24     8.186 53061.57038154 52.70 299.278304 -32.326316 32.543
 24     8.151 53061.57038219 50.38 299.277384 -32.329596 32.543
 24     8.071 53061.57038283 51.00 299.276464 -32.332866 32.543
 24     7.979 53061.57038348 50.13 299.275544 -32.336146 32.543
 24     8.014 53061.57038412 46.69 299.274624 -32.339416 32.543
 24     8.023 53061.57038476 43.33 299.273694 -32.342696 32.543
 24     7.825 53061.57038541 37.91 299.272774 -32.345966 32.543
 24     7.667 53061.57038605 33.21 299.271854 -32.349246 32.543
 24     7.513 53061.57038670 30.43 299.270934 -32.352516 32.543
 24     7.495 53061.57038734 29.12 299.270014 -32.355796 32.543
 24     7.614 53061.57038799 28.06 299.269094 -32.359066 32.543
 24     7.574 53061.57038863 27.59 299.268174 -32.362346 32.543
 24     7.765 53061.57038928 28.23 299.267244 -32.365616 32.543
 25     8.160 53096.57040864 21.38 299.267902 -32.329858 28.746
 25     8.466 53096.57040929 19.32 299.266982 -32.333138 28.746
 25     8.141 53096.57040993 18.40 299.266062 -32.336408 28.746
 25     7.884 53096.57041057 19.69 299.265132 -32.339688 28.746
 25     7.663 53096.57041122 18.87 299.264212 -32.342958 28.746
 25     7.857 53096.57041186 17.37 299.263295 -32.346242 22.373
 25     7.857 53096.57041251 15.84 299.262375 -32.349512 22.373
 25     7.816 53096.57041315 15.07 299.261455 -32.352792 22.373
 25     7.378 53096.57041380 18.96 299.260535 -32.356062 22.373
 25     7.274 53096.57041444 20.11 299.259615 -32.359342 22.373
 26     8.569 53131.57038000 29.00 299.278999 -32.324812 43.257
 26     8.357 53131.57038065 24.80 299.278079 -32.328092 43.257
 26     8.420 53131.57038129 21.07 299.277149 -32.331362 43.257
 26     8.520 53131.57038193 25.68 299.276229 -32.334642 43.257
 26     8.431 53131.57038258 32.01 299.275309 -32.337912 43.257
 26     8.453 53131.57038322 34.43 299.274389 -32.341192 43.257
 26     8.489 53131.57038387 31.85 299.273469 -32.344462 43.257
 26     8.491 53131.57038451 24.72 299.272551 -32.347744 34.517
 26     8.499 53131.57038516 23.94 299.271631 -32.351014 34.517
 26     8.389 53131.57038580 31.70 299.270701 -32.354294 34.517
 26     8.406 53131.57038645 27.83 299.269781 -32.357564 34.517
 26     8.212 53131.57038709 18.25 299.268861 -32.360844 34.517
 26     8.062 53131.57038774 15.40 299.267941 -32.364114 34.517
 28     8.549 53201.57045813 22.91 299.269860 -32.329297 18.546
 28     8.384 53201.57045878 16.62 299.268940 -32.332567 18.546
 28     8.117 53201.57045942 16.68 299.268020 -32.335847 18.546
 28     8.062 53201.57046007 21.64 299.267100 -32.339117 18.546
 28     8.192 53201.57046071 18.32 299.266180 -32.342397 18.546
 28     8.281 53201.57046136 20.31 299.265260 -32.345667 18.546
 28     8.361 53201.57046200 17.09 299.264330 -32.348947 18.546
 28     8.218 53201.57046265 17.45 299.263410 -32.352217 18.546
 28     7.586 53201.57046329 21.14 299.262490 -32.355497 18.546
 28     7.743 53201.57046394 20.88 299.261570 -32.358767 18.546
 28     8.202 53201.57046458 22.25 299.260650 -32.362047 18.546
 29     9.002 53236.57042598 40.08 299.282042 -32.324629 46.356
 29     8.979 53236.57042662 40.22 299.281122 -32.327899 46.356
 29     8.758 53236.57042727 27.10 299.280202 -32.331169 46.356
 29     8.741 53236.57042791 23.05 299.279277 -32.334453 29.792
 29     8.989 53236.57042856 34.37 299.278357 -32.337723 29.792
 29     8.880 53236.57042920 25.39 299.277437 -32.341003 29.792
 29     8.856 53236.57042985 21.34 299.276517 -32.344273 29.792
 29     8.791 53236.57043049 35.70 299.275597 -32.347553 29.792
 29     8.810 53236.57043114 38.92 299.274677 -32.350823 29.792
 29     8.717 53236.57043178 40.09 299.273747 -32.354103 29.792
 29     8.775 53236.57043243 27.06 299.272827 -32.357373 29.792
 29     8.318 53236.57043307 16.83 299.271907 -32.360653 29.792
 29     8.455 53236.57043371 18.04 299.270987 -32.363923 29.792
 29     8.794 53236.57043436 27.21 299.270067 -32.367203 29.792
 30     7.706 53271.57038570 36.04 299.268431 -32.329210 27.342
 30     7.578 53271.57038634 29.60 299.267509 -32.332490 17.374
 30     7.460 53271.57038699 24.61 299.266589 -32.335760 17.374
 30     7.563 53271.57038763 22.80 299.265659 -32.339040 17.374
 30     7.655 53271.57038827 21.22 299.264739 -32.342310 17.374
 30     7.498 53271.57038892 22.03 299.263819 -32.345590 17.374
 30     7.519 53271.57038956 20.96 299.262899 -32.348860 17.374
 30     7.505 53271.57039021 19.41 299.261979 -32.352140 17.374
 30     7.452 53271.57039085 18.71 299.261059 -32.355410 17.374
 30     8.081 53271.57039150 18.44 299.260129 -32.358690 17.374
 31     8.083 53306.57045110 22.68 299.261807 -32.334050 24.688
 31     8.295 53306.57045175 21.90 299.260887 -32.337330 24.688
 31     8.331 53306.57045239 20.86 299.259967 -32.340600 24.688
 31     8.136 53306.57045304 18.63 299.259047 -32.343880 24.688
 31     8.100 53306.57045368 17.67 299.258127 -32.347150 24.688
 31     7.733 53306.57045433 15.53 299.257207 -32.350430 24.688
 32     9.708 53341.57041698 37.86 299.272915 -32.327076 48.613
 32     9.709 53341.57041762 46.61 299.271995 -32.330346 48.613
 32     9.703 53341.57041827 49.30 299.271075 -32.333626 48.613
 32     9.699 53341.57041891 50.99 299.270155 -32.336896 48.613
 32     9.697 53341.57041956 50.26 299.269235 -32.340176 48.613
 32     9.693 53341.57042020 50.44 299.268315 -32.343446 48.613
 32     9.697 53341.57042085 47.79 299.267395 -32.346726 48.613
 32     9.693 53341.57042149 44.22 299.266475 -32.349996 48.613
 32     9.693 53341.57042214 46.88 299.265555 -32.353276 48.613
 32     9.698 53341.57042278 48.88 299.264635 -32.356546 48.613
 32     9.711 53341.57042342 48.41 299.263715 -32.359826 48.613
 32     9.712 53341.57042407 49.11 299.262785 -32.363096 48.613
 33     9.712 53376.57034811 39.55 299.279235 -32.323446 28.709
 33     9.287 53376.57034876 26.63 299.278315 -32.326726 28.709
 33     8.661 53376.57034940 27.17 299.277395 -32.329996 28.709
 33     8.759 53376.57035005 22.39 299.276475 -32.333276 28.709
 33     9.331 53376.57035069 22.03 299.275555 -32.336546 28.709
 33     9.509 53376.57035134 24.60 299.274635 -32.339826 28.709
 33     9.510 53376.57035198 26.53 299.273715 -32.343096 28.709
 33     9.521 53376.57035263 32.43 299.272795 -32.346376 28.709
 33     9.522 53376.57035327 29.88 299.271875 -32.349646 28.709
 33     9.552 53376.57035392 25.94 299.270955 -32.352926 28.709
 33     9.132 53376.57035456 20.13 299.270025 -32.356196 28.709
 33     8.914 53376.57035521 19.72 299.269105 -32.359476 28.709
 33     9.203 53376.57035585 22.28 299.268185 -32.362746 28.709
 33     9.330 53376.57035649 32.70 299.267265 -32.366029 31.320
 34     9.733 53411.57039193 30.49 299.275331 -32.326124 25.784
 34     9.288 53411.57039258 28.02 299.274401 -32.329394 25.784
 34     9.002 53411.57039322 26.01 299.273481 -32.332674 25.784
 34     9.132 53411.57039387 23.27 299.272561 -32.335944 25.784
 34     9.446 53411.57039451 22.98 299.271641 -32.339224 25.784
 34     9.502 53411.57039516 23.72 299.270721 -32.342494 25.784
 34     9.502 53411.57039580 24.47 299.269801 -32.345774 25.784
 34     9.672 53411.57039645 23.11 299.268881 -32.349044 25.784
 34     9.410 53411.57039709 22.25 299.267961 -32.352324 25.784
 34     9.118 53411.57039774 23.08 299.267041 -32.355594 25.784
 34     9.094 53411.57039838 24.27 299.266111 -32.358874 25.784
 34     9.292 53411.57039902 25.48 299.265191 -32.362144 25.784
 35     9.280 53446.57037634 40.74 299.264371 -32.333906 37.011
 35     9.206 53446.57037698 34.15 299.263451 -32.337176 37.011
 35     9.110 53446.57037763 29.32 299.262531 -32.340456 37.011
 35     9.112 53446.57037827 28.02 299.261611 -32.343726 37.011
 35     9.186 53446.57037892 25.94 299.260691 -32.347006 37.011
 35     9.268 53446.57037956 25.42 299.259761 -32.350276 37.011
 35     9.312 53446.57038021 27.91 299.258841 -32.353556 37.011
 35     9.306 53446.57038085 31.92 299.257921 -32.356826 37.011
 36     9.045 53481.57046190 35.66 299.260681 -32.336174 41.291
 36     9.142 53481.57046254 31.81 299.259761 -32.339454 41.291
 36     9.106 53481.57046319 25.39 299.258841 -32.342724 41.291
 36     9.057 53481.57046383 23.99 299.257921 -32.346004 41.291
 36     8.982 53481.57046448 26.70 299.256991 -32.349274 41.291
 37     8.574 53516.57046306 33.44 299.272878 -32.327448 21.856
 37     8.408 53516.57046371 29.34 299.271958 -32.330728 21.856
 37     8.319 53516.57046435 27.46 299.271038 -32.333998 21.856
 37     8.219 53516.57046500 26.58 299.270118 -32.337278 21.856
 37     8.355 53516.57046564 21.65 299.269198 -32.340548 21.856
 37     8.563 53516.57046629 19.79 299.268278 -32.343828 21.856
 37     8.656 53516.57046693 19.71 299.267358 -32.347098 21.856
 37     8.665 53516.57046758 18.34 299.266438 -32.350378 21.856
 37     8.434 53516.57046822 18.24 299.265518 -32.353648 21.856
 37     8.286 53516.57046887 19.05 299.264588 -32.356928 21.856
 37     8.307 53516.57046951 19.61 299.263668 -32.360198 21.856
 37     8.403 53516.57047016 22.95 299.262748 -32.363478 21.856
 38     9.271 53551.57048534 48.44 299.264619 -32.333798 39.778
 38     9.243 53551.57048599 48.50 299.263699 -32.337068 39.778
 38     9.243 53551.57048663 47.08 299.262779 -32.340348 39.778
 38     9.199 53551.57048728 43.54 299.261859 -32.343618 39.778
 38     8.918 53551.57048792 36.34 299.260939 -32.346898 39.778
 38     8.801 53551.57048856 32.17 299.260019 -32.350168 39.778
 38     8.699 53551.57048921 30.39 299.259099 -32.353448 39.778
 38     8.806 53551.57048985 27.79 299.258169 -32.356718 39.778
 39     8.371 53586.57043857 50.42 299.277827 -32.323585 39.320
 39     8.240 53586.57043921 53.66 299.276907 -32.326855 39.320
 39     8.161 53586.57043986 52.38 299.275987 -32.330135 39.320
 39     8.264 53586.57044050 51.39 299.275057 -32.333405 39.320
 39     8.301 53586.57044114 47.48 299.274137 -32.336685 39.320
 39     8.267 53586.57044179 47.36 299.273217 -32.339955 39.320
 39     8.229 53586.57044243 49.77 299.272297 -32.343235 39.320
 39     8.179 53586.57044308 37.20 299.271377 -32.346505 39.320
 39     8.073 53586.57044372 37.16 299.270457 -32.349785 39.320
 39     8.092 53586.57044437 40.93 299.269537 -32.353055 39.320
 39     7.981 53586.57044501 35.27 299.268617 -32.356335 39.320
 39     7.771 53586.57044566 27.21 299.267697 -32.359605 39.320
 39     7.837 53586.57044630 26.03 299.266777 -32.362885 39.320
 41     8.248 53656.57043185 16.82 299.267182 -32.330524 29.532
 41     8.158 53656.57043249 17.31 299.266262 -32.333804 29.532
 41     8.210 53656.57043314 17.78 299.265342 -32.337074 29.532
 41     8.240 53656.57043378 17.21 299.264422 -32.340354 29.532
 41     8.086 53656.57043443 17.17 299.263502 -32.343624 29.532
 41     8.086 53656.57043507 15.65 299.262582 -32.346904 29.532
 41     7.772 53656.57043571 18.50 299.261662 -32.350174 29.532
 41     7.772 53656.57043636 20.02 299.260732 -32.353454 29.532
 41     8.039 53656.57043700 18.18 299.259812 -32.356724 29.532
 41     8.222 53656.57043765 22.28 299.258892 -32.360004 29.532
 42     9.494 53691.57041883 36.42 299.271100 -32.327688 40.553
 42     9.738 53691.57041948 40.80 299.270170 -32.330958 40.553
 42     9.720 53691.57042012 42.36 299.269250 -32.334238 40.553
 42     9.678 53691.57042077 44.30 299.268330 -32.337508 40.553
 42     9.692 53691.57042141 43.45 299.267410 -32.340788 40.553
 42     9.685 53691.57042206 43.24 299.266490 -32.344058 40.553
 42     9.671 53691.57042270 45.29 299.265570 -32.347338 40.553
 42     9.697 53691.57042335 47.62 299.264650 -32.350608 40.553
 42     9.673 53691.57042399 49.70 299.263730 -32.353888 40.553
 42     9.683 53691.57042464 50.02 299.262810 -32.357158 40.553
 42     9.630 53691.57042528 48.87 299.261890 -32.360438 40.553
 43     8.619 53726.57034160 41.85 299.279787 -32.324275 22.907
 43     8.417 53726.57034225 26.51 299.278867 -32.327545 22.907
 43     8.100 53726.57034289 26.78 299.277947 -32.330825 22.907
 43     8.636 53726.57034353 25.25 299.277027 -32.334095 22.907
 43     8.520 53726.57034418 22.74 299.276107 -32.337375 22.907
 43     8.528 53726.57034482 19.11 299.275187 -32.340645 22.907
 43     8.469 53726.57034547 18.53 299.274267 -32.343925 22.907
 43     8.454 53726.57034611 16.88 299.273347 -32.347195 22.907
 43     8.488 53726.57034676 19.33 299.272427 -32.350475 22.907
 43     8.492 53726.57034740 20.36 299.271507 -32.353745 22.907
 43     8.436 53726.57034805 21.59 299.270587 -32.357025 22.907
 43     8.264 53726.57034869 20.91 299.269667 -32.360295 22.907
 43     8.264 53726.57034934 18.00 299.268747 -32.363575 22.907
 43     8.546 53726.57034998 27.59 299.267817 -32.366845 22.907
 44     8.658 53761.57029304 42.54 299.276820 -32.324936 28.849
 44     8.472 53761.57029368 36.91 299.275890 -32.328216 28.849
 44     8.673 53761.57029433 41.61 299.274970 -32.331486 28.849
 44     8.628 53761.57029497 43.72 299.274050 -32.334766 28.849
 44     8.534 53761.57029562 35.06 299.273130 -32.338036 28.849
 44     8.318 53761.57029626 26.62 299.272210 -32.341316 28.849
 44     8.377 53761.57029691 18.92 299.271290 -32.344586 28.849
 44     8.634 53761.57029755 22.50 299.270370 -32.347866 28.849
 44     8.448 53761.57029820 19.59 299.269440 -32.351136 28.849
 44     8.191 53761.57029884 20.22 299.268520 -32.354416 28.849
 44     8.197 53761.57029949 19.49 299.267600 -32.357686 28.849
 44     8.068 53761.57030013 21.94 299.266680 -32.360966 28.849
 44     8.346 53761.57030077 24.13 299.265760 -32.364236 28.849
 45     8.543 53796.57030645 24.16 299.279307 -32.323495 24.435
 45     8.417 53796.57030710 20.04 299.278387 -32.326775 24.435
 45     7.987 53796.57030774 21.24 299.277467 -32.330045 24.435
 45     7.999 53796.57030839 22.93 299.276547 -32.333325 24.435
 45     8.145 53796.57030903 26.35 299.275627 -32.336595 24.435
 45     8.080 53796.57030968 34.71 299.274707 -32.339875 24.435
 45     7.938 53796.57031032 34.82 299.273787 -32.343145 24.435
 45     7.854 53796.57031097 27.82 299.272867 -32.346425 24.435
 45     8.063 53796.57031161 23.95 299.271947 -32.349695 24.435
 45     8.271 53796.57031226 28.29 299.271027 -32.352975 24.435
 45     8.276 53796.57031290 26.09 299.270107 -32.356245 24.435
 45     8.098 53796.57031355 26.80 299.269187 -32.359525 24.435
 45     7.669 53796.57031419 23.97 299.268257 -32.362795 24.435
 45     8.125 53796.57031483 24.09 299.267337 -32.366075 24.435
 47     8.600 53866.57036611 33.33 299.266195 -32.332261 29.705
 47     8.354 53866.57036676 32.96 299.265275 -32.335541 29.705
 47     8.458 53866.57036740 31.37 299.264355 -32.338811 29.705
 47     8.530 53866.57036804 32.11 299.263425 -32.342091 29.705
 47     8.786 53866.57036869 34.20 299.262505 -32.345361 29.705
 47     8.883 53866.57036933 41.44 299.261585 -32.348641 29.705
 47     8.851 53866.57036998 44.36 299.260665 -32.351911 29.705
 47     8.738 53866.57037062 47.76 299.259745 -32.355191 29.705
 47     8.828 53866.57037127 47.66 299.258825 -32.358461 29.705
 48     8.576 53901.57039412 23.40 299.270290 -32.328662 30.611
 48     8.077 53901.57039476 18.49 299.269370 -32.331942 30.611
 48     8.157 53901.57039541 19.66 299.268450 -32.335212 30.611
 48     8.191 53901.57039605 18.56 299.267530 -32.338492 30.611
 48     8.354 53901.57039670 20.17 299.266610 -32.341762 30.611
 48     8.331 53901.57039734 19.41 299.265680 -32.345042 30.611
 48     8.297 53901.57039799 18.80 299.264760 -32.348312 30.611
 48     8.288 53901.57039863 16.59 299.263840 -32.351592 30.611
 48     7.976 53901.57039928 16.67 299.262920 -32.354862 30.611
 48     8.035 53901.57039992 18.01 299.262000 -32.358142 30.611
 48     8.405 53901.57040057 23.49 299.261080 -32.361412 30.611
 49     8.951 53936.57043638 27.05 299.257595 -32.340928 25.007
 49     8.697 53936.57043702 21.47 299.256675 -32.344198 25.007
 49     8.380 53936.57043767 20.63 299.255755 -32.347478 25.007
 50     7.758 53971.57040010 24.96 299.269137 -32.329469 15.256
 50     7.767 53971.57040074 23.00 299.268217 -32.332749 15.256
 50     7.617 53971.57040139 23.11 299.267297 -32.336019 15.256
 50     7.441 53971.57040203 26.03 299.266377 -32.339299 15.256
 50     7.623 53971.57040268 25.52 299.265447 -32.342569 15.256
 50     7.468 53971.57040332 25.44 299.264527 -32.345849 15.256
 50     7.410 53971.57040396 23.63 299.263607 -32.349119 15.256
 50     7.329 53971.57040461 18.24 299.262687 -32.352399 15.256
 50     7.452 53971.57040525 16.89 299.261767 -32.355669 15.256
 50     7.785 53971.57040590 18.74 299.260847 -32.358949 15.256
 51     7.649 54006.57038202 19.95 299.269464 -32.329709 21.246
 51     7.672 54006.57038266 17.84 299.268544 -32.332989 21.246
 51     7.680 54006.57038331 18.07 299.267624 -32.336259 21.246
 51     7.744 54006.57038395 21.02 299.266704 -32.339539 21.246
 51     7.831 54006.57038460 20.65 299.265774 -32.342809 21.246
 51     7.682 54006.57038524 18.76 299.264854 -32.346089 21.246
 51     7.760 54006.57038589 20.62 299.263934 -32.349359 21.246
 51     7.639 54006.57038653 16.50 299.263014 -32.352639 21.246
 51     7.547 54006.57038718 15.44 299.262094 -32.355909 21.246
 51     7.948 54006.57038782 16.69 299.261174 -32.359189 21.246
 52     8.293 54041.57040908 26.14 299.274048 -32.327470 16.714
 52     8.150 54041.57040973 24.28 299.273128 -32.330750 16.714
 52     8.298 54041.57041037 24.45 299.272208 -32.334020 16.714
 52     8.351 54041.57041102 21.07 299.271288 -32.337300 16.714
 52     8.153 54041.57041166 18.77 299.270368 -32.340570 16.714
 52     8.466 54041.57041230 19.40 299.269438 -32.343850 16.714
 52     8.468 54041.57041295 18.30 299.268518 -32.347120 16.714
 52     8.440 54041.57041359 22.36 299.267598 -32.350400 16.714
 52     8.106 54041.57041424 18.65 299.266678 -32.353670 16.714
 52     8.116 54041.57041488 19.04 299.265758 -32.356950 16.714
 52     8.172 54041.57041553 19.84 299.264838 -32.360220 16.714
 52     8.284 54041.57041617 21.13 299.263918 -32.363500 16.714
 53     8.816 54076.57040292 37.81 299.274197 -32.326613 21.730
 53     8.733 54076.57040356 28.84 299.273277 -32.329883 21.730
 53     8.649 54076.57040420 28.27 299.272357 -32.333163 21.730
 53     8.555 54076.57040485 27.35 299.271437 -32.336433 21.730
 53     8.513 54076.57040549 27.41 299.270517 -32.339713 21.730
 53     8.740 54076.57040614 26.71 299.269587 -32.342983 21.730
 53     8.830 54076.57040678 29.49 299.268667 -32.346263 21.730
 53     8.700 54076.57040743 33.37 299.267747 -32.349533 21.730
 53     8.302 54076.57040807 27.47 299.266827 -32.352813 21.730
 53     7.189 54076.57040872 27.67 299.265907 -32.356083 21.730
 53     7.798 54076.57040936 27.58 299.264987 -32.359363 21.730
 53     8.171 54076.57041001 29.31 299.264067 -32.362633 21.730
 54     9.377 54111.57034290 33.94 299.277106 -32.323847 42.754
 54     9.285 54111.57034355 27.97 299.276186 -32.327117 42.754
 54     8.851 54111.57034419 24.37 299.275268 -32.330403 22.878
 54     8.859 54111.57034484 22.80 299.274348 -32.333673 22.878
 54     8.938 54111.57034548 21.65 299.273428 -32.336953 22.878
 54     9.152 54111.57034613 24.02 299.272508 -32.340223 22.878
 54     9.137 54111.57034677 25.89 299.271578 -32.343503 22.878
 54     9.273 54111.57034742 34.11 299.270658 -32.346773 22.878
 54     9.238 54111.57034806 32.19 299.269738 -32.350053 22.878
 54     9.062 54111.57034871 21.68 299.268818 -32.353323 22.878
 54     8.900 54111.57034935 19.84 299.267898 -32.356603 22.878
 54     8.518 54111.57035000 21.16 299.266978 -32.359873 22.878
 54     8.895 54111.57035064 18.95 299.266058 -32.363153 22.878
 55    10.211 54146.57034461 32.80 299.269763 -32.327413 21.091
 55    10.046 54146.57034525 29.02 299.268843 -32.330683 21.091
 55     9.942 54146.57034590 28.65 299.267923 -32.333963 21.091
 55     9.751 54146.57034654 27.53 299.267003 -32.337233 21.091
 55     9.611 54146.57034719 28.02 299.266073 -32.340513 21.091
 55     9.542 54146.57034783 27.70 299.265153 -32.343783 21.091
 55     9.470 54146.57034848 28.36 299.264233 -32.347063 21.091
 55     9.467 54146.57034912 28.32 299.263313 -32.350333 21.091
 55     9.603 54146.57034977 28.23 299.262393 -32.353613 21.091
 55     9.820 54146.57035041 27.68 299.261473 -32.356883 21.091
 55    10.124 54146.57035106 29.59 299.260553 -32.360163 21.091
 56    11.095 54181.57033087 32.80 299.275828 -32.326074 24.295
 56    11.062 54181.57033152 37.05 299.274908 -32.329354 24.295
 56    11.109 54181.57033216 39.15 299.273978 -32.332624 24.295
 56    11.101 54181.57033281 37.51 299.273058 -32.335904 24.295
 56    10.988 54181.57033345 34.03 299.272138 -32.339174 24.295
 56    10.961 54181.57033409 30.52 299.271218 -32.342454 24.295
 56    11.022 54181.57033474 30.02 299.270298 -32.345724 24.295
 56    11.011 54181.57033538 27.57 299.269378 -32.349004 24.295
 56    10.913 54181.57033603 26.54 299.268458 -32.352274 24.295
 56    10.751 54181.57033667 25.30 299.267538 -32.355554 24.295
 56    10.531 54181.57033732 25.01 299.266618 -32.358824 24.295
 56    10.757 54181.57033796 25.62 299.265698 -32.362104 24.295
 57     9.897 54216.57035282 31.38 299.268291 -32.330625 26.543
 57     9.740 54216.57035346 27.32 299.267371 -32.333905 26.543
 57     9.527 54216.57035411 27.09 299.266451 -32.337175 26.543
 57     9.482 54216.57035475 27.17 299.265521 -32.340455 26.543
 57     9.479 54216.57035540 27.98 299.264601 -32.343725 26.543
 57     9.482 54216.57035604 26.78 299.263681 -32.347005 26.543
 57     9.434 54216.57035669 27.80 299.262761 -32.350275 26.543
 57     9.655 54216.57035733 27.19 299.261841 -32.353555 26.543
 57     9.881 54216.57035798 28.72 299.260921 -32.356825 26.543
 57    10.020 54216.57035862 32.41 299.260001 -32.360105 26.543
 58     9.831 54251.57037894 32.01 299.270165 -32.328839 17.654
 58     9.563 54251.57037959 32.78 299.269245 -32.332109 17.654
 58     9.396 54251.57038023 32.38 299.268325 -32.335389 17.654
 58     9.277 54251.57038088 31.12 299.267405 -32.338659 17.654
 58     9.316 54251.57038152 29.60 299.266485 -32.341939 17.654
 58     9.341 54251.57038217 29.20 299.265555 -32.345209 17.654
 58     9.392 54251.57038281 28.86 299.264635 -32.348489 17.654
 58     9.355 54251.57038346 28.52 299.263715 -32.351759 17.654
 58     9.357 54251.57038410 27.09 299.262795 -32.355039 17.654
 58     9.637 54251.57038475 26.87 299.261875 -32.358309 17.654
 58     9.858 54251.57038539 30.02 299.260955 -32.361589 17.654
 59     9.277 54286.57038420 48.08 299.275056 -32.324360 39.775
 59     9.266 54286.57038484 47.20 299.274136 -32.327640 39.775
 59     9.212 54286.57038549 48.28 299.273216 -32.330910 39.775
 59     9.220 54286.57038613 50.05 299.272296 -32.334190 39.775
 59     9.189 54286.57038678 49.09 299.271366 -32.337460 39.775
 59     9.182 54286.57038742 48.94 299.270446 -32.340740 39.775
 59     9.180 54286.57038807 50.15 299.269526 -32.344010 39.775
 59     9.140 54286.57038871 46.59 299.268606 -32.347290 39.775
 59     9.147 54286.57038936 43.86 299.267686 -32.350560 39.775
 59     9.131 54286.57039000 44.00 299.266766 -32.353840 39.775
 59     9.144 54286.57039064 45.46 299.265846 -32.357110 39.775
 59     9.127 54286.57039129 41.44 299.264926 -32.360390 39.775
 59     9.102 54286.57039193 39.60 299.264006 -32.363660 39.775
 60     8.608 54321.57038109 31.38 299.274433 -32.325234 15.208
 60     8.513 54321.57038174 20.64 299.273513 -32.328514 15.208
 60     8.201 54321.57038238 20.78 299.272593 -32.331784 15.208
 60     8.302 54321.57038303 20.16 299.271673 -32.335064 15.208
 60     8.325 54321.57038367 19.03 299.270753 -32.338334 15.208
 60     8.463 54321.57038432 19.67 299.269823 -32.341614 15.208
 60     8.529 54321.57038496 22.56 299.268903 -32.344884 15.208
 60     8.475 54321.57038561 23.52 299.267983 -32.348164 15.208
 60     8.374 54321.57038625 19.44 299.267063 -32.351434 15.208
 60     8.239 54321.57038690 16.79 299.266143 -32.354714 15.208
 60     8.022 54321.57038754 19.04 299.265223 -32.357984 15.208
 60     8.049 54321.57038819 20.01 299.264303 -32.361264 15.208
 61     8.391 54356.57034065 39.46 299.278077 -32.323711 42.582
 61     8.172 54356.57034130 31.16 299.277158 -32.326995 23.121
 61     7.793 54356.57034194 29.39 299.276238 -32.330265 23.121
 61     8.211 54356.57034258 27.77 299.275318 -32.333545 23.121
 61     8.267 54356.57034323 30.98 299.274398 -32.336815 23.121
 61     7.979 54356.57034387 38.17 299.273468 -32.340095 23.121
 61     8.012 54356.57034452 35.39 299.272548 -32.343365 23.121
 61     8.645 54356.57034516 26.61 299.271628 -32.346645 23.121
 61     8.458 54356.57034581 24.96 299.270708 -32.349915 23.121
 61     8.170 54356.57034645 26.23 299.269788 -32.353195 23.121
 61     8.137 54356.57034710 26.94 299.268868 -32.356465 23.121
 61     8.015 54356.57034774 23.07 299.267948 -32.359745 23.121
 61     8.085 54356.57034839 22.85 299.267028 -32.363015 23.121
 62     7.975 54391.57032254 39.93 299.272399 -32.328084 38.070
 62     7.961 54391.57032319 44.48 299.271479 -32.331354 38.070
 62     7.845 54391.57032383 43.65 299.270559 -32.334634 38.070
 62     8.004 54391.57032448 45.24 299.269639 -32.337904 38.070
 62     7.983 54391.57032512 49.79 299.268719 -32.341184 38.070
 62     7.946 54391.57032577 52.14 299.267799 -32.344454 38.070
 62     7.885 54391.57032641 49.99 299.266869 -32.347734 38.070
 62     7.818 54391.57032706 45.89 299.265949 -32.351004 38.070
 62     7.817 54391.57032770 42.39 299.265029 -32.354284 38.070
 62     7.828 54391.57032835 45.34 299.264109 -32.357554 38.070
 62     7.834 54391.57032899 44.07 299.263189 -32.360834 38.070
 63     8.562 54426.57029134 35.64 299.275284 -32.324971 40.845
 63     8.232 54426.57029198 28.83 299.274364 -32.328241 40.845
 63     8.096 54426.57029263 26.80 299.273438 -32.331525 22.128
 63     8.044 54426.57029327 25.82 299.272518 -32.334795 22.128
 63     8.330 54426.57029392 23.91 299.271598 -32.338075 22.128
 63     8.311 54426.57029456 21.54 299.270678 -32.341345 22.128
 63     8.261 54426.57029521 21.76 299.269758 -32.344625 22.128
 63     8.269 54426.57029585 26.57 299.268828 -32.347895 22.128
 63     8.266 54426.57029649 25.83 299.267908 -32.351175 22.128
 63     8.237 54426.57029714 18.86 299.266988 -32.354445 22.128
 63     8.063 54426.57029778 17.46 299.266068 -32.357725 22.128
 63     7.969 54426.57029843 16.46 299.265148 -32.360995 22.128
 63     7.975 54426.57029907 17.75 299.264228 -32.364275 22.128
 64     8.593 54461.57029941 39.59 299.271293 -32.326940 14.810
 64     8.425 54461.57030006 32.03 299.270373 -32.330210 14.810
 64     8.229 54461.57030070 25.54 299.269453 -32.333490 14.810
 64     8.047 54461.57030135 23.29 299.268533 -32.336760 14.810
 64     8.158 54461.57030199 22.73 299.267613 -32.340040 14.810
 64     8.245 54461.57030263 20.90 299.266693 -32.343310 14.810
 64     8.261 54461.57030328 19.23 299.265773 -32.346590 14.810
 64     8.244 54461.57030392 18.75 299.264843 -32.349860 14.810
 64     8.186 54461.57030457 16.64 299.263923 -32.353140 14.810
 64     8.031 54461.57030521 16.34 299.263003 -32.356410 14.810
 64     7.982 54461.57030586 16.85 299.262083 -32.359690 14.810
 65     8.554 54496.57029870 35.63 299.275661 -32.325338 23.847
 65     8.607 54496.57029935 38.37 299.274741 -32.328618 23.847
 65     8.656 54496.57029999 38.03 299.273811 -32.331888 23.847
 65     8.450 54496.57030064 30.78 299.272891 -32.335168 23.847
 65     8.338 54496.57030128 27.62 299.271971 -32.338438 23.847
 65     8.402 54496.57030192 25.92 299.271051 -32.341718 23.847
 65     8.545 54496.57030257 26.06 299.270131 -32.344988 23.847
 65     8.463 54496.57030321 34.41 299.269211 -32.348268 23.847
 65     8.462 54496.57030386 29.03 299.268291 -32.351538 23.847
 65     7.869 54496.57030450 21.34 299.267371 -32.354818 23.847
 65     7.700 54496.57030515 19.71 299.266451 -32.358088 23.847
 65     7.932 54496.57030579 17.23 299.265531 -32.361368 23.847
 65     8.014 54496.57030644 18.19 299.264601 -32.364638 23.847
 66     8.731 54531.57031195 34.78 299.273656 -32.325213 28.578
 66     8.447 54531.57031260 23.93 299.272736 -32.328483 28.578
 66     8.291 54531.57031324 22.69 299.271816 -32.331763 28.578
 66     8.301 54531.57031389 17.94 299.270896 -32.335033 28.578
 66     8.448 54531.57031453 18.20 299.269976 -32.338313 28.578
 66     8.467 54531.57031518 19.38 299.269056 -32.341583 28.578
 66     8.373 54531.57031582 25.23 299.268126 -32.344863 28.578
 66     8.388 54531.57031647 27.13 299.267206 -32.348133 28.578
 66     8.436 54531.57031711 22.28 299.266286 -32.351413 28.578
 66     8.243 54531.57031776 13.58 299.265366 -32.354683 28.578
 66     8.077 54531.57031840 14.21 299.264446 -32.357963 28.578
 66     7.976 54531.57031905 16.86 299.263526 -32.361233 28.578
 67     8.723 54566.57030338 31.63 299.277226 -32.324471 15.003
 67     8.488 54566.57030402 31.30 299.276306 -32.327741 15.003
 67     8.495 54566.57030467 32.29 299.275386 -32.331021 15.003
 67     8.521 54566.57030531 30.50 299.274466 -32.334291 15.003
 67     8.563 54566.57030596 28.15 299.273546 -32.337571 15.003
 67     8.628 54566.57030660 28.75 299.272626 -32.340841 15.003
 67     8.768 54566.57030725 30.05 299.271706 -32.344121 15.003
 67     8.749 54566.57030789 32.87 299.270786 -32.347391 15.003
 67     8.581 54566.57030854 36.09 299.269866 -32.350671 15.003
 67     8.264 54566.57030918 25.63 299.268946 -32.353941 15.003
 67     8.409 54566.57030983 24.58 299.268026 -32.357221 15.003
 67     8.421 54566.57031047 25.62 299.267096 -32.360491 15.003
 67     8.492 54566.57031112 26.42 299.266176 -32.363771 15.003
 68     9.365 54601.57030778 36.22 299.271320 -32.327332 30.330
 68     9.231 54601.57030843 30.77 299.270400 -32.330602 30.330
 68     8.915 54601.57030907 25.05 299.269480 -32.333882 30.330
 68     8.751 54601.57030972 22.15 299.268560 -32.337152 30.330
 68     8.619 54601.57031036 20.97 299.267640 -32.340432 30.330
 68     8.731 54601.57031101 21.23 299.266720 -32.343702 30.330
 68     8.877 54601.57031165 20.71 299.265790 -32.346982 30.330
 68     8.771 54601.57031230 21.48 299.264870 -32.350252 30.330
 68     8.595 54601.57031294 21.66 299.263950 -32.353532 30.330
 68     8.601 54601.57031358 21.91 299.263030 -32.356802 30.330
 68     8.624 54601.57031423 22.64 299.262110 -32.360082 30.330
 69     8.348 54636.57031965 35.86 299.271281 -32.326807 24.322
 69     8.062 54636.57032029 22.01 299.270361 -32.330077 24.322
 69     7.961 54636.57032094 19.79 299.269441 -32.333357 24.322
 69     8.086 54636.57032158 19.83 299.268521 -32.336627 24.322
 69     8.017 54636.57032223 20.44 299.267601 -32.339907 24.322
 69     8.214 54636.57032287 20.22 299.266681 -32.343177 24.322
 69     8.268 54636.57032351 18.75 299.265761 -32.346457 24.322
 69     8.131 54636.57032416 15.72 299.264831 -32.349727 24.322
 69     8.106 54636.57032480 14.60 299.263911 -32.353007 24.322
 69     7.910 54636.57032545 14.77 299.262991 -32.356277 24.322
 69     7.834 54636.57032609 15.19 299.262071 -32.359557 24.322
 70     7.997 54671.57032315 25.53 299.271837 -32.328109 20.868
 70     7.764 54671.57032379 25.87 299.270917 -32.331389 20.868
 70     7.739 54671.57032443 24.21 299.269997 -32.334659 20.868
 70     7.821 54671.57032508 22.50 299.269077 -32.337939 20.868
 70     7.963 54671.57032572 22.57 299.268157 -32.341209 20.868
 70     7.963 54671.57032637 19.93 299.267237 -32.344489 20.868
 70     7.996 54671.57032701 20.79 299.266317 -32.347759 20.868
 70     7.989 54671.57032766 20.72 299.265387 -32.351039 20.868
 70     7.906 54671.57032830 16.37 299.264467 -32.354309 20.868
 70     7.686 54671.57032895 16.07 299.263547 -32.357589 20.868
 70     7.865 54671.57032959 16.07 299.262627 -32.360859 20.868
 71     8.951 54706.57028316 27.56 299.276697 -32.326080 24.584
 71     8.366 54706.57028381 20.77 299.275777 -32.329350 24.584
 71     8.088 54706.57028445 19.65 299.274857 -32.332630 24.584
 71     8.813 54706.57028510 17.06 299.273937 -32.335900 24.584
 71     8.884 54706.57028574 25.27 299.273017 -32.339180 24.584
 71     8.905 54706.57028639 21.90 299.272097 -32.342450 24.584
 71     8.870 54706.57028703 25.93 299.271177 -32.345730 24.584
 71     8.855 54706.57028768 33.01 299.270257 -32.349000 24.584
 71     8.659 54706.57028832 25.22 299.269337 -32.352280 24.584
 71     8.572 54706.57028897 22.62 299.268417 -32.355550 24.584
 71     8.408 54706.57028961 22.84 299.267497 -32.358830 24.584
 71     8.256 54706.57029025 19.36 299.266567 -32.362100 24.584
 71     8.317 54706.57029090 20.81 299.265647 -32.365380 24.584
 72     8.152 54741.57028818 26.00 299.270852 -32.327939 31.723
 72     7.584 54741.57028882 25.46 299.269932 -32.331219 31.723
 72     7.374 54741.57028947 25.93 299.269012 -32.334489 31.723
 72     7.628 54741.57029011 26.74 299.268092 -32.337769 31.723
 72     7.636 54741.57029076 30.63 299.267172 -32.341039 31.723
 72     7.715 54741.57029140 35.44 299.266242 -32.344319 31.723
 72     7.552 54741.57029205 31.83 299.265322 -32.347589 31.723
 72     7.371 54741.57029269 24.93 299.264402 -32.350869 31.723
 72     7.244 54741.57029334 21.83 299.263482 -32.354139 31.723
 72     7.500 54741.57029398 19.20 299.262562 -32.357419 31.723
 72     7.569 54741.57029463 18.97 299.261642 -32.360689 31.723
 73     9.076 54776.57026446 39.31 299.276204 -32.324321 26.245
 73     8.997 54776.57026510 22.94 299.275284 -32.327601 26.245
 73     8.643 54776.57026575 20.57 299.274364 -32.330871 26.245
 73     8.740 54776.57026639 21.72 299.273444 -32.334151 26.245
 73     8.929 54776.57026703 22.64 299.272524 -32.337421 26.245
 73     8.969 54776.57026768 23.34 299.271604 -32.340701 26.245
 73     8.973 54776.57026832 31.42 299.270684 -32.343971 26.245
 73     8.935 54776.57026897 35.46 299.269764 -32.347251 26.245
 73     9.008 54776.57026961 38.24 299.268844 -32.350521 26.245
 73     8.655 54776.57027026 22.33 299.267924 -32.353801 26.245
 73     8.543 54776.57027090 20.07 299.266994 -32.357071 26.245
 73     8.393 54776.57027155 21.48 299.266074 -32.360351 26.245
 73     8.566 54776.57027219 20.51 299.265154 -32.363621 26.245
 74     8.553 54811.57028129 23.11 299.269124 -32.329349 13.862
 74     7.986 54811.57028194 22.26 299.268194 -32.332619 13.862
 74     8.161 54811.57028258 17.93 299.267274 -32.335899 13.862
 74     8.245 54811.57028323 18.19 299.266354 -32.339169 13.862
 74     8.202 54811.57028387 18.77 299.265434 -32.342449 13.862
 74     8.338 54811.57028452 18.21 299.264514 -32.345719 13.862
 74     8.318 54811.57028516 19.07 299.263594 -32.348999 13.862
 74     8.100 54811.57028580 18.83 299.262664 -32.352269 13.862
 74     8.038 54811.57028645 19.48 299.261744 -32.355549 13.862
 74     8.109 54811.57028709 20.45 299.260824 -32.358819 13.862
 75     7.313 54846.57026475 25.31 299.274687 -32.325894 28.473
 75     6.966 54846.57026540 26.20 299.273767 -32.329164 28.473
 75     6.972 54846.57026604 28.27 299.272847 -32.332444 28.473
 75     7.050 54846.57026669 31.86 299.271927 -32.335714 28.473
 75     7.023 54846.57026733 40.33 299.271007 -32.338994 28.473
 75     6.957 54846.57026798 41.70 299.270087 -32.342264 28.473
 75     7.007 54846.57026862 41.65 299.269167 -32.345544 28.473
 75     6.960 54846.57026927 34.60 299.268247 -32.348814 28.473
 75     6.964 54846.57026991 41.69 299.267327 -32.352094 28.473
 75     6.969 54846.57027056 47.97 299.266397 -32.355364 28.473
 75     6.978 54846.57027120 51.65 299.265477 -32.358644 28.473
 75     6.995 54846.57027185 50.65 299.264557 -32.361914 28.473
 76     8.179 54881.57028505 35.53 299.269616 -32.328114 22.493
 76     7.961 54881.57028569 26.33 299.268696 -32.331384 22.493
 76     7.571 54881.57028634 26.54 299.267776 -32.334664 22.493
 76     7.626 54881.57028698 26.21 299.266856 -32.337934 22.493
 76     7.671 54881.57028762 25.32 299.265936 -32.341214 22.493
 76     7.701 54881.57028827 29.56 299.265006 -32.344484 22.493
 76     7.538 54881.57028891 28.31 299.264086 -32.347764 22.493
 76     7.509 54881.57028956 26.37 299.263166 -32.351034 22.493
 76     7.585 54881.57029020 26.93 299.262246 -32.354314 22.493
 76     7.693 54881.57029085 29.33 299.261326 -32.357584 22.493
 76     7.796 54881.57029149 32.32 299.260405 -32.360865 40.892
 77     8.287 54916.57026730 49.63 299.274295 -32.325408 37.229
 77     8.450 54916.57026794 52.49 299.273375 -32.328688 37.229
 77     8.181 54916.57026859 50.43 299.272455 -32.331958 37.229
 77     8.191 54916.57026923 52.27 299.271535 -32.335238 37.229
 77     8.101 54916.57026988 51.84 299.270615 -32.338508 37.229
 77     8.176 54916.57027052 49.05 299.269695 -32.341788 37.229
 77     7.994 54916.57027117 47.37 299.268775 -32.345058 37.229
 77     7.999 54916.57027181 40.96 299.267855 -32.348338 37.229
 77     7.969 54916.57027246 42.03 299.266935 -32.351608 37.229
 77     8.019 54916.57027310 47.81 299.266015 -32.354888 37.229
 77     8.058 54916.57027375 47.93 299.265095 -32.358158 37.229
 77     8.087 54916.57027439 49.37 299.264165 -32.361438 37.229
 78     7.646 54951.57027728 35.03 299.270460 -32.326870 16.767
 78     7.493 54951.57027793 41.96 299.269540 -32.330150 16.767
 78     7.646 54951.57027857 40.86 299.268620 -32.333420 16.767
 78     7.577 54951.57027922 31.11 299.267700 -32.336700 16.767
 78     7.361 54951.57027986 25.11 299.266780 -32.339970 16.767
 78     7.390 54951.57028051 24.73 299.265860 -32.343250 16.767
 78     7.532 54951.57028115 25.25 299.264940 -32.346520 16.767
 78     7.384 54951.57028179 22.70 299.264020 -32.349800 16.767
 78     7.016 54951.57028244 22.83 299.263090 -32.353070 16.767
 78     6.917 54951.57028308 22.69 299.262170 -32.356350 16.767
 78     6.797 54951.57028373 23.28 299.261250 -32.359620 16.767
 79     7.693 54986.57030279 20.98 299.268875 -32.328160 24.640
 79     7.655 54986.57030343 20.52 299.267955 -32.331440 24.640
 79     7.483 54986.57030408 20.79 299.267035 -32.334710 24.640
 79     7.272 54986.57030472 22.37 299.266115 -32.337990 24.640
 79     7.433 54986.57030537 25.63 299.265195 -32.341260 24.640
 79     7.368 54986.57030601 26.91 299.264275 -32.344540 24.640
 79     7.428 54986.57030665 23.65 299.263345 -32.347810 24.640
 79     7.184 54986.57030730 18.20 299.262425 -32.351090 24.640
 79     7.084 54986.57030794 17.06 299.261505 -32.354360 24.640
 79     7.248 54986.57030859 15.24 299.260585 -32.357640 24.640
 79     7.368 54986.57030923 16.56 299.259665 -32.360910 24.640
 80     8.116 55021.57029490 37.17 299.274803 -32.326699 13.710
 80     7.543 55021.57029555 30.98 299.273883 -32.329979 13.710
 80     7.404 55021.57029619 28.69 299.272963 -32.333249 13.710
 80     7.597 55021.57029684 26.41 299.272043 -32.336529 13.710
 80     7.790 55021.57029748 32.50 299.271123 -32.339799 13.710
 80     7.672 55021.57029813 34.20 299.270203 -32.343079 13.710
 80     7.629 55021.57029877 28.89 299.269283 -32.346349 13.710
 80     7.636 55021.57029942 21.10 299.268363 -32.349629 13.710
 80     7.409 55021.57030006 19.89 299.267433 -32.352899 13.710
 80     7.320 55021.57030071 18.47 299.266513 -32.356179 13.710
 80     7.313 55021.57030135 18.25 299.265593 -32.359449 13.710
 80     7.538 55021.57030200 21.45 299.264673 -32.362729 13.710
 81     8.772 55056.57029143 38.19 299.274128 -32.327328 20.104
 81     8.712 55056.57029207 37.61 299.273208 -32.330598 20.104
 81     8.708 55056.57029272 36.18 299.272288 -32.333878 20.104
 81     8.746 55056.57029336 34.07 299.271368 -32.337148 20.104
 81     8.564 55056.57029401 31.14 299.270448 -32.340428 20.104
 81     8.687 55056.57029465 29.51 299.269528 -32.343698 20.104
 81     8.812 55056.57029529 28.05 299.268608 -32.346978 20.104
 81     8.784 55056.57029594 29.31 299.267688 -32.350248 20.104
 81     8.451 55056.57029658 25.04 299.266768 -32.353528 20.104
 81     8.366 55056.57029723 25.20 299.265838 -32.356798 20.104
 81     8.343 55056.57029787 24.51 299.264918 -32.360078 20.104
 81     8.458 55056.57029852 28.37 299.263998 -32.363348 20.104
 82     8.511 55091.57024894 31.32 299.275302 -32.325679 25.308
 82     7.865 55091.57024959 28.02 299.274382 -32.328949 25.308
 82     8.174 55091.57025023 26.44 299.273462 -32.332229 25.308
 82     8.464 55091.57025088 24.73 299.272542 -32.335499 25.308
 82     8.418 55091.57025152 26.59 299.271622 -32.338779 25.308
 82     8.447 55091.57025216 28.93 299.270702 -32.342049 25.308
 82     8.485 55091.57025281 27.92 299.269782 -32.345329 25.308
 82     8.511 55091.57025345 33.84 299.268862 -32.348599 25.308
 82     8.590 55091.57025410 30.48 299.267942 -32.351879 25.308
 82     8.216 55091.57025474 21.07 299.267022 -32.355149 25.308
 82     7.997 55091.57025539 20.09 299.266102 -32.358429 25.308
 82     8.126 55091.57025603 21.32 299.265172 -32.361699 25.308
 83     9.324 55126.57023138 48.28 299.272014 -32.326996 34.320
 83     9.309 55126.57023202 45.45 299.271094 -32.330276 34.320
 83     9.316 55126.57023267 47.66 299.270174 -32.333546 34.320
 83     9.304 55126.57023331 40.96 299.269254 -32.336826 34.320
 83     9.201 55126.57023395 33.66 299.268334 -32.340096 34.320
 83     8.949 55126.57023460 32.47 299.267414 -32.343376 34.320
 83     8.710 55126.57023524 28.29 299.266484 -32.346646 34.320
 83     8.737 55126.57023589 28.15 299.265564 -32.349926 34.320
 83     8.702 55126.57023653 25.96 299.264644 -32.353196 34.320
 83     8.594 55126.57023718 24.85 299.263724 -32.356476 34.320
 83     8.997 55126.57023782 23.96 299.262804 -32.359746 34.320
 83     9.235 55126.57023847 27.77 299.261884 -32.363028 30.317
 84    10.342 55161.57021014 35.61 299.273768 -32.326434 22.508
 84    10.046 55161.57021078 33.64 299.272848 -32.329714 22.508
 84     9.638 55161.57021143 31.29 299.271928 -32.332984 22.508
 84     9.816 55161.57021207 27.93 299.271008 -32.336264 22.508
 84    10.037 55161.57021272 28.98 299.270088 -32.339534 22.508
 84    10.081 55161.57021336 34.93 299.269168 -32.342814 22.508
 84    10.097 55161.57021401 33.90 299.268248 -32.346084 22.508
 84    10.062 55161.57021465 31.97 299.267328 -32.349364 22.508
 84     9.794 55161.57021530 32.27 299.266408 -32.352634 22.508
 84     9.804 55161.57021594 31.24 299.265478 -32.355914 22.508
 84     9.927 55161.57021659 31.38 299.264558 -32.359184 22.508
 84    10.046 55161.57021723 32.95 299.263638 -32.362464 22.508
 85    11.128 55196.57022209 36.07 299.269605 -32.327543 26.614
 85    10.744 55196.57022273 31.34 299.268685 -32.330823 26.614
 85    10.574 55196.57022338 29.85 299.267765 -32.334093 26.614
 85    10.468 55196.57022402 27.48 299.266845 -32.337373 26.614
 85    10.423 55196.57022467 28.70 299.265925 -32.340643 26.614
 85    10.566 55196.57022531 28.52 299.264995 -32.343923 26.614
 85    10.419 55196.57022596 28.50 299.264075 -32.347193 26.614
 85    10.475 55196.57022660 28.55 299.263155 -32.350473 26.614
 85    10.479 55196.57022724 29.71 299.262235 -32.353743 26.614
 85    10.693 55196.57022789 29.80 299.261315 -32.357023 26.614
 85    10.818 55196.57022853 30.35 299.260395 -32.360293 26.614
 86    10.999 55231.57021429 26.00 299.274193 -32.327233 16.910
 86    10.786 55231.57021493 27.43 299.273273 -32.330503 16.910
 86    10.916 55231.57021558 24.96 299.272353 -32.333783 16.910
 86    10.915 55231.57021622 24.77 299.271433 -32.337053 16.910
 86    10.864 55231.57021687 24.80 299.270513 -32.340333 16.910
 86    10.955 55231.57021751 25.88 299.269593 -32.343603 16.910
 86    11.099 55231.57021816 26.54 299.268673 -32.346883 16.910
 86    10.951 55231.57021880 26.41 299.267753 -32.350153 16.910
 86    10.768 55231.57021945 25.23 299.266833 -32.353433 16.910
 86    10.543 55231.57022009 26.31 299.265903 -32.356703 16.910
 86    10.688 55231.57022074 27.11 299.264983 -32.359983 16.910
 86    10.934 55231.57022138 28.62 299.264063 -32.363253 16.910
 87    10.974 55266.57021618 38.16 299.272826 -32.325103 24.464
 87    10.840 55266.57021683 34.91 299.271906 -32.328373 24.464
 87    10.617 55266.57021747 33.53 299.270986 -32.331653 24.464
 87    10.455 55266.57021812 30.34 299.270066 -32.334923 24.464
 87    10.430 55266.57021876 27.42 299.269146 -32.338203 24.464
 87    10.781 55266.57021941 25.89 299.268226 -32.341473 24.464
 87    10.908 55266.57022005 25.90 299.267306 -32.344753 24.464
 87    10.793 55266.57022070 25.62 299.266376 -32.348023 24.464
 87    10.683 55266.57022134 25.98 299.265456 -32.351303 24.464
 87    10.719 55266.57022199 26.93 299.264536 -32.354573 24.464
 87    10.889 55266.57022263 26.67 299.263616 -32.357853 24.464
 87    11.075 55266.57022328 28.64 299.262696 -32.361123 24.464
 88    10.159 55301.57019395 25.52 299.277367 -32.325650 20.262
 88     9.927 55301.57019459 25.84 299.276447 -32.328930 20.262
 88     9.687 55301.57019524 26.49 299.275527 -32.332200 20.262
 88     9.913 55301.57019588 25.87 299.274607 -32.335480 20.262
 88    10.290 55301.57019653 24.62 299.273687 -32.338750 20.262
 88    10.336 55301.57019717 27.55 299.272767 -32.342030 20.262
 88    10.351 55301.57019782 30.25 299.271847 -32.345300 20.262
 88    10.399 55301.57019846 28.40 299.270927 -32.348580 20.262
 88    10.444 55301.57019910 27.76 299.270007 -32.351850 20.262
 88    10.113 55301.57019975 27.56 299.269087 -32.355130 20.262
 88    10.010 55301.57020039 24.79 299.268167 -32.358400 20.262
 88     9.875 55301.57020104 25.36 299.267247 -32.361680 20.262
 88    10.267 55301.57020168 25.35 299.266317 -32.364950 20.262
 89    10.128 55336.57019215 27.25 299.272407 -32.327905 21.450
 89    10.039 55336.57019279 27.35 299.271487 -32.331185 21.450
 89     9.998 55336.57019344 26.90 299.270567 -32.334455 21.450
 89     9.987 55336.57019408 26.64 299.269647 -32.337735 21.450
 89     9.928 55336.57019473 26.62 299.268727 -32.341005 21.450
 89     9.930 55336.57019537 27.21 299.267807 -32.344285 21.450
 89     9.842 55336.57019601 26.74 299.266887 -32.347555 21.450
 89     9.860 55336.57019666 26.13 299.265967 -32.350835 21.450
 89     9.798 55336.57019730 24.85 299.265037 -32.354105 21.450
 89     9.695 55336.57019795 25.20 299.264117 -32.357385 21.450
 89    10.025 55336.57019859 24.15 299.263197 -32.360655 21.450
 90     9.515 55371.57018165 23.75 299.274535 -32.325406 21.036
 90     9.090 55371.57018229 19.22 299.273615 -32.328676 21.036
 90     9.254 55371.57018294 18.50 299.272695 -32.331956 21.036
 90     9.252 55371.57018358 18.62 299.271775 -32.335226 21.036
 90     9.353 55371.57018423 20.80 299.270855 -32.338506 21.036
 90     9.403 55371.57018487 23.26 299.269935 -32.341776 21.036
 90     9.448 55371.57018552 22.83 299.269015 -32.345056 21.036
 90     9.483 55371.57018616 24.76 299.268095 -32.348326 21.036
 90     9.338 55371.57018681 23.35 299.267175 -32.351606 21.036
 90     9.134 55371.57018745 22.66 299.266245 -32.354876 21.036
 90     8.909 55371.57018810 22.63 299.265325 -32.358156 21.036
 90     9.099 55371.57018874 20.62 299.264405 -32.361426 21.036
 91     8.862 55406.57020097 49.35 299.272688 -32.327082 29.442
 91     8.859 55406.57020162 47.64 299.271768 -32.330362 29.442
 91     8.780 55406.57020226 46.66 299.270848 -32.333632 29.442
 91     8.743 55406.57020291 41.34 299.269928 -32.336912 29.442
 91     8.476 55406.57020355 33.59 299.269008 -32.340182 29.442
 91     8.097 55406.57020420 31.42 299.268088 -32.343462 29.442
 91     8.501 55406.57020484 28.48 299.267168 -32.346732 29.442
 91     6.102 55406.57020549 27.76 299.266248 -32.350012 29.442
 91     7.726 55406.57020613 24.89 299.265318 -32.353282 29.442
 91     8.039 55406.57020678 22.55 299.264398 -32.356562 29.442
 91     8.384 55406.57020742 23.98 299.263478 -32.359832 29.442
 91     8.377 55406.57020806 31.50 299.262558 -32.363112 29.442
 92     8.273 55441.57020069 33.28 299.274583 -32.326508 19.651
 92     8.117 55441.57020133 27.00 299.273663 -32.329778 19.651
 92     8.058 55441.57020198 23.45 299.272743 -32.333058 19.651
 92     8.171 55441.57020262 26.90 299.271823 -32.336328 19.651
 92     8.121 55441.57020327 28.71 299.270903 -32.339608 19.651
 92     8.105 55441.57020391 29.37 299.269983 -32.342878 19.651
 92     8.124 55441.57020456 28.85 299.269063 -32.346158 19.651
 92     8.087 55441.57020520 24.55 299.268143 -32.349428 19.651
 92     8.227 55441.57020585 22.90 299.267223 -32.352708 19.651
 92     7.890 55441.57020649 22.05 299.266293 -32.355978 19.651
 92     7.812 55441.57020714 21.94 299.265373 -32.359258 19.651
 92     7.879 55441.57020778 21.99 299.264453 -32.362528 19.651
 93     8.533 55476.57014295 27.90 299.277908 -32.325211 19.604
 93     8.160 55476.57014360 20.03 299.276988 -32.328481 19.604
 93     7.943 55476.57014424 20.58 299.276068 -32.331761 19.604
 93     8.044 55476.57014489 24.32 299.275148 -32.335031 19.604
 93     7.991 55476.57014553 27.13 299.274228 -32.338311 19.604
 93     8.068 55476.57014618 30.12 299.273308 -32.341581 19.604
 93     7.901 55476.57014682 28.87 299.272388 -32.344861 19.604
 93     7.780 55476.57014747 26.98 299.271468 -32.348131 19.604
 93     7.723 55476.57014811 23.59 299.270548 -32.351411 19.604
 93     7.822 55476.57014876 20.56 299.269628 -32.354681 19.604
 93     7.623 55476.57014940 19.29 299.268708 -32.357961 19.604
 93     7.618 55476.57015004 18.31 299.267788 -32.361231 19.604
 93     8.139 55476.57015069 18.01 299.266858 -32.364511 19.604
