# NaN NaN NaN ;Mean Elev.(m), Avg Gradient(m/km), RMS Gradient(m/km) - SRTM1     
#    3.477  -1.641  10.724 ;Mean Elev.(m), Avg Gradient(m/km), RMS Gradient(m/km) - ASTER GDEM
#   17.996  -1.573   8.725 ;Mean Elev.(m), Avg Gradient(m/km), RMS Gradient(m/km) - GMTED2010 
  7 299.982182 -31.249405    17.930    18.021  5 52444.09790101 45.556
  8 299.985409 -31.243728   318.844   319.063  5 52479.09789561 44.601
  9 299.993500 -31.238066    20.057    17.756  5 52514.09784172 28.253
 10 299.989495 -31.238989    20.213    17.766  5 52549.09788571 27.480
 11 299.994467 -31.239157    16.514    16.192  3 52584.09787595 40.768
 12 299.984895 -31.245063    18.311    18.412  5 52619.09785213 45.949
 13 299.998916 -31.239047    18.075    18.075  2 52654.09783466 46.964
 14 299.987591 -31.242311    17.968    17.999  6 52689.09783120 26.127
 15 299.990581 -31.239459    37.711    38.239  5 52724.09787687 21.052
 16 299.978826 -31.251795    58.272    64.013  4 52759.09789438 11.840
 17 299.995906 -31.236280    17.078    16.967  5 52794.09785156 39.279
 18 299.997069 -31.234348    23.976    16.897  5 52829.09791912 19.598
 19 299.997328 -31.233663    16.025    15.981  5 52864.09796388 38.419
 20 299.987420 -31.242604    16.090    16.063  6 52899.09799168 27.898
 21 299.984695 -31.244677    16.666    16.742  5 52934.09793551 21.089
 22 299.991852 -31.238158    16.472    16.469  6 52969.09794956 40.946
 23 299.984257 -31.245033    18.142    18.355  5 53004.09796812 41.011
 24 299.983913 -31.247780    54.102    60.689  3 53039.09791731  7.453
 25 299.986759 -31.241593    15.892    15.829  5 53074.09794797 31.313
 26 299.982804 -31.244502    15.741    15.812  3 53109.09791763 41.642
 27 299.989788 -31.240754    16.614    16.405  5 53144.09795882 34.140
 28 299.991986 -31.238108    17.118    17.545  5 53179.09797600 32.062
 30 299.987675 -31.241035    16.547    16.551  6 53249.09796615 31.095
 31 299.989001 -31.241862    15.488    15.616  4 53284.09796041 28.133
 33 299.992772 -31.239959    18.111    18.063  4 53354.09791930 48.137
 34 299.992461 -31.240637    17.597    18.049  3 53389.09792075 37.703
 35 299.994525 -31.237778    18.428    18.214  5 53424.09792023 34.607
 36 299.996767 -31.233453    16.958    17.004  5 53459.09792599 32.525
 37 299.984857 -31.245637    17.405    17.327  5 53494.09800935 21.016
 38 299.994307 -31.237308    17.372    17.548  5 53529.09798747 39.742
 39 299.983495 -31.245795    17.446    17.519  5 53564.09801632 25.348
 40 299.990601 -31.239197    16.945    17.188  6 53599.09795837 30.498
 41 299.989447 -31.240968    16.243    16.101  5 53634.09795441 35.495
 42 299.985928 -31.242397    17.198    17.140  5 53669.09797583 22.621
 43 299.993249 -31.237043    17.920    17.777  6 53704.09791624 28.351
 44 299.990028 -31.240011    17.551    17.522  5 53739.09782500 23.109
 45 299.995962 -31.235732    17.099    17.029  4 53774.09784361 22.402
 46 299.989551 -31.239227    17.381    17.457  5 53809.09782771 23.677
 48 299.995001 -31.239695    15.911    16.026  4 53879.09789799 42.701
 49 299.983522 -31.240298    46.755    46.959  3 53914.09795333 11.268
 50 299.982471 -31.249094    16.062    16.079  4 53949.09796349 20.124
 51 299.987899 -31.243832    15.906    15.620  5 53984.09790332 28.912
 52 299.993240 -31.236398    17.587    17.581  5 54019.09793812 25.850
 53 299.997705 -31.231049    16.561    16.579  5 54054.09792940 16.821
 54 299.989512 -31.238646    17.246    17.213  4 54089.09791936 31.060
 55 299.994089 -31.235449    18.069    18.009  5 54124.09784313 29.796
 56 299.988863 -31.238207    19.090    19.596  5 54159.09788515 36.567
 57 299.993303 -31.236905    19.499    19.469  6 54194.09784542 32.440
 58 299.990287 -31.238281    18.361    18.509  5 54229.09789706 30.789
 59 299.991384 -31.240367    18.508    18.433  4 54264.09791553 31.051
 60 299.991559 -31.238553    16.870    16.747  5 54299.09791906 43.198
 61 299.990178 -31.241349    16.229    16.263  4 54334.09790889 36.503
 63 299.989745 -31.240461    16.553    16.893  6 54404.09785281 41.960
 64 299.993998 -31.237539    17.371    17.375  5 54439.09781034 27.001
 65 299.992633 -31.236989    16.629    16.595  5 54474.09783978 18.927
 66 299.994067 -31.238521    16.362    16.332  4 54509.09782242 43.763
 67 299.990535 -31.238290    17.348    17.401  5 54544.09785372 24.474
 68 299.992184 -31.240396    16.979    16.840  4 54579.09782231 41.779
 69 299.991110 -31.239794    58.723    57.716  5 54614.09784425  4.045
 70 299.990547 -31.241057    17.255    17.401  5 54649.09785273 33.732
 71 299.989260 -31.241708    16.479    16.438  4 54684.09785018 22.411
 72 299.994588 -31.236953    16.585    16.875  4 54719.09779816 31.922
 73 299.990707 -31.239686    16.963    16.936  5 54754.09782411 23.402
 74 299.993330 -31.239642    17.535    17.784  3 54789.09779033 42.271
 75 299.992236 -31.238966    16.766    16.780  5 54824.09781928 16.039
 77 299.988604 -31.241663    16.614    16.668  5 54894.09782050 28.969
 78 299.991534 -31.238159    16.824    16.903  6 54929.09778353 32.308
 79 299.989979 -31.240326    15.379    15.535  5 54964.09782131 28.523
 80 299.987701 -31.240867    16.437    16.397  5 54999.09784166 33.961
 81 299.991055 -31.238392    55.823    55.877  5 55034.09782902 11.415
 82 299.989667 -31.243854    17.291    17.316  3 55069.09781750 31.644
 83 299.992714 -31.241861    17.680    18.029  4 55104.09775773 28.347
 84 299.990945 -31.240861    18.500    18.721  5 55139.09776482 32.426
 85 299.994578 -31.238476    19.116    19.099  4 55174.09772575 30.202
 86 299.990972 -31.238997    19.622    19.645  5 55209.09776069 26.981
 87 299.992129 -31.238350    20.298    20.460  6 55244.09773149 32.416
 88 299.988743 -31.240218    18.986    19.332  5 55279.09775356 40.558
 89 299.990538 -31.239435    18.853    18.978  5 55314.09771839 35.548
 90 299.989572 -31.239801    18.687    18.731  6 55349.09772545 37.463
 91 299.992201 -31.239909    17.240    17.432  4 55384.09771697 45.272
 92 299.991678 -31.239134    17.035    17.033  5 55419.09774390 36.271
 93 299.989336 -31.243498    16.627    16.684  3 55454.09772228 25.836
 94 299.988606 -31.244857    17.252    17.253  3 55489.09764165 25.136
