# NaN NaN NaN ;Mean Elev.(m), Avg Gradient(m/km), RMS Gradient(m/km) - SRTM1     
#   33.787  -0.454   5.014 ;Mean Elev.(m), Avg Gradient(m/km), RMS Gradient(m/km) - ASTER GDEM
#   41.506  -0.305   4.044 ;Mean Elev.(m), Avg Gradient(m/km), RMS Gradient(m/km) - GMTED2010 
  7 301.179167 -27.909501    26.425    26.425  2 52447.56750254 24.915
  8 301.183656 -27.923877    54.209    56.568 10 52482.56749456 30.460
  9 301.186877 -27.940654    51.219    51.706  8 52517.56745359 20.335
 11 301.186686 -27.939320    58.349    55.151  9 52587.56748101 18.137
 12 301.185777 -27.935438    44.744    44.721 13 52622.56744265 28.411
 13 301.185240 -27.937007    46.972    43.538 13 52657.56745333 23.063
 15 301.185070 -27.936241    44.797    44.146 13 52727.56747777 26.995
 16 301.183087 -27.911166    43.671    43.680  6 52762.56748636 46.743
 17 301.186339 -27.937377    49.037    46.496 12 52797.56745659 18.486
 18 301.185747 -27.936802    43.976    42.591 13 52832.56752792 29.450
 20 301.183713 -27.935057    43.700    42.391 14 52902.56758967 23.274
 21 301.185743 -27.936129    45.845    42.609 13 52937.56752865 22.209
 22 301.183803 -27.921393    54.689    58.931  9 52972.56755721 23.024
 23 301.183276 -27.915817    44.369    44.348  8 53007.56756613 28.895
 24 301.182749 -27.915032    48.331    44.566  4 53042.56752157 24.351
 25 301.182648 -27.924362    42.599    42.255 10 53077.56755650 36.592
 26 301.181901 -27.906749    42.547    42.511  5 53112.56752310 17.215
 27 301.183272 -27.918711    43.266    43.301  9 53147.56756950 35.024
 28 301.186933 -27.940989    67.509    67.448  7 53182.56757551 23.902
 29 301.183765 -27.930782    43.929    43.927 12 53217.56759753 51.478
 30 301.183882 -27.930016    44.071    42.581 13 53252.56757526 24.596
 31 301.181486 -27.905823    42.570    42.541  5 53287.56756944 19.541
 34 301.182918 -27.921486    43.902    43.966  9 53392.56752925 37.943
 35 301.187134 -27.942715    43.248    43.247  5 53427.56752825 24.182
 36 301.183930 -27.935708    64.026    65.550 14 53462.56754354 22.439
 37 301.181843 -27.910502    63.396    63.286  5 53497.56761165 20.983
 38 301.188114 -27.935084    47.020    42.925  6 53532.56759737 36.162
 40 301.186674 -27.939425    41.971    41.958  9 53602.56756377 46.557
 41 301.183213 -27.913045    43.012    43.025  4 53637.56755683 16.826
 42 301.183353 -27.912267    43.601    43.551  6 53672.56757751 23.475
 45 301.186892 -27.939387    42.782    42.781  8 53777.56745147 49.236
 47 301.183623 -27.914243    43.891    43.910  6 53847.56747689 36.243
 49 301.182525 -27.909023    42.810    42.769  6 53917.56755775 29.783
 50 301.181919 -27.908236    42.621    42.660  6 53952.56756220 18.478
 52 301.183606 -27.929001    43.093    43.139 11 54022.56754494 26.187
 54 301.186190 -27.937354    56.623    56.078 12 54092.56752055 21.194
 55 301.183752 -27.927121    45.030    45.153 11 54127.56745381 31.918
 56 301.184112 -27.931163    51.115    54.065 13 54162.56748880 30.503
 57 301.183395 -27.928672    51.454    55.157 11 54197.56745646 29.768
 58 301.183235 -27.936940    43.854    43.866 13 54232.56750235 29.024
 59 301.184607 -27.935158    43.685    43.685 13 54267.56752096 31.339
 60 301.185153 -27.934693    42.970    42.963 14 54302.56752503 33.724
 61 301.185412 -27.936672    42.503    42.444 13 54337.56751137 22.366
 62 301.183170 -27.935556    42.574    42.575 13 54372.56745823 32.347
 63 301.183525 -27.935777    44.201    42.799 14 54407.56745683 37.681
 64 301.183569 -27.926272    42.810    42.853 10 54442.56741636 49.185
 65 301.185034 -27.934821    44.371    42.990 13 54477.56744548 22.881
 66 301.183848 -27.927835    43.090    43.118 12 54512.56743210 47.250
 67 301.184928 -27.936014    43.438    43.419 13 54547.56745917 50.415
 68 301.184972 -27.934738    44.891    43.810 14 54582.56742851 23.826
 69 301.184582 -27.934848    47.394    43.689 14 54617.56744993 23.352
 70 301.184125 -27.928190    52.700    57.349 11 54652.56746068 25.419
 71 301.184990 -27.935442    42.985    43.008 13 54687.56745204 27.872
 72 301.183817 -27.927951    42.913    42.841 11 54722.56740755 27.382
 73 301.183303 -27.935876    59.041    64.130 14 54757.56742839 22.557
 74 301.182801 -27.922700    43.597    43.590  9 54792.56739992 23.964
 75 301.183894 -27.933749    42.127    42.124 14 54827.56742517 50.127
 76 301.183726 -27.928965    42.343    42.299 11 54862.56739551 33.511
 77 301.183924 -27.932576    43.314    43.281 14 54897.56742544 39.932
 78 301.183431 -27.927680    42.957    42.957 12 54932.56738979 32.107
 79 301.183607 -27.935877    41.887    41.908 14 54967.56742660 24.209
 80 301.183346 -27.925104    54.377    56.161 10 55002.56744490 22.058
 81 301.184931 -27.936369    43.375    43.387 14 55037.56743288 32.637
 82 301.185187 -27.935890    48.219    43.331 14 55072.56741943 20.414
 83 301.183140 -27.925990    44.413    44.386 10 55107.56736394 39.884
 84 301.183930 -27.932963    50.535    51.985 14 55142.56737007 41.137
 85 301.184050 -27.925750    54.654    58.271 10 55177.56733458 27.992
 86 301.183733 -27.934477    45.457    45.556 13 55212.56736523 29.252
 87 301.183735 -27.930366    44.968    45.163 13 55247.56733778 30.968
 88 301.184111 -27.935041    46.092    44.638 13 55282.56735821 27.968
 89 301.183260 -27.933404    45.164    45.155 13 55317.56732711 40.617
 90 301.184441 -27.935244    46.671    43.907 14 55352.56733140 29.728
 91 301.183168 -27.923719    43.077    43.022 10 55387.56732531 44.772
 92 301.184991 -27.935436    48.850    43.625 13 55422.56734867 20.485
 93 301.185855 -27.936631    51.339    52.263 13 55457.56732253 27.301
