# NaN NaN NaN ;Mean Elev.(m), Avg Gradient(m/km), RMS Gradient(m/km) - SRTM1     
#    4.253   0.148   2.557 ;Mean Elev.(m), Avg Gradient(m/km), RMS Gradient(m/km) - ASTER GDEM
#    2.608  -0.014   0.924 ;Mean Elev.(m), Avg Gradient(m/km), RMS Gradient(m/km) - GMTED2010 
  7   -12.685 52447.56855240 38.99 299.718356 -33.248070 24.829
  7    -9.376 52447.56855304 22.46 299.717416 -33.251340 24.829
  8     5.479 52482.56854248 26.84 299.725666 -33.252633 20.068
  8     6.282 52482.56854313 24.90 299.724736 -33.255903 20.068
  9     5.303 52517.56849829 29.83 299.733569 -33.253095 31.890
  9     5.774 52517.56849894 21.97 299.732639 -33.256365 31.890
  9     6.132 52517.56849958 24.41 299.731699 -33.259645 31.890
 10     5.076 52552.56854741 23.18 299.719652 -33.249791 22.674
 10     9.990 52552.56854806 22.77 299.718712 -33.253071 22.674
 11     5.615 52587.56852603 36.21 299.732539 -33.253334 27.940
 11     5.513 52587.56852667 27.25 299.731609 -33.256614 27.940
 11     6.238 52587.56852731 24.67 299.730669 -33.259884 27.940
 12     6.074 52622.56848831 35.00 299.731163 -33.252854 28.218
 12     5.782 52622.56848895 26.22 299.730233 -33.256134 28.218
 12     6.021 52622.56848960 22.19 299.729293 -33.259404 28.218
 13     6.024 52657.56849899 26.86 299.729901 -33.254265 43.072
 13     6.028 52657.56849964 21.76 299.728963 -33.257531 13.835
 13     6.286 52657.56850028 24.08 299.728023 -33.260811 13.835
 15     6.390 52727.56852344 24.64 299.729833 -33.253462 20.882
 15    13.665 52727.56852408 23.72 299.728903 -33.256732 20.882
 15     6.409 52727.56852473 31.48 299.727963 -33.260002 20.882
 16     6.480 52762.56853622 42.72 299.723050 -33.249979 31.337
 16     6.444 52762.56853686 31.72 299.722120 -33.253249 31.337
 17     5.873 52797.56850193 28.58 299.730936 -33.252833 38.709
 17     5.910 52797.56850257 22.19 299.730006 -33.256103 38.709
 17     6.302 52797.56850322 23.65 299.729066 -33.259383 38.709
 18     5.035 52832.56857359 29.58 299.729882 -33.253903 27.328
 18     6.039 52832.56857423 24.18 299.728947 -33.257168 19.250
 18     6.269 52832.56857487 27.91 299.728017 -33.260448 19.250
 19     4.665 52867.56861624 41.50 299.734358 -33.253645 26.341
 19     4.513 52867.56861688 38.87 299.733418 -33.256915 26.341
 19     4.534 52867.56861753 38.46 299.732488 -33.260185 26.341
 20     4.222 52902.56863565 33.41 299.728325 -33.253996 24.022
 20     6.221 52902.56863630 24.64 299.727395 -33.257266 24.022
 21     4.979 52937.56857431 28.46 299.731379 -33.253543 18.853
 21     6.022 52937.56857496 18.34 299.730449 -33.256813 18.853
 21     6.324 52937.56857560 24.03 299.729509 -33.260093 18.853
 22     8.638 52972.56860546 18.80 299.724865 -33.251763 38.270
 22     8.401 52972.56860610 20.25 299.723925 -33.255043 38.270
 23     5.625 53007.56861534 29.45 299.723439 -33.251279 28.443
 23     6.051 53007.56861598 23.68 299.722499 -33.254549 28.443
 24     5.340 53042.56857078 26.00 299.722195 -33.250174 27.718
 24     9.441 53042.56857142 20.51 299.721255 -33.253444 27.718
 25     8.440 53077.56860442 14.78 299.724694 -33.253170 35.165
 25     7.649 53077.56860507 21.96 299.723754 -33.256450 35.165
 27    22.625 53147.56861839 13.64 299.723662 -33.252288 28.422
 27     6.349 53147.56861903 21.20 299.722732 -33.255558 28.422
 28     5.090 53182.56862053 50.81 299.732553 -33.254898 29.310
 28     5.060 53182.56862117 46.31 299.731613 -33.258168 29.310
 28     5.074 53182.56862182 47.70 299.730683 -33.261448 29.310
 29     5.172 53217.56864416 36.92 299.727365 -33.252961 30.473
 29     6.066 53217.56864480 27.49 299.726435 -33.256241 30.473
 30     6.061 53252.56862221 20.75 299.727652 -33.253966 14.548
 30     6.189 53252.56862285 26.82 299.726722 -33.257236 14.548
 31     8.839 53287.56862026 19.65 299.718798 -33.249236 17.606
 31     8.607 53287.56862091 27.68 299.717868 -33.252506 17.606
 32     5.228 53322.56859697 29.27 299.734753 -33.255014 31.848
 32     5.006 53322.56859762 26.94 299.733823 -33.258284 31.848
 32     5.946 53322.56859826 22.55 299.732883 -33.261554 31.848
 33     5.862 53357.56856270 41.64 299.736459 -33.253704 44.754
 33     5.598 53357.56856334 27.03 299.735529 -33.256974 44.754
 33     5.697 53357.56856399 24.12 299.734589 -33.260244 44.754
 33     5.870 53357.56856463 30.57 299.733659 -33.263524 44.754
 34     5.346 53392.56857750 28.45 299.723666 -33.251774 33.783
 34     5.915 53392.56857814 27.94 299.722736 -33.255044 33.783
 35     6.066 53427.56857263 40.24 299.734051 -33.253491 43.878
 35     5.758 53427.56857327 25.32 299.733121 -33.256761 43.878
 35     5.819 53427.56857392 24.59 299.732181 -33.260031 43.878
 36     5.382 53462.56858889 40.46 299.728588 -33.251293 39.888
 36     5.400 53462.56858953 26.29 299.727654 -33.254559 14.485
 36     6.278 53462.56859018 23.90 299.726724 -33.257839 14.485
 37     5.369 53497.56866182 21.73 299.720541 -33.250746 27.404
 37     9.915 53497.56866247 18.22 299.719611 -33.254016 27.404
 38     5.257 53532.56864335 33.22 299.732718 -33.253881 41.825
 38     5.987 53532.56864400 23.73 299.731788 -33.257161 41.825
 38     6.098 53532.56864464 23.62 299.730853 -33.260426 31.190
 40     5.231 53602.56860879 35.35 299.732945 -33.253518 34.277
 40     5.807 53602.56860944 24.62 299.732015 -33.256788 34.277
 40     6.162 53602.56861008 24.09 299.731075 -33.260058 34.277
 42     5.441 53672.56862737 19.23 299.722487 -33.250875 33.024
 42     6.410 53672.56862801 18.36 299.721557 -33.254145 33.024
 43     5.361 53707.56855919 33.53 299.736855 -33.254258 36.555
 43     5.156 53707.56855983 21.86 299.735925 -33.257528 36.555
 43     5.194 53707.56856047 21.30 299.734985 -33.260798 36.555
 43     5.204 53707.56856112 26.32 299.734055 -33.264078 36.555
 44     4.953 53742.56847117 34.37 299.736961 -33.256173 26.437
 44     4.601 53742.56847181 24.11 299.736021 -33.259443 26.437
 44     4.719 53742.56847246 21.56 299.735091 -33.262713 26.437
 45     5.106 53777.56849681 25.60 299.731959 -33.255002 18.687
 45     5.532 53777.56849745 19.85 299.731019 -33.258272 18.687
 45     4.762 53777.56849810 29.34 299.730079 -33.261552 18.687
 46     5.155 53812.56847329 22.98 299.735183 -33.256149 34.407
 46     5.998 53812.56847394 18.69 299.734253 -33.259429 34.407
 46     6.102 53812.56847458 22.15 299.733313 -33.262699 34.407
 47     4.713 53847.56852610 21.97 299.723260 -33.249488 33.769
 47     6.040 53847.56852675 19.29 299.722330 -33.252768 33.769
 47     6.314 53847.56852739 24.96 299.721390 -33.256038 33.769
 49     4.540 53917.56860825 37.71 299.720937 -33.250890 34.283
 49     4.471 53917.56860890 34.56 299.719997 -33.254160 34.283
 50     4.684 53952.56861271 21.76 299.720473 -33.250076 30.496
 50     9.900 53952.56861335 18.93 299.719543 -33.253356 30.496
 53     5.003 54057.56858431 30.03 299.734937 -33.253610 29.749
 53     5.460 54057.56858495 16.72 299.733997 -33.256880 29.749
 53     5.678 54057.56858560 16.95 299.733067 -33.260150 29.749
 53     5.954 54057.56858624 22.27 299.732127 -33.263430 29.749
 54     5.044 54092.56856590 37.85 299.732025 -33.253246 24.677
 54     5.161 54092.56856655 27.14 299.731085 -33.256516 24.677
 54     5.170 54092.56856719 26.53 299.730155 -33.259796 24.677
 55     5.592 54127.56850077 40.99 299.726138 -33.250853 41.592
 55     5.426 54127.56850142 25.69 299.725198 -33.254123 41.592
 55     6.369 54127.56850206 26.30 299.724258 -33.257393 41.592
 56     6.367 54162.56853511 40.65 299.728278 -33.251709 25.520
 56     6.194 54162.56853575 30.10 299.727348 -33.254979 25.520
 56     6.206 54162.56853639 30.20 299.726408 -33.258249 25.520
 57     7.410 54197.56850341 32.05 299.725982 -33.252518 26.018
 57     7.310 54197.56850406 31.06 299.725042 -33.255798 26.018
 58     6.124 54232.56854801 29.22 299.727853 -33.254183 23.174
 58     6.173 54232.56854866 26.83 299.726913 -33.257453 23.174
 59     6.234 54267.56856663 39.24 299.729475 -33.252252 14.217
 59     6.144 54267.56856727 35.49 299.728545 -33.255522 14.217
 59     6.228 54267.56856791 40.88 299.727605 -33.258792 14.217
 60     5.323 54302.56857102 21.79 299.729561 -33.253556 22.786
 60     6.119 54302.56857166 21.89 299.728621 -33.256826 22.786
 60     6.246 54302.56857230 26.06 299.727691 -33.260106 22.786
 61     5.225 54337.56855703 22.88 299.730502 -33.254005 24.825
 61     6.107 54337.56855768 18.94 299.729572 -33.257275 24.825
 61     6.188 54337.56855832 26.47 299.728632 -33.260545 24.825
 62     5.113 54372.56850390 27.65 299.727633 -33.252757 18.396
 62     6.014 54372.56850454 22.11 299.726703 -33.256037 18.396
 63     5.097 54407.56850218 30.73 299.728934 -33.251502 15.829
 63     5.860 54407.56850282 20.92 299.728004 -33.254772 15.829
 63     6.242 54407.56850347 24.78 299.727064 -33.258052 15.829
 64     4.941 54442.56846364 24.26 299.725409 -33.251685 16.564
 64     5.806 54442.56846429 22.31 299.724479 -33.254965 16.564
 65     5.045 54477.56849115 24.15 299.729862 -33.252126 27.088
 65     4.352 54477.56849180 19.83 299.728932 -33.255396 27.088
 65     6.187 54477.56849244 20.11 299.727992 -33.258676 27.088
 66     5.813 54512.56847937 21.37 299.725812 -33.253237 37.661
 66     6.081 54512.56848002 26.31 299.724872 -33.256507 37.661
 67     4.574 54547.56850484 25.91 299.730005 -33.253398 20.572
 67     6.005 54547.56850548 19.68 299.729065 -33.256668 20.572
 68     4.373 54582.56847450 21.34 299.729258 -33.253554 27.123
 68     6.007 54582.56847514 18.55 299.728328 -33.256834 27.123
 68     6.258 54582.56847579 24.48 299.727388 -33.260104 27.123
 69     5.122 54617.56849592 32.70 299.728958 -33.253602 14.951
 69     4.576 54617.56849656 29.15 299.728028 -33.256872 14.951
 69     6.039 54617.56849721 24.92 299.727088 -33.260142 14.951
 70     5.025 54652.56850763 38.32 299.727237 -33.252005 32.360
 70     5.685 54652.56850828 24.26 299.726307 -33.255285 32.360
 70     6.288 54652.56850892 26.81 299.725367 -33.258555 32.360
 71     4.874 54687.56849770 28.00 299.730148 -33.252749 25.007
 71     5.772 54687.56849835 20.38 299.729208 -33.256029 25.007
 71     6.025 54687.56849899 24.19 299.728278 -33.259299 25.007
 72     4.740 54722.56845450 24.77 299.726264 -33.251528 36.767
 72     5.978 54722.56845514 22.07 299.725324 -33.254798 36.767
 73     4.592 54757.56847373 27.26 299.728692 -33.251503 26.037
 73     5.735 54757.56847438 21.15 299.727752 -33.254773 26.037
 73     6.114 54757.56847502 21.43 299.726822 -33.258053 26.037
 74     5.359 54792.56844752 40.59 299.724322 -33.249848 39.835
 74     5.277 54792.56844816 26.21 299.723382 -33.253118 39.835
 74     6.204 54792.56844881 31.14 299.722442 -33.256388 39.835
 75     5.121 54827.56847116 27.79 299.728148 -33.252642 28.468
 75     5.991 54827.56847181 20.23 299.727218 -33.255912 28.468
 75     6.173 54827.56847245 27.54 299.726278 -33.259182 28.468
 76     4.639 54862.56844247 19.86 299.726291 -33.252602 25.823
 76     5.761 54862.56844311 20.30 299.725351 -33.255872 25.823
 77     5.022 54897.56847143 27.23 299.728542 -33.251635 31.415
 77     5.493 54897.56847207 21.78 299.727602 -33.254905 31.415
 77     5.995 54897.56847272 26.69 299.726672 -33.258185 31.415
 78     5.714 54932.56843706 17.96 299.725669 -33.253193 25.556
 78     6.138 54932.56843771 25.44 299.724729 -33.256463 25.556
 79     4.581 54967.56847194 25.04 299.728911 -33.251358 14.117
 79     5.853 54967.56847259 17.59 299.727981 -33.254628 14.117
 79     5.961 54967.56847323 21.06 299.727041 -33.257898 14.117
 80     4.506 55002.56849218 24.40 299.726061 -33.250498 25.379
 80     5.765 55002.56849282 17.72 299.725121 -33.253768 25.379
 80     6.125 55002.56849346 25.39 299.724191 -33.257038 25.379
 81     4.755 55037.56847822 24.13 299.730210 -33.252028 30.995
 81     5.686 55037.56847887 19.86 299.729270 -33.255298 30.995
 81     6.009 55037.56847951 23.28 299.728340 -33.258578 30.995
 82     4.632 55072.56846542 20.63 299.729960 -33.254760 24.057
 82     5.692 55072.56846606 23.97 299.729020 -33.258040 24.057
 82     5.785 55072.56846671 29.92 299.728090 -33.261310 24.057
 83     5.386 55107.56841122 38.48 299.725275 -33.251291 37.857
 83     5.309 55107.56841186 25.90 299.724345 -33.254571 37.857
 84     5.755 55142.56841605 44.56 299.728495 -33.251997 34.384
 84     5.378 55142.56841670 27.77 299.727555 -33.255267 34.384
 84     5.834 55142.56841734 21.83 299.726625 -33.258547 34.384
 85     6.510 55177.56838185 38.34 299.725959 -33.251127 43.638
 85     6.344 55177.56838250 34.05 299.725019 -33.254397 43.638
 85     6.658 55177.56838314 35.54 299.724089 -33.257677 43.638
 86     7.039 55212.56841089 36.51 299.728622 -33.251684 41.595
 86     6.877 55212.56841154 36.03 299.727682 -33.254954 41.595
 86     6.740 55212.56841218 31.40 299.726752 -33.258234 41.595
 87     8.037 55247.56838409 32.88 299.727310 -33.250935 35.190
 87     7.701 55247.56838473 27.51 299.726370 -33.254205 35.190
 87     8.058 55247.56838537 32.40 299.725430 -33.257485 35.190
 88     7.080 55282.56840388 27.79 299.729181 -33.252493 32.637
 88     6.787 55282.56840452 23.23 299.728251 -33.255763 32.637
 88     7.025 55282.56840517 27.08 299.727311 -33.259033 32.637
 89     6.371 55317.56837342 25.89 299.727256 -33.253830 29.576
 89     6.394 55317.56837407 23.90 299.726326 -33.257110 29.576
 90     6.296 55352.56837738 27.82 299.729048 -33.254057 34.319
 90     6.209 55352.56837803 25.85 299.728118 -33.257337 34.319
 90     6.416 55352.56837867 32.66 299.727178 -33.260607 34.319
 91     5.482 55387.56837323 34.62 299.724442 -33.252417 34.807
 91     5.832 55387.56837387 27.22 299.723502 -33.255687 34.807
 92     5.252 55422.56839433 41.28 299.729870 -33.252683 32.070
 92     5.263 55422.56839498 21.90 299.728940 -33.255953 32.070
 92     6.157 55422.56839562 22.16 299.728000 -33.259223 32.070
 93     5.183 55457.56836819 30.80 299.731131 -33.253863 30.824
 93     5.920 55457.56836883 18.73 299.730191 -33.257143 30.824
 93     6.062 55457.56836948 21.76 299.729261 -33.260413 30.824
