-326617.308   798.864     0.00   85.91
-326240.882   834.449    94.56   95.09
-325864.470   874.124   105.43   79.11
-325488.071   906.718    86.62   51.78
-325111.685   912.338    14.94   46.03
-324735.314   894.291   -47.96   55.53
-324358.955   870.647   -62.84   63.92
-323982.610   845.457   -66.95   64.58
-323606.279   803.477  -111.58   54.73
-323229.960   776.722   -71.11   46.98
-322853.656   784.981    21.95   63.40
-322477.365   810.822    68.69   79.03
-322101.087   841.891    82.59   65.81
-321724.822   848.038    16.34   56.42
-321348.571   817.525   -81.12   67.07
-320972.334   765.696  -137.79   65.27
-320596.110   740.062   -68.15   42.57
-320219.899   744.916    12.90   54.36
-319843.702   754.797    26.27   60.88
-319467.518   752.434    -6.28   58.32
-319091.347   727.842   -65.39   54.29
-318715.190   723.207   -12.33   45.98
-318339.046   753.062    79.39   67.05
-317962.916   797.747   118.83   79.12
-317586.799   842.964   120.25   64.44
-317210.695   862.981    53.23   51.25
-316834.605   865.315     6.21   36.91
-316458.528   852.005   -35.40   34.42
-316082.465   828.272   -63.13   27.72
-315706.415   815.672   -33.51   25.32
-315330.378   807.722   -21.15   26.39
-314954.355   796.624   -29.52   27.20
-314578.345   787.184   -25.11   27.90
-314202.348   774.815   -32.91   25.61
-313826.365   755.722   -50.79   33.03
-313450.395   728.330   -72.87   35.09
-313074.439   711.160   -45.68   32.90
-312698.495   695.916   -40.56   35.44
-312322.565   699.403     9.28   47.81
-311946.649   704.747    14.22   49.54
-311570.746   709.145    11.70   47.04
-311194.856   713.785    12.35   33.87
-310818.979   710.031    -9.99   26.60
-310443.116   692.481   -46.70   31.08
-310067.266   667.769   -65.77   29.01
-309691.430   652.338   -41.07   27.89
-309315.606   639.990   -32.86   26.79
-308939.796   632.595   -19.68   26.80
-308564.000   626.306   -16.74   24.73
-308188.217   619.886   -17.09   23.30
-307812.447   628.233    22.22   19.91
-307436.690   631.354     8.31   18.76
-307060.946   633.777     6.45   17.84
-306685.216   624.267   -25.32   22.26
-306309.499   598.928   -67.46   28.68
-305933.796   581.529   -46.32   32.72
-305558.106   569.934   -30.87   30.63
-305182.429   565.595   -11.55   31.49
-304806.765   570.148    12.12   31.06
-304431.115   575.547    14.38   24.65
-304055.477   577.410     4.96   15.58
-303679.853   567.720   -25.80   20.26
-303304.243   555.964   -31.31   24.85
-302928.645   543.330   -33.65   23.37
-302553.061   532.745   -28.19   22.78
-302177.491   520.818   -31.76   25.93
-301801.933   503.124   -47.12   24.31
-301426.389   493.076   -26.76   20.05
-301050.857   491.090    -5.29   15.67
-300675.340   490.886    -0.54   15.13
-300299.835   501.267    27.65   18.90
-299924.344   511.672    27.72   22.91
-299548.865   518.672    18.65   22.95
-299173.400   533.647    39.89   18.36
-298797.949   542.720    24.17   19.68
-298422.510   547.964    13.97   19.45
-298047.085   551.964    10.66   16.78
-297671.673   552.281     0.84   15.29
-297296.274   545.082   -19.18   21.61
-296920.888   526.862   -48.55   27.67
-296545.516   503.184   -63.09   29.54
-296170.157   478.100   -66.84   28.88
-295794.811   455.477   -60.29   29.61
-295419.478   440.698   -39.38   24.32
-295044.158   434.331   -16.97   22.47
-294668.852   426.322   -21.34   23.27
-294293.559   430.672    11.59   26.95
-293918.279   437.940    19.37   21.79
-293543.012   438.518     1.54   17.22
-293167.758   431.967   -17.46   21.63
-292792.518   423.723   -21.98   25.46
-292417.290   415.720   -21.33   27.63
-292042.076   409.281   -17.16   28.55
-291666.875   406.160    -8.32   27.73
-291291.687   391.354   -39.47   33.32
-290916.512   373.672   -47.14   35.89
-290541.351   358.886   -39.42   34.22
-290166.202   343.624   -40.69   27.58
-289791.067   336.135   -19.97   23.22
-289415.945   339.355     8.58   23.45
-289040.836   339.749     1.05   25.19
-288665.740   340.315     1.51   25.84
-288290.658   337.964    -6.27   23.58
-287915.588   328.386   -25.54   19.86
-287540.532   324.745    -9.71   16.63
-287165.488   326.362     4.31   20.20
-286790.458   326.372     0.03   23.10
-286415.441   329.477     8.28   25.44
-286040.437   326.623    -7.61   22.39
-285665.446   331.719    13.59   22.63
-285290.468   335.722    10.68   25.40
-284915.504   341.291    14.86   22.74
-284540.552   339.086    -5.88   25.18
-284165.614   330.934   -21.75   33.48
-283790.689   314.672   -43.38   33.17
-283415.776   303.184   -30.65   33.72
-283040.877   295.172   -21.38   32.46
-282665.991   289.647   -14.74   28.81
-282291.118   281.452   -21.87   26.58
-281916.258   275.196   -16.69   25.34
-281541.412   271.529    -9.78   23.28
-281166.578   263.909   -20.33   18.58
-280791.757   260.990    -7.79   18.70
-280416.950   258.281    -7.23   18.54
-280042.155   257.086    -3.19   17.90
-279667.374   267.062    26.62   23.75
-279292.605   278.364    30.16   24.17
-278917.850   288.331    26.60   20.30
-278543.108   295.749    19.80   15.56
-278168.378   292.038    -9.91   22.53
-277793.662   281.062   -29.30   23.08
-277418.959   272.922   -21.73   19.08
-277044.269   267.422   -14.68   15.62
-276669.592   272.119    12.54   18.23
-276294.928   288.550    43.86   27.25
-275920.277   308.600    53.53   31.62
-275545.639   323.160    38.87   28.48
-275171.014   336.769    36.34   28.46
-274796.402   342.272    14.69   31.79
-274421.803   340.172    -5.61   39.10
-274047.217   339.297    -2.34   44.03
-273672.644   330.355   -23.88   38.93
-273298.085   322.623   -20.65   30.70
-272923.538   321.148    -3.94   22.09
-272549.004   326.818    15.14   21.28
-272174.483   338.267    30.58   28.14
-271799.975   354.184    42.51   27.40
-271425.480   370.219    42.83   28.26
-271050.998   381.916    31.24   28.00
-270676.529   390.233    22.21   23.79
-270302.073   396.330    16.29   20.93
-269927.631   394.838    -3.99   21.79
-269553.201   384.047   -28.83   25.33
-269178.784   372.243   -31.53   24.84
-268804.380   359.800   -33.24   20.94
-268429.989   344.815   -40.03   21.81
-268055.610   337.842   -18.63   21.67
-267681.245   337.957     0.31   24.40
-267306.893   340.076     5.66   25.79
-266932.554   337.988    -5.58   32.43
-266558.228   318.649   -51.67   43.90
-266183.914   285.247   -89.25   36.51
-265809.614   264.574   -55.24   21.59
-265433.475   264.791     0.58   22.06
-265056.589   281.082    43.23   35.64
-264679.715   308.944    73.95   44.40
-264302.854   340.749    84.41   35.74
-263926.007   364.447    62.90   26.17
-263549.173   379.013    38.66   17.93
-263172.351   378.390    -1.65   19.17
-262795.543   377.346    -2.77   18.40
-262418.748   375.909    -3.82   13.85
-262041.967   369.397   -17.29   15.87
-261665.198   355.428   -37.08   22.35
-261288.442   343.964   -30.43   21.65
-260911.700   332.910   -29.35   19.68
-260534.970   333.119     0.56   20.41
-260158.254   340.472    19.52   25.38
-259781.550   349.867    24.95   23.79
-259404.860   351.623     4.66   21.41
-259028.183   338.574   -34.65   30.88
-258651.519   327.148   -30.34   26.83
-258274.868   312.547   -38.77   18.96
-257898.230   307.747   -12.75   15.43
-257521.605   314.767    18.64   19.79
-257144.993   322.135    19.57   25.01
-256768.395   335.767    36.20   27.29
-256391.809   353.989    48.40   27.67
-256015.237   369.547    41.32   22.44
-255638.677   379.872    27.42   16.79
-255262.130   380.100     0.61   18.55
-254885.597   371.940   -21.68   24.45
-254509.077   365.794   -16.33   20.66
-254132.569   361.297   -11.95   15.75
-253756.075   356.403   -13.00   18.16
-253379.594   350.723   -15.09   22.86
-253003.125   335.457   -40.56   25.79
-252626.670   327.672   -20.69   20.39
-252250.228   328.196     1.39   21.42
-251873.799   337.922    25.84   26.26
-251497.382   352.198    37.93   24.57
-251120.979   357.230    13.37   21.93
-250744.589   360.306     8.17   18.78
-250368.212   359.940    -0.97   18.73
-249991.848   358.550    -3.69   16.53
-249615.497   359.172     1.65   15.70
-249239.158   366.194    18.66   16.65
-248862.833   373.108    18.37   16.75
-248486.521   381.086    21.21   17.21
-248110.222   389.501    22.37   13.88
-247733.936   396.723    19.20   15.57
-247357.662   406.717    26.57   19.69
-246981.402   415.313    22.85   18.76
-246605.155   419.160    10.23   19.23
-246228.921   423.397    11.26   20.93
-245852.699   425.947     6.78   20.24
-245476.491   423.535    -6.41   20.94
-245100.295   415.540   -21.26   27.29
-244724.113   399.062   -43.81   31.43
-244347.944   377.624   -57.00   25.49
-243971.787   359.477   -48.25   21.37
-243595.643   348.505   -29.17   20.15
-243219.513   337.800   -28.47   17.91
-242843.395   330.062   -20.58   16.97
-242467.290   322.794   -19.33   15.75
-242091.199   311.720   -29.45   15.08
-241715.120   306.428   -14.08   11.78
-241339.054   309.147     7.23   17.61
-240963.001   316.772    20.28   24.18
-240586.961   332.722    42.42   31.08
-240210.933   343.306    28.15   30.94
-239834.919   346.148     7.56   27.77
-239458.918   344.981    -3.10   22.27
-239082.929   337.148   -20.84   18.04
-238706.954   328.047   -24.21   20.07
-238330.991   320.467   -20.17   21.09
-237955.041   307.934   -33.34   20.34
-237579.105   298.477   -25.16   21.12
-237203.181   288.355   -26.93   21.55
-236827.270   280.847   -19.98   16.39
-236451.372   278.038    -7.47   17.99
-236075.486   277.435    -1.60   21.52
-235699.614   283.934    17.29   27.57
-235323.754   287.147     8.55   26.46
-234947.908   290.013     7.63   24.26
-234572.074   291.257     3.31   19.57
-234196.253   293.005     4.65   16.49
-233820.445   285.743   -19.33   17.99
-233444.650   276.928   -23.46   14.51
-233068.868   275.386    -4.10   15.17
-232693.098   275.100    -0.76   16.11
-232317.342   274.247    -2.27   14.91
-231941.598   270.369   -10.32   16.13
-231565.867   260.066   -27.43   18.98
-231190.149   250.481   -25.52   17.75
-230814.444   240.403   -26.83   14.55
-230438.752   237.940    -6.56   13.32
-230063.072   243.981    16.08   18.12
-229687.405   248.082    10.92   18.67
-229311.752   249.362     3.41   15.87
-228936.111   247.897    -3.90   14.84
-228560.482   243.886   -10.68   13.57
-228184.867   248.243    11.60   19.21
-227809.264   260.772    33.36   23.04
-227433.675   273.100    32.83   17.66
-227058.098   277.722    12.31   14.68
-226682.534   275.306    -6.43   13.76
-226306.982   266.184   -24.29   14.48
-225931.444   255.989   -27.15   14.60
-225555.918   242.989   -34.62   15.24
-225180.405   234.355   -23.00   14.37
-224804.905   228.160   -16.50   15.82
-224429.418   222.623   -14.75   17.78
-224053.943   219.347    -8.73   17.50
-223678.481   217.624    -4.59   18.97
-223303.032   215.623    -5.33   19.28
-222927.596   213.600    -5.39   19.49
-222552.173   211.797    -4.80   20.12
-222176.762   205.047   -17.98   18.41
-221801.364   197.672   -19.65   19.79
-221425.979   188.062   -25.60   17.22
-221050.607   177.086   -29.24   16.61
-220675.247   168.481   -22.93   12.91
-220299.900   163.148   -14.21   10.82
-219924.566   164.697     4.13   13.65
-219549.245   171.604    18.40   18.32
-219173.936   184.111    33.33   18.54
-218798.640   189.233    13.65   16.90
-218423.357   185.233   -10.66   19.55
-218048.087   176.882   -22.26   18.28
-217672.829   178.604     4.59   16.40
-217297.584   186.287    20.48   21.45
-216922.352   199.525    35.29   20.09
-216547.132   207.672    21.71   10.56
-216171.926   205.082    -6.90   13.66
-215796.732   197.013   -21.51   14.26
-215421.550   189.751   -19.36   10.58
-215046.382   184.122   -15.01   10.92
-214671.226   186.818     7.19   15.12
-214296.083   196.574    26.01   17.80
-213920.952   203.957    19.69   16.57
-213545.834   214.056    26.93   12.18
-213170.729   215.428     3.66   11.15
-212795.637   210.501   -13.14   12.35
-212420.557   204.428   -16.19   13.73
-212045.490   194.867   -25.50   13.07
-211670.436   186.124   -23.31   11.16
-211295.394   177.135   -23.97   13.67
-210920.365   165.497   -31.04   18.05
-210545.349   153.038   -33.23   19.26
-210170.345   145.086   -21.21   12.99
-209795.354   145.208     0.33   14.29
-209420.376   150.720    14.70   17.70
-209045.410   159.233    22.70   16.10
-208670.457   167.097    20.98   14.52
-208295.517   172.236    13.71   16.28
-207920.589   182.842    28.29   14.70
-207545.674   189.672    18.22    9.68
-207170.771   186.647    -8.07   14.82
-206795.882   178.822   -20.88   16.78
-206421.005   173.093   -15.28   17.00
-206046.140   171.625    -3.92   17.49
-205671.288   167.492   -11.03   19.51
-205296.449   160.576   -18.45   19.48
-204921.622   151.452   -24.35   16.49
-204546.808   147.597   -10.29   14.75
-204172.007   154.990    19.73   18.81
-203797.218   167.645    33.77   22.36
-203422.442   180.100    33.24   23.91
-203047.679   197.434    46.26   24.67
-202672.928   210.525    34.94   24.93
-202298.190   228.672    48.43   25.74
-201923.464   246.697    48.11   24.84
-201548.751   263.076    43.72   18.30
-201174.050   272.257    24.50   13.47
-200799.363   271.767    -1.31   14.83
-200424.687   270.038    -4.62   14.21
-200050.025   267.272    -7.38   13.47
-199675.374   262.372   -13.08   14.08
-199300.737   253.972   -22.42   17.66
-198926.112   244.038   -26.52   16.98
-198551.499   229.362   -39.18   19.20
-198176.900   213.745   -41.70   21.86
-197802.312   204.315   -25.18   17.68
-197427.738   201.135    -8.49   17.33
-197053.176   212.281    29.76   24.58
-196678.626   228.622    43.63   22.84
-196304.089   237.297    23.17   17.68
-195929.565   242.547    14.02   17.14
-195555.053   247.452    13.10   16.29
-195180.553   250.038     6.90   13.52
-194806.067   250.362     0.87   11.69
-194431.592   244.291   -16.22   15.20
-194057.131   237.569   -17.95   14.10
-193682.681   232.444   -13.69   14.09
-193308.245   231.842    -1.61   11.10
-192933.821   234.867     8.08   12.13
-192559.409   236.208     3.58   11.83
-192185.010   236.620     1.10   12.76
-191810.623   234.354    -6.06   16.32
-191436.249   232.056    -6.14   18.38
-191061.888   230.297    -4.70   17.95
-190687.208   222.550   -20.68   18.19
-190310.349   215.222   -19.45   15.57
-189933.503   205.416   -26.02   15.90
-189556.670   194.488   -29.00   15.24
-189179.849   186.047   -22.40   14.93
-188803.041   181.550   -11.94   15.67
-188426.245   179.623    -5.11   17.21
-188049.463   181.379     4.66   20.85
-187672.692   184.119     7.27   22.72
-187295.935   188.597    11.89   20.96
-186919.190   192.772    11.08   16.50
-186542.458   195.647     7.63   12.29
-186165.739   193.696    -5.18   14.75
-185789.032   182.291   -30.28   20.67
-185412.338   164.800   -46.44   20.63
-185035.656   152.364   -33.02   19.74
-184658.987   141.330   -29.30   17.44
-184282.331   133.972   -19.54   15.40
-183905.688   133.172    -2.12   18.85
-183529.057   136.038     7.61   22.52
-183152.438   141.772    15.23   22.08
-182775.833   143.522     4.65   15.66
-182399.239   137.922   -14.87   17.43
-182022.659   131.501   -17.05   19.51
-181646.091   119.794   -31.09   19.50
-181269.536   105.891   -36.92   20.02
-180892.993    89.379   -43.86   24.56
-180516.463    79.749   -25.58   21.34
-180139.946    75.623   -10.96   23.71
-179763.441    72.940    -7.13   26.19
-179386.949    69.981    -7.86   25.54
-179010.469    59.791   -27.07   21.00
-178634.002    52.954   -18.16   15.65
-178257.548    52.308    -1.72   16.57
-177881.106    51.208    -2.92   17.88
-177504.677    57.355    16.33   21.55
-177128.260    59.525     5.77   21.16
-176751.856    57.461    -5.48   18.65
-176375.464    49.467   -21.24   18.97
-175999.085    38.022   -30.41   13.57
-175622.719    31.647   -16.94    7.14
-175246.365    28.838    -7.46    3.38
-174870.024    29.569     1.94    5.09
-174493.695    33.434    10.27    9.61
-174117.379    42.749    24.76   16.21
-173741.075    53.597    28.83   21.28
-173364.784    70.086    43.83   21.13
-172988.506    85.247    40.30   16.65
-172612.240    96.696    30.43   14.31
-172235.986   106.751    26.73   13.50
-171859.745   106.769     0.05   14.17
-171483.517   102.197   -12.16   16.60
-171107.301   100.623    -4.18   14.64
-170731.098   101.257     1.69   13.02
-170354.907   108.769    19.97   13.56
-169978.729   112.313     9.42   11.22
-169602.563   109.697    -6.96   11.69
-169226.410   105.219   -11.90   13.47
-168850.269    99.797   -14.42   10.87
-168474.141   103.957    11.06   13.16
-168098.025   111.697    20.58   13.06
-167721.922   118.902    19.16   13.63
-167345.831   126.922    21.33   13.96
-166969.753   135.122    21.81   16.04
-166593.687   137.623     6.65   15.62
-166217.634   137.550    -0.19   18.34
-165841.593   139.005     3.87   22.02
-165465.565   147.672    23.05   18.25
-165089.549   150.441     7.37   16.51
-164713.545   152.233     4.77   16.90
-164337.555   145.477   -17.97   19.09
-163961.576   135.672   -26.08   20.18
-163585.610   131.838   -10.20   18.16
-163209.657   133.826     5.29   15.52
-162833.716   141.649    20.81   16.92
-162457.787   151.794    26.99   16.50
-162081.871   160.208    22.39   13.42
-161705.968   166.745    17.39   10.67
-161330.077   167.277     1.42   11.23
-160954.198   165.439    -4.89   13.82
-160578.332   166.447     2.68   14.26
-160202.478   168.243     4.78   14.13
-159826.636   172.148    10.39   12.02
-159450.807   171.902    -0.65   11.17
-159074.991   172.219     0.84   12.45
-158699.187   174.774     6.80   10.81
-158323.395   172.891    -5.01   10.51
-157947.616   167.330   -14.80   10.28
-157571.849   160.184   -19.02   12.95
-157196.095   151.257   -23.76   12.35
-156820.353   144.698   -17.46   11.16
-156444.623   138.916   -15.39   11.39
-156068.906   130.547   -22.28   11.93
-155693.201   121.964   -22.85   12.83
-155317.509   117.794   -11.10   11.04
-154941.829   118.315     1.39   12.94
-154566.161   125.572    19.32   17.21
-154190.506   134.697    24.30   14.29
-153814.863   135.622     2.46   13.30
-153439.233   132.574    -8.11   13.71
-153063.615   124.550   -21.37   14.17
-152688.009   119.257   -14.09   16.67
-152312.416   111.210   -21.43   14.53
-151936.835   109.647    -4.16   13.54
-151561.266   110.222     1.53   14.89
-151185.710   113.038     7.50   16.56
-150810.166   112.818    -0.58   15.31
-150434.635   113.934     2.97   14.10
-150059.116   114.767     2.22   13.21
-149683.609   117.236     6.58   14.95
-149308.115   120.149     7.76   16.95
-148932.633   127.233    18.87   19.16
-148557.163   135.122    21.01   19.07
-148181.706   144.599    25.24   17.01
-147806.261   150.382    15.41   12.44
-147430.828   154.694    11.49   14.34
-147055.408   158.647    10.53   14.06
-146680.000   160.897     5.99   12.73
-146304.604   164.076     8.47    9.70
-145929.221   164.338     0.70    8.43
-145553.850   163.434    -2.41    8.41
-145178.491   161.014    -6.45    8.12
-144803.145   161.572     1.49    5.50
-144427.811   161.038    -1.42    5.99
-144052.489   158.306    -7.28    9.53
-143677.179   153.989   -11.50   11.79
-143301.882   146.540   -19.85   15.30
-142926.597   144.772    -4.71   16.59
-142551.325   142.547    -5.93   16.41
-142176.065   138.743   -10.14   14.71
-141800.817   135.347    -9.05   12.55
-141425.581   137.862     6.70   14.64
-141050.358   142.013    11.06   16.96
-140675.146   145.390     9.00   17.23
-140299.948   148.222     7.55   12.13
-139924.761   149.472     3.33   11.40
-139549.587   152.257     7.42   15.72
-139174.425   158.233    15.93   15.39
-138799.275   164.160    15.80   16.70
-138424.138   172.940    23.41   17.77
-138049.012   180.082    19.04   15.17
-137673.899   183.505     9.13   15.78
-137298.799   182.696    -2.16   17.40
-136923.710   178.355   -11.58   18.55
-136548.634   178.428     0.20   18.58
-136173.570   184.461    16.09   17.59
-135798.518   192.694    21.95   15.09
-135423.479   197.672    13.27   12.42
-135048.452   197.772     0.27   11.16
-134673.437   192.720   -13.47   12.11
-134298.434   190.492    -5.94   10.56
-133923.444   188.207    -6.10   10.30
-133548.465   188.031    -0.47    8.59
-133173.499   182.822   -13.89   11.57
-132798.545   168.989   -36.90   15.00
-132423.604   159.038   -26.54   18.46
-132048.674   145.891   -35.07   16.31
-131673.757   137.724   -21.79    9.89
-131298.852   142.347    12.33   14.55
-130923.959   151.872    25.41   19.26
-130549.079   158.184    16.84   16.20
-130174.210   157.599    -1.56   17.00
-129799.354   149.623   -21.28   19.19
-129424.510   137.208   -33.12   15.25
-129049.678   130.147   -18.84   10.44
-128674.859   136.522    17.01   17.28
-128300.051   146.818    27.47   19.76
-127925.256   156.550    25.97   16.86
-127550.473   155.038    -4.04   15.81
-127175.702   145.208   -26.23   17.59
-126800.943   134.964   -27.34   14.18
-126426.197   133.108    -4.96   13.91
-126051.462   139.886    18.09   18.75
-125676.740   148.257    22.34   16.47
-125302.030   149.672     3.78   15.74
-124927.332   141.472   -21.89   17.43
-124552.646   130.882   -28.26   16.97
-124177.972   127.126   -10.03   13.54
-123803.311   127.774     1.73   14.92
-123428.662   134.940    19.13   18.89
-123054.024   147.038    32.29   18.34
-122679.399   154.492    19.90   16.26
-122304.786   161.854    19.65   14.65
-121930.186   165.751    10.40   12.05
-121555.597   164.872    -2.35   11.25
-121181.021   158.910   -15.92   15.29
-120806.456   149.574   -24.93   16.43
-120431.904   137.981   -30.95   15.58
-120057.364   128.928   -24.17   16.88
-119682.836   120.647   -22.11   16.60
-119308.320   113.467   -19.18   16.70
-118933.816   108.233   -13.98   13.46
-118559.324   105.222    -8.04   11.86
-118184.845   101.522    -9.88   10.16
-117810.377    98.355    -8.46    9.27
-117435.922    94.172   -11.17    9.91
-117061.478    90.322   -10.28   10.03
-116687.047    86.047   -11.42   10.39
-116312.628    83.013    -8.10    9.35
-115938.221    82.794    -0.59    8.56
-115562.481    84.397     4.27    9.37
-115185.665    87.272     7.63   10.80
-114808.860    90.251     7.91   10.44
-114432.068    91.338     2.89   12.24
-114055.287    96.428    13.51   15.56
-113678.520   104.062    20.26   15.62
-113301.764   112.372    22.06   17.26
-112925.021   121.040    23.01   19.16
-112548.289   127.581    17.36   18.35
-112171.570   131.672    10.86   12.77
-111794.864   133.477     4.79   10.77
-111418.169   133.940     1.23   14.11
-111041.487   131.800    -5.68   16.96
-110664.817   129.990    -4.81   17.32
-110288.159   126.902    -8.20   14.80
-109911.513   121.472   -14.42   12.83
-109534.880   109.147   -32.73   15.51
-109158.258   100.005   -24.27   14.82
-108781.649    93.230   -17.99   10.45
-108405.052    89.830    -9.03    6.39
-108028.468    93.697    10.27    9.80
-107651.895   102.696    23.90   14.68
-107275.335   113.818    29.54   18.65
-106898.787   126.403    33.43   16.60
-106522.251   134.856    22.45   14.96
-106145.727   140.147    14.05   13.70
-105769.215   148.797    22.98   14.86
-105392.716   155.842    18.72   11.80
-105016.228   156.916     2.85   10.46
-104639.753   153.233    -9.78   11.76
-104263.290   149.492    -9.94   12.79
-103886.840   148.185    -3.47   15.68
-103510.401   152.160    10.56   15.77
-103133.974   160.772    22.88   13.70
-102757.560   164.403     9.65   12.84
-102381.158   159.872   -12.04   14.07
-102004.768   151.040   -23.47   18.78
-101628.390   144.222   -18.12   13.93
-101252.024   144.397     0.47   13.08
-100875.670   150.867    17.19   14.16
-100499.329   159.403    22.68   12.05
-100122.999   164.472    13.47    9.52
 -99746.682   164.624     0.40    9.53
 -99370.377   158.928   -15.14   15.07
 -98994.084   150.842   -21.49   15.15
 -98617.803   147.550    -8.75   12.41
 -98241.534   151.428    10.31   13.77
 -97865.277   158.957    20.01   13.97
 -97489.033   164.066    13.58   12.64
 -97112.800   167.951    10.33   13.90
 -96736.580   171.372     9.09   13.95
 -96360.371   178.160    18.04   16.38
 -95984.175   184.486    16.82   15.89
 -95607.991   187.224     7.28   13.43
 -95231.819   185.624    -4.25   12.73
 -94855.659   181.322   -11.44   14.21
 -94479.511   176.600   -12.55   15.19
 -94103.375   170.403   -16.48   12.40
 -93727.252   166.723    -9.79   12.94
 -93351.140   162.434   -11.41   12.63
 -92975.040   155.997   -17.12   13.05
 -92598.953   146.981   -23.97   14.83
 -92222.877   138.797   -21.76   13.84
 -91846.814   133.597   -13.83   13.51
 -91470.763   130.147    -9.17   13.61
 -91094.723   128.672    -3.92   15.83
 -90718.696   127.306    -3.63   16.40
 -90342.681   129.867     6.81   17.34
 -89966.678   128.648    -3.24   16.43
 -89590.687   132.897    11.30   16.02
 -89214.708   134.574     4.46   15.76
 -88838.741   134.569    -0.01   14.28
 -88462.786   139.818    13.96   14.71
 -88086.843   145.147    14.18   16.95
 -87710.912   154.208    24.11   12.53
 -87334.993   159.472    14.00    9.06
 -86959.086   158.247    -3.26   10.26
 -86583.191   154.724    -9.37   11.44
 -86207.309   148.934   -15.41   12.52
 -85831.438   142.422   -17.33   14.08
 -85455.579   138.672    -9.98   15.28
 -85079.732   130.747   -21.09   15.28
 -84703.897   128.620    -5.66   16.46
 -84328.075   125.648    -7.91   17.27
 -83952.264   126.005     0.95   17.99
 -83576.465   126.940     2.49   15.85
 -83200.678   122.197   -12.62   12.46
 -82824.903   119.997    -5.85   13.38
 -82449.141   112.263   -20.58   15.33
 -82073.390   104.593   -20.41   15.72
 -81697.651    98.647   -15.82   17.77
 -81321.924    90.257   -22.33   18.02
 -80946.209    84.038   -16.55   17.12
 -80570.506    77.928   -16.26   13.63
 -80194.815    74.261    -9.76   12.05
 -79819.136    69.720   -12.09   10.14
 -79443.469    69.576    -0.38   10.31
 -79067.814    69.794     0.58   12.35
 -78692.171    70.257     1.23   14.07
 -78316.540    68.772    -3.95   13.26
 -77940.921    68.022    -2.00   13.08
 -77565.313    66.595    -3.80   11.83
 -77189.718    63.574    -8.04   10.47
 -76814.135    62.135    -3.83   10.76
 -76438.563    61.472    -1.77   10.90
 -76063.004    61.457    -0.04   11.53
 -75687.456    63.185     4.60   13.44
 -75311.920    59.022   -11.09   10.92
 -74936.397    58.108    -2.43   11.21
 -74560.885    57.745    -0.97   10.46
 -74185.385    57.306    -1.17   10.01
 -73809.897    58.379     2.86   11.27
 -73434.421    58.522     0.38   10.77
 -73058.957    59.935     3.76   12.83
 -72683.505    61.765     4.87   14.86
 -72308.064    61.233    -1.42   13.97
 -71932.636    60.047    -3.16   13.16
 -71557.220    59.247    -2.13   10.88
 -71181.815    63.595    11.58   11.86
 -70806.422    71.876    22.06   12.73
 -70431.042    82.749    28.97   10.58
 -70055.673    89.257    17.34   10.67
 -69680.316    90.722     3.90    9.39
 -69304.970    91.622     2.40   10.05
 -68929.637    89.555    -5.51   11.26
 -68554.316    87.224    -6.21   10.77
 -68179.006    87.572     0.93   10.27
 -67803.709    87.842     0.72   10.23
 -67428.423    86.452    -3.70    8.07
 -67053.149    81.745   -12.54    8.22
 -66677.887    77.697   -10.79   10.52
 -66302.637    71.922   -15.39    9.75
 -65927.398    64.372   -20.12    8.43
 -65552.172    58.208   -16.43   11.32
 -65176.957    50.847   -19.62   12.60
 -64801.755    43.647   -19.19   13.25
 -64426.564    37.550   -16.25   10.98
 -64051.385    35.997    -4.14   10.38
 -63676.217    34.497    -4.00    9.38
 -63301.062    34.672     0.47    9.69
 -62925.918    34.769     0.26   11.19
 -62550.787    33.086    -4.49    9.99
 -62175.667    32.529    -1.49    8.80
 -61800.559    33.769     3.31    9.40
 -61425.462    37.159     9.04   10.70
 -61050.378    41.486    11.54   12.87
 -60675.305    43.428     5.18   12.75
 -60300.244    44.572     3.05   12.14
 -59925.195    47.574     8.01   10.62
 -59550.158    51.082     9.35   11.60
 -59175.133    57.513    17.15   12.13
 -58800.119    63.749    16.63   11.94
 -58425.118    67.097     8.93   11.17
 -58050.128    69.047     5.20   11.73
 -57675.149    65.108   -10.51   13.66
 -57300.183    57.791   -19.51   13.58
 -56925.228    49.303   -22.64   10.30
 -56550.285    41.172   -21.69   12.35
 -56175.354    33.281   -21.05   13.63
 -55800.435    26.916   -16.98   13.43
 -55425.528    20.940   -15.94   10.79
 -55050.632    18.133    -7.49    7.87
 -54675.748    14.236   -10.40    6.04
 -54300.876    12.247    -5.31    6.53
 -53926.015    11.529    -1.92    5.92
 -53551.167    10.338    -3.18    3.55
 -53176.330    10.233    -0.28    2.84
 -52801.505    11.452     3.25    3.21
 -52426.691    13.902     6.54    5.20
 -52051.890    17.697    10.12    8.72
 -51677.100    24.572    18.34   11.20
 -51302.321    31.989    19.79   12.13
 -50927.555    39.720    20.63   11.31
 -50552.800    46.005    16.77    9.52
 -50178.057    51.257    14.02    7.75
 -49803.326    56.014    12.69    7.64
 -49428.607    62.444    17.16    9.75
 -49053.899    70.281    20.92    9.93
 -48679.203    76.872    17.59    9.81
 -48304.519    79.672     7.47    9.15
 -47929.846    79.902     0.62    9.80
 -47555.185    76.207    -9.86   11.04
 -47180.536    71.749   -11.90    9.76
 -46805.899    70.897    -2.27    7.78
 -46431.273    72.281     3.70    6.27
 -46056.659    72.722     1.18    6.16
 -45682.056    72.076    -1.72    7.67
 -45307.466    69.777    -6.14    9.26
 -44932.887    69.497    -0.75    8.69
 -44558.320    67.397    -5.61    8.97
 -44183.764    65.281    -5.65   10.11
 -43809.220    65.574     0.78   10.11
 -43434.688    64.550    -2.74    9.35
 -43060.167    65.646     2.93    8.47
 -42685.659    71.313    15.13    9.24
 -42311.161    75.272    10.57    9.59
 -41936.676    78.794     9.41    8.83
 -41562.202    81.794     8.01    8.34
 -41187.740    86.891    13.61    9.33
 -40813.289    93.297    17.11    9.45
 -40436.570    97.989    12.46    8.32
 -40059.792   100.261     6.03    7.71
 -39683.026    98.647    -4.28   10.06
 -39306.272    94.208   -11.78    9.97
 -38929.530    88.842   -14.24   10.13
 -38552.800    81.838   -18.59   10.37
 -38176.081    75.364   -17.19    9.63
 -37799.374    70.881   -11.90    7.64
 -37422.679    68.379    -6.64    6.79
 -37045.996    66.947    -3.80    7.80
 -36669.325    68.029     2.87    9.87
 -36292.665    67.093    -2.49   10.13
 -35916.017    66.076    -2.70    8.97
 -35539.381    66.372     0.78    7.67
 -35162.757    64.330    -5.42    8.26
 -34786.144    66.053     4.57    8.83
 -34409.543    64.697    -3.60    9.69
 -34032.954    63.124    -4.18   10.74
 -33656.377    62.261    -2.29   11.89
 -33279.811    57.452   -12.77   12.92
 -32903.258    53.745    -9.85   13.29
 -32526.716    51.210    -6.73   11.94
 -32150.185    46.989   -11.21   10.92
 -31773.667    43.619    -8.95    9.20
 -31397.160    40.452    -8.41    8.46
 -31020.665    38.477    -5.25    7.64
 -30644.182    36.172    -6.12    7.02
 -30267.710    31.397   -12.68    8.71
 -29891.251    26.877   -12.01    7.78
 -29514.802    24.233    -7.02    7.12
 -29138.366    26.818     6.87   10.40
 -28761.942    31.979    13.71   12.77
 -28385.529    41.281    24.71   12.45
 -28009.127    49.097    20.76   11.05
 -27632.738    57.774    23.06    9.50
 -27256.360    64.544    17.99    8.66
 -26879.994    69.745    13.82    7.66
 -26503.640    72.550     7.45    8.13
 -26127.297    73.745     3.18    9.63
 -25750.966    74.522     2.06   10.96
 -25374.647    77.066     6.76   10.08
 -24998.340    78.672     4.27    9.04
 -24622.044    81.452     7.39    8.62
 -24245.760    86.747    14.07    9.40
 -23869.487    93.647    18.34    8.28
 -23493.227    95.540     5.03    6.94
 -23116.977    93.604    -5.15    6.61
 -22740.740    89.467   -11.00    6.69
 -22364.514    84.597   -12.94    6.91
 -21988.300    78.379   -16.53    6.86
 -21612.098    72.851   -14.69    7.20
 -21235.907    67.576   -14.02    6.63
 -20859.728    61.236   -16.86    6.46
 -20483.561    56.222   -13.33    6.59
 -20107.405    49.525   -17.80    8.72
 -19731.261    44.372   -13.70    8.61
 -19355.129    42.135    -5.95    7.49
 -18979.008    43.330     3.18    9.60
 -18602.899    50.647    19.45   12.36
 -18226.801    61.397    28.58   11.63
 -17850.715    70.574    24.40   13.34
 -17474.641    83.072    33.23   15.92
 -17098.579    91.818    23.26   14.29
 -16722.528   101.623    26.07   11.87
 -16346.488   108.720    18.87    7.97
 -15970.461   109.597     2.33    6.34
 -15594.445   107.053    -6.77    9.29
 -15218.440   103.047   -10.65   11.76
 -14842.447    99.355    -9.82   12.07
 -14466.466    94.569   -12.73   11.17
 -14090.497    96.647     5.53    7.47
 -13714.539    95.622    -2.73    6.81
 -13338.592    94.372    -3.32    6.01
 -12962.658    92.347    -5.39    6.31
 -12586.734    90.031    -6.16    6.91
 -12210.823    89.457    -1.52    6.60
 -11834.923    90.159     1.87    5.47
 -11459.035    89.719    -1.17    6.10
 -11083.158    83.972   -15.29   11.25
 -10707.293    77.122   -18.22   12.17
 -10331.439    72.928   -11.16   10.96
  -9955.597    71.277    -4.39    9.64
  -9579.766    69.647    -4.34    9.74
  -9203.948    63.497   -16.37   13.78
  -8828.140    53.550   -26.47   15.64
  -8452.344    39.718   -36.81   14.84
  -8076.560    28.145   -30.80   10.71
  -7700.788    21.647   -17.29    7.56
  -7325.027    16.838   -12.80    2.84
  -6949.277    15.599    -3.30    1.57
  -6573.539    15.550    -0.13    1.69
  -6197.813    15.210    -0.90    1.57
  -5822.098    14.947    -0.70    1.72
  -5446.395    14.902    -0.12    1.83
  -5070.703    14.062    -2.24    1.79
  -4695.023    13.997    -0.17    1.77
  -4319.354    13.872    -0.33    1.77
  -3943.697    13.452    -1.12    1.68
  -3568.051    13.441    -0.03    1.84
  -3192.417    12.772    -1.78    1.89
  -2816.795    11.922    -2.26    1.90
  -2441.184    11.097    -2.20    2.62
  -2065.584     9.086    -5.35    3.09
  -1689.996     7.291    -4.78    2.96
  -1314.420     4.696    -6.91    4.10
   -938.855     2.082    -6.96    4.74
   -563.301    -0.259    -6.23    4.69
   -187.759    -1.670    -3.76    4.74
    187.771     1.891     9.48    8.84
    563.290     8.867    18.58   10.48
    938.797    13.961    13.57    8.30
   1314.293    17.393     9.14    3.61
   1689.778    18.122     1.94    3.71
   2065.251    17.522    -1.60    4.64
   2440.712    17.964     1.18    5.23
   2816.162    17.902    -0.16    4.69
   3191.601    16.291    -4.29    4.14
   3567.028    15.902    -1.03    3.55
   3942.443    15.847    -0.15    3.25
   4317.848    16.072     0.60    3.36
   4693.240    18.379     6.15    4.70
   5068.621    21.842     9.23    6.49
   5443.991    27.461    14.97    7.62
   5819.349    31.647    11.15    8.05
   6194.696    36.422    12.72    7.66
   6570.031    38.957     6.76    7.50
   6945.355    38.547    -1.09    8.68
   7320.668    38.243    -0.81    9.45
   7695.969    37.979    -0.70    8.49
   8071.258    40.540     6.82    9.90
   8446.536    46.547    16.01   13.47
   8821.803    54.897    22.25   14.95
   9197.058    62.022    18.99   13.00
   9572.302    68.379    16.94   10.26
   9947.534    73.145    12.70    7.32
  10322.755    75.553     6.42    8.02
  10697.965    77.697     5.72    9.51
  11073.163    78.403     1.88   11.46
  11448.349    79.576     3.13   10.78
  11823.525    79.447    -0.35    8.67
  12198.689    82.172     7.26    7.53
  12573.841    85.172     8.00    7.84
  12948.982    91.306    16.35    9.94
  13324.112    99.472    21.77   10.92
  13699.230   106.989    20.04   11.76
  14074.337   117.811    28.85   12.87
  14449.432   127.287    25.26   12.76
  14824.516   137.257    26.58   11.51
  15199.589   145.954    23.19    6.87
  15574.650   149.842    10.37    4.28
  15949.700   152.062     5.92    2.27
  16324.738   152.347     0.76    2.60
  16699.765   149.522    -7.53    5.46
  17074.781   144.303   -13.92    8.29
  17449.786   134.672   -25.68   12.20
  17824.779   124.428   -27.32   12.77
  18199.760   116.847   -20.22   12.54
  18574.730   109.696   -19.07   10.39
  18949.689   106.522    -8.47    9.82
  19324.637   102.902    -9.65    9.10
  19699.573    97.826   -13.54    9.67
  20074.498    92.111   -15.24   10.71
  20449.411    83.184   -23.81   11.19
  20824.314    75.745   -19.84   10.23
  21199.204    66.947   -23.47   10.32
  21574.084    59.935   -18.70    8.45
  21948.952    57.624    -6.16    6.43
  22323.809    57.492    -0.35    6.41
  22698.654    60.769     8.74    8.29
  23073.488    66.122    14.28    7.51
  23448.311    70.287    11.11    7.60
  23823.123    74.058    10.06    7.22
  24197.923    77.488     9.15    7.50
  24572.712    81.097     9.63    8.65
  24947.489    85.897    12.81    9.73
  25322.255    89.233     8.90    9.43
  25697.010    92.330     8.27    8.74
  26071.754    94.954     7.00    8.14
  26446.486    96.372     3.78    7.19
  26821.207    99.599     8.61    7.59
  27195.917   102.940     8.92    7.58
  27570.615   107.322    11.69    7.00
  27945.302   111.522    11.21    6.62
  28319.978   116.233    12.57    6.23
  28694.642   120.622    11.71    6.11
  29069.296   124.247     9.68    6.61
  29443.937   128.622    11.68    7.28
  29818.568   132.422    10.14    6.67
  30193.188   133.477     2.82    6.16
  30567.796   131.219    -6.03    8.47
  30942.392   128.477    -7.32   10.34
  31316.978   128.172    -0.81   13.81
  31691.552   134.811    17.73   17.58
  32066.115   143.891    24.24   14.81
  32440.667   145.544     4.41   13.49
  32815.208   140.989   -12.16   14.07
  33189.737   136.749   -11.32   11.51
  33564.255   131.553   -13.87    8.80
  33938.762   125.518   -16.11    7.54
  34314.134   119.122   -17.04   10.01
  34690.891   108.745   -27.54   11.04
  35067.637    97.697   -29.32   12.23
  35444.371    88.481   -24.46   11.02
  35821.094    82.803   -15.07    6.73
  36197.805    83.397     1.58    7.20
  36574.505    88.522    13.60    7.66
  36951.194    91.794     8.69    6.82
  37327.871    96.597    12.75    8.39
  37704.537   102.382    15.36    9.91
  38081.192   109.697    19.42   10.14
  38457.835   116.397    17.79    9.18
  38834.467   119.672     8.70    8.40
  39211.088   123.397     9.89    8.88
  39587.697   128.347    13.14   10.84
  39964.295   133.082    12.57   10.93
  40340.881   135.313     5.92    8.35
  40717.457   133.547    -4.69    8.39
  41094.021   127.696   -15.54    9.64
  41470.573   120.947   -17.92    6.94
  41847.114   115.197   -15.27    6.16
  42223.644   110.461   -12.58    6.59
  42600.163   104.452   -15.96    9.49
  42976.670    96.672   -20.66   10.87
  43353.166    91.745   -13.09    9.75
  43729.650    87.747   -10.62    8.68
  44106.123    85.172    -6.84    8.38
  44482.585    87.579     6.39    9.42
  44859.036    92.364    12.71    9.75
  45235.475    97.447    13.50    9.19
  45611.903   102.097    12.35    7.40
  45988.320   102.697     1.60    7.41
  46364.725   103.376     1.80    8.40
  46741.119   106.877     9.30    9.54
  47117.502   112.272    14.33    9.45
  47493.874   117.322    13.42    6.29
  47870.234   118.492     3.11    4.96
  48246.583   115.124    -8.95    6.63
  48622.920   108.882   -16.59    8.77
  48999.247   100.672   -21.82   11.38
  49375.562    89.747   -29.03   12.26
  49751.866    79.452   -27.36   12.53
  50128.158    67.972   -30.51   12.41
  50504.439    56.023   -31.75   11.95
  50880.709    47.031   -23.90   10.77
  51256.968    40.447   -17.50    5.73
  51633.216    41.599     3.06    6.79
  52009.452    48.272    17.74   11.58
  52385.677    54.867    17.53   12.22
  52761.890    63.595    23.20   12.30
  53138.093    68.800    13.84   12.72
  53514.284    69.897     2.92   12.11
  53890.464    73.403     9.32   12.03
  54266.633    74.872     3.90   11.62
  54642.790    77.472     6.91   11.31
  55018.937    81.461    10.61   10.88
  55395.072    84.981     9.36   12.13
  55771.195    91.447    17.19   12.18
  56147.308    97.501    16.10    9.89
  56523.409   106.222    23.19    9.32
  56899.499   113.646    19.74   10.59
  57275.578   120.553    18.36   13.45
  57651.646   128.082    20.02   11.82
  58027.702   132.355    11.36   10.09
  58403.748   135.422     8.16    6.60
  58779.782   134.954    -1.24    5.24
  59155.805   134.602    -0.94    5.90
  59531.816   136.277     4.45    6.45
  59907.817   137.497     3.24    5.95
  60283.806   138.184     1.83    5.63
  60659.784   137.428    -2.01    6.37
  61035.751   133.867    -9.47    7.97
  61411.706   130.514    -8.92    8.34
  61787.651   125.172   -14.21    8.13
  62163.584   119.572   -14.90    7.75
  62539.506   115.550   -10.70    7.55
  62915.417   111.197   -11.58    5.97
  63291.317   108.647    -6.78    4.26
  63667.206   105.646    -7.98    3.01
  64043.083   102.313    -8.87    4.89
  64418.949    96.122   -16.47    9.40
  64794.804    90.047   -16.16    9.68
  65170.648    87.597    -6.52    8.31
  65546.481    88.597     2.66    8.84
  65922.303    91.185     6.89    8.63
  66298.113    93.233     5.45    8.51
  66673.913    95.159     5.13    8.40
  67049.701    96.372     3.23    8.59
  67425.478    96.111    -0.69    8.22
  67801.244    96.544     1.15    7.18
  68176.998   100.624    10.86    8.07
  68552.742   102.954     6.20    7.68
  68928.475   106.086     8.34    5.63
  69304.196   107.947     4.95    3.54
  69679.906   106.597    -3.59    3.99
  70055.605   104.765    -4.88    6.72
  70431.293   102.856    -5.08   10.13
  70806.970   101.355    -4.00   11.58
  71182.636   102.197     2.24   11.04
  71558.291   100.964    -3.28   11.77
  71933.934    96.838   -10.98   15.13
  72309.567    94.056    -7.41   16.24
  72685.188    87.306   -17.97   17.43
  73060.798    79.322   -21.26   19.40
  73436.397    71.135   -21.79   21.12
  73811.985    60.272   -28.92   21.20
  74187.562    53.877   -17.03   18.04
  74563.128    44.397   -25.24   15.99
  74938.683    38.472   -15.78   13.18
  75314.226    35.522    -7.85   10.31
  75689.759    32.774    -7.32    8.03
  76065.281    32.347    -1.14    6.20
  76440.791    32.550     0.54    4.62
  76816.290    32.574     0.06    4.71
  77191.779    33.013     1.17    5.34
  77567.256    32.287    -1.93    6.41
  77942.722    30.791    -3.99    7.13
  78318.177    29.574    -3.24    7.65
  78693.621    28.847    -1.94    8.05
  79069.054    26.572    -6.06    8.16
  79444.476    25.882    -1.84    8.06
  79819.887    24.114    -4.71    6.05
  80195.287    25.147     2.75    6.63
  80570.676    27.047     5.06    7.42
  80946.053    30.306     8.68    7.67
  81321.420    33.492     8.49    7.61
  81696.776    35.719     5.93    7.70
  82072.120    36.877     3.08    7.59
  82447.454    40.197     8.84    8.98
  82822.776    45.597    14.39   12.32
  83198.088    53.772    21.78   15.22
  83573.388    64.997    29.91   16.73
  83948.678    77.144    32.37   15.22
  84323.956    91.247    37.58   18.04
  84699.224   101.547    27.45   14.67
  85074.480   105.403    10.28   10.93
  85449.726   102.672    -7.28   12.48
  85824.960    93.916   -23.33   15.32
  86200.184    82.159   -31.33   14.28
  86575.396    75.777   -17.01   10.19
  86950.597    75.872     0.25    9.91
  87325.788    82.403    17.41   12.56
  87700.967    92.647    27.30   13.99
  88076.136   105.172    33.38   15.07
  88451.293   116.014    28.90   13.72
  88826.440   123.196    19.14   10.45
  89201.575   128.364    13.78    5.15
  89576.699   130.122     4.69    2.93
  89951.813   129.622    -1.33    3.13
  90326.916   128.851    -2.05    3.93
  90702.007   125.741    -8.29    5.63
  91077.088   121.236   -12.01    7.81
  91452.157   114.997   -16.63   10.72
  91827.216   104.747   -27.33   12.86
  92202.264    95.477   -24.72   13.74
  92577.301    82.881   -33.58   13.82
  92952.326    71.514   -30.31   12.67
  93327.341    63.597   -21.11   10.42
  93702.345    56.322   -19.40    6.49
  94077.338    51.452   -12.98    6.09
  94452.320    47.599   -10.28    6.70
  94827.291    47.108    -1.31    7.25
  95202.251    50.122     8.04   10.12
  95577.200    56.647    17.40   11.39
  95952.139    64.997    22.27    9.90
  96327.066    73.338    22.25   10.13
  96701.982    82.772    25.16   11.74
  97076.888    92.867    26.93   12.86
  97451.782   103.647    28.75   12.24
  97826.666   108.745    13.60    9.44
  98201.539   110.364     4.32    8.64
  98576.401   107.086    -8.74   11.72
  98951.251   100.916   -16.46   11.41
  99326.091    96.072   -12.92   11.62
  99700.921    87.208   -23.64   13.01
 100075.739    78.040   -24.46   14.11
 100450.546    68.219   -26.20   13.30
 100825.342    56.647   -30.88   10.24
 101200.128    51.550   -13.60    6.85
 101574.902    52.029     1.28    8.10
 101949.666    57.133    13.62   11.96
 102324.419    67.291    27.10   14.54
 102699.161    77.338    26.81   13.58
 103073.892    85.047    20.57   12.75
 103448.612    90.497    14.54   13.10
 103823.321    96.172    15.14   12.77
 104198.020    97.922     4.67   10.90
 104572.707    99.303     3.69    7.99
 104947.384    94.518   -12.77   10.46
 105322.050    85.989   -22.76   10.01
 105696.705    79.697   -16.79    9.54
 106071.349    70.891   -23.50   10.81
 106445.982    63.572   -19.54   10.98
 106820.605    57.722   -15.61    7.59
 107195.216    55.698    -5.40    5.35
 107569.817    57.867     5.79    7.04
 107944.407    62.922    13.49    8.12
 108318.986    67.623    12.55    9.46
 108693.554    75.297    20.49   10.71
 109068.111    82.364    18.87   11.12
 109444.406    90.648    22.01    8.77
 109821.122    94.467    10.14    5.63
 110197.826    93.160    -3.47    7.26
 110574.520    89.272   -10.32    8.66
 110951.202    86.979    -6.09    8.38
 111327.874    86.160    -2.17    8.87
 111704.534    85.909    -0.67    8.57
 112081.184    85.572    -0.89    8.38
 112457.823    85.247    -0.86    8.73
 112834.451    87.599     6.24    8.79
 113211.067    95.257    20.33   13.20
 113587.673   106.172    28.98   13.80
 113964.268   114.747    22.77   12.08
 114340.852   119.097    11.55    6.85
 114717.425   115.257   -10.20    9.59
 115093.987   106.397   -23.53   12.92
 115470.539   100.172   -16.53   10.11
 115847.079    99.826    -0.92   10.52
 116223.608   103.208     8.98   11.51
 116600.127   106.872     9.73   10.94
 116976.634   107.397     1.39   11.53
 117353.131   104.372    -8.03   12.50
 117729.617   101.159    -8.53   13.02
 118106.092    97.861    -8.76   12.50
 118482.556    90.972   -18.30    9.69
 118859.009    90.038    -2.48    8.02
 119235.451    93.397     8.92   11.12
 119611.882   101.522    21.58   14.63
 119988.302   110.145    22.91   13.53
 120364.712   115.553    14.36   13.29
 120741.110   118.261     7.20   11.66
 121117.498   121.322     8.13   10.74
 121493.875   130.172    23.51   17.84
 121870.241   140.774    28.17   18.94
 122246.596   152.149    30.22   14.57
 122622.940   159.851    20.46    5.03
 122999.273   159.797    -0.14    5.20
 123375.596   154.372   -14.41    9.63
 123751.907   146.774   -20.19   12.56
 124128.208   134.957   -31.40   16.20
 124504.498   120.409   -38.66   16.60
 124880.777   105.822   -38.76   18.70
 125257.045    90.597   -40.46   14.94
 125633.303    80.355   -27.22   10.92
 126009.549    75.222   -13.64    4.90
 126385.785    77.645     6.44    8.18
 126762.009    84.851    19.15   12.54
 127138.223    96.772    31.68   13.15
 127514.426   104.097    19.47   11.92
 127890.619   112.097    21.26   11.78
 128266.800   115.894    10.09   10.89
 128642.971   119.889    10.62    9.84
