# NaN NaN NaN ;Mean Elev.(m), Avg Gradient(m/km), RMS Gradient(m/km) - SRTM1     
#    3.477  -1.641  10.724 ;Mean Elev.(m), Avg Gradient(m/km), RMS Gradient(m/km) - ASTER GDEM
#   17.996  -1.573   8.725 ;Mean Elev.(m), Avg Gradient(m/km), RMS Gradient(m/km) - GMTED2010 
  7    18.111 52444.09789972 43.92 299.983991 -31.255960 20.591
  7    18.103 52444.09790036 47.10 299.983091 -31.252680 20.591
  7    18.180 52444.09790101 46.58 299.982181 -31.249400 20.591
  7    17.940 52444.09790165 45.83 299.981281 -31.246130 20.591
  7    17.316 52444.09790230 43.01 299.980371 -31.242850 20.591
  8   318.247 52479.09789432 45.79 299.987218 -31.250279 21.964
  8   319.003 52479.09789497 41.95 299.986318 -31.246999 21.964
  8   319.063 52479.09789561 39.97 299.985408 -31.243729 21.964
  8   319.242 52479.09789626 48.42 299.984508 -31.240449 21.964
  8   318.664 52479.09789690 40.49 299.983598 -31.237169 21.964
  9    30.466 52514.09784043 10.71 299.995311 -31.244621 21.531
  9    17.711 52514.09784108 12.75 299.994401 -31.241341 21.531
  9    17.756 52514.09784172 25.73 299.993501 -31.238071 21.531
  9    16.684 52514.09784237 33.39 299.992591 -31.234791 21.531
  9    17.669 52514.09784301 28.79 299.991691 -31.231511 21.531
 10    30.246 52549.09788442 14.31 299.991302 -31.245539 14.370
 10    17.750 52549.09788507 16.08 299.990402 -31.242269 14.370
 10    17.762 52549.09788571 28.93 299.989492 -31.238989 14.370
 10    17.783 52549.09788636 26.85 299.988592 -31.235709 14.370
 10    17.522 52549.09788700 31.66 299.987682 -31.232439 14.370
 11    15.985 52584.09787530 45.01 299.995370 -31.242434 17.192
 11    16.192 52584.09787595 35.04 299.994470 -31.239154 17.192
 11    17.366 52584.09787659 29.62 299.993560 -31.235884 17.192
 12    18.469 52619.09785084 45.65 299.986704 -31.251618 14.869
 12    18.440 52619.09785148 47.51 299.985804 -31.248338 14.869
 12    18.465 52619.09785213 45.00 299.984894 -31.245068 14.869
 12    18.383 52619.09785277 47.01 299.983994 -31.241788 14.869
 12    17.796 52619.09785341 43.38 299.983084 -31.238508 14.869
 13    18.156 52654.09783434 44.31 299.999366 -31.240687 24.264
 13    17.994 52654.09783498 48.60 299.998466 -31.237407 24.264
 14    17.924 52689.09782959 18.55 299.989855 -31.250506 11.781
 14    17.802 52689.09783023 20.08 299.988945 -31.247226 11.781
 14    18.139 52689.09783088 21.59 299.988042 -31.243948 29.694
 14    18.459 52689.09783152 28.31 299.987142 -31.240668 29.694
 14    17.408 52689.09783217 28.15 299.986232 -31.237398 29.694
 14    18.075 52689.09783281 29.09 299.985332 -31.234118 29.694
 15    55.806 52724.09787558  8.28 299.992392 -31.246014  9.444
 15    55.315 52724.09787622  4.00 299.991490 -31.242735 22.146
 15    21.153 52724.09787687 10.81 299.990580 -31.239455 22.146
 15    35.616 52724.09787751 19.35 299.989680 -31.236185 22.146
 15    20.666 52724.09787816 27.24 299.988770 -31.232905 22.146
 16    65.517 52759.09789341  9.72 299.980186 -31.256710  8.685
 16    64.731 52759.09789406  8.93 299.979276 -31.253430  8.685
 16    63.295 52759.09789470  8.51 299.978376 -31.250160  8.685
 16    39.543 52759.09789535 15.66 299.977466 -31.246880  8.685
 17    16.883 52794.09785027 43.45 299.997717 -31.242831 13.003
 17    16.497 52794.09785092 42.36 299.996807 -31.239551 13.003
 17    16.457 52794.09785156 33.02 299.995907 -31.236281 13.003
 17    17.436 52794.09785221 27.38 299.994997 -31.233001 13.003
 17    18.115 52794.09785285 26.56 299.994097 -31.229721 13.003
 18    52.479 52829.09791783 11.52 299.998880 -31.240903 13.040
 18    16.848 52829.09791847 13.65 299.997970 -31.237623 13.040
 18    16.886 52829.09791912 17.55 299.997070 -31.234343 13.040
 18    16.672 52829.09791976 22.46 299.996160 -31.231073 13.040
 18    16.996 52829.09792041 22.68 299.995260 -31.227793 13.040
 19    15.805 52864.09796259 43.68 299.999139 -31.240218 16.766
 19    15.217 52864.09796324 40.20 299.998229 -31.236938 16.766
 19    15.981 52864.09796388 27.63 299.997329 -31.233658 16.766
 19    15.772 52864.09796452 23.21 299.996419 -31.230388 16.766
 19    17.350 52864.09796517 21.72 299.995519 -31.227108 16.766
 20    16.639 52899.09799006 28.51 299.989680 -31.250795 13.617
 20    15.673 52899.09799071 27.14 299.988780 -31.247515 13.617
 20    16.014 52899.09799135 23.71 299.987870 -31.244245 13.617
 20    16.443 52899.09799200 26.63 299.986970 -31.240965 13.617
 20    15.462 52899.09799264 31.60 299.986060 -31.237685 13.617
 20    16.308 52899.09799329 25.18 299.985160 -31.234415 13.617
 21    16.611 52934.09793422 15.15 299.986502 -31.251227 12.300
 21    16.329 52934.09793487 17.47 299.985602 -31.247957 12.300
 21    16.947 52934.09793551 17.33 299.984692 -31.244677 12.300
 21    16.807 52934.09793616 25.79 299.983792 -31.241397 12.300
 21    16.637 52934.09793680 20.81 299.982882 -31.238127 12.300
 22    16.630 52969.09794794 32.57 299.994111 -31.246350 13.741
 22    16.566 52969.09794859 36.71 299.993211 -31.243070 13.741
 22    16.641 52969.09794923 40.29 299.992301 -31.239800 13.741
 22    15.858 52969.09794988 43.00 299.991401 -31.236520 13.741
 22    16.830 52969.09795052 41.15 299.990497 -31.233243 31.017
 22    16.307 52969.09795117 43.88 299.989587 -31.229963 31.017
 23    18.030 53004.09796683 29.82 299.986068 -31.251588 13.667
 23    18.384 53004.09796748 31.75 299.985158 -31.248308 13.667
 23    18.355 53004.09796812 35.67 299.984258 -31.245028 13.667
 23    18.400 53004.09796877 45.13 299.983348 -31.241758 13.667
 23    17.539 53004.09796941 43.87 299.982448 -31.238478 13.667
 24    63.259 53039.09791624  6.50 299.985423 -31.253243  7.375
 24    60.689 53039.09791688  6.02 299.984513 -31.249963  7.375
 24    38.357 53039.09791881  9.15 299.981803 -31.240133  7.375
 25    15.078 53074.09794668 31.08 299.988568 -31.248148 14.611
 25    16.460 53074.09794732 22.47 299.987668 -31.244868 14.611
 25    16.229 53074.09794797 32.78 299.986758 -31.241588 14.611
 25    15.113 53074.09794861 34.92 299.985858 -31.238318 14.611
 25    16.578 53074.09794925 24.84 299.984948 -31.235038 14.611
 26    15.968 53109.09791699 33.60 299.983707 -31.247779 18.931
 26    15.812 53109.09791763 42.97 299.982807 -31.244499 18.931
 26    15.442 53109.09791828 43.36 299.981897 -31.241229 18.931
 27    15.601 53144.09795753 40.36 299.991603 -31.247307 13.506
 27    15.913 53144.09795817 30.23 299.990693 -31.244027 13.506
 27    17.209 53144.09795882 23.11 299.989783 -31.240757 13.506
 27    17.141 53144.09795946 23.18 299.988883 -31.237477 13.506
 27    17.208 53144.09796011 28.06 299.987981 -31.234200 30.615
 28    17.189 53179.09797471 13.99 299.993799 -31.244658 14.073
 28    17.258 53179.09797535 15.24 299.992889 -31.241388 14.073
 28    17.721 53179.09797600 31.74 299.991989 -31.238108 14.073
 28    15.518 53179.09797664 37.31 299.991079 -31.234828 14.073
 28    17.905 53179.09797729 30.43 299.990179 -31.231558 14.073
 30    15.870 53249.09796453 26.33 299.989935 -31.249226 17.184
 30    16.250 53249.09796518 23.26 299.989035 -31.245946 17.184
 30    16.699 53249.09796582 24.25 299.988125 -31.242676 17.184
 30    16.754 53249.09796647 27.60 299.987225 -31.239396 17.184
 30    16.659 53249.09796711 25.08 299.986315 -31.236116 17.184
 30    17.051 53249.09796776 37.72 299.985415 -31.232846 17.184
 31    14.576 53284.09795944 33.13 299.990356 -31.246777 16.097
 31    15.368 53284.09796009 23.94 299.989456 -31.243497 16.097
 31    15.865 53284.09796073 22.09 299.988546 -31.240227 16.097
 31    16.144 53284.09796138 21.36 299.987646 -31.236947 16.097
 33    18.438 53354.09791834 47.18 299.994132 -31.244877 18.141
 33    17.988 53354.09791898 49.60 299.993222 -31.241597 18.141
 33    18.137 53354.09791963 47.82 299.992322 -31.238317 18.141
 33    17.881 53354.09792027 47.52 299.991412 -31.235047 18.141
 34    16.601 53389.09792011 30.94 299.993364 -31.243914 15.511
 34    18.142 53389.09792075 24.09 299.992464 -31.240634 15.511
 34    18.049 53389.09792140 42.09 299.991554 -31.237364 15.511
 35    18.830 53424.09791894 36.71 299.996334 -31.244333 12.488
 35    17.925 53424.09791958 37.69 299.995434 -31.241053 12.488
 35    18.432 53424.09792023 31.07 299.994524 -31.237773 12.488
 35    18.323 53424.09792087 31.14 299.993624 -31.234503 12.488
 35    18.629 53424.09792152 31.14 299.992714 -31.231223 12.488
 36    16.907 53459.09792470 36.10 299.998575 -31.240006 11.923
 36    17.098 53459.09792535 34.38 299.997675 -31.236726 11.923
 36    16.873 53459.09792599 30.13 299.996765 -31.233456 11.923
 36    16.811 53459.09792664 26.72 299.995865 -31.230176 11.923
 36    17.101 53459.09792728 27.98 299.994961 -31.226899 27.775
 37    17.026 53494.09800806 16.04 299.986666 -31.252192 11.227
 37    17.270 53494.09800871 17.73 299.985766 -31.248912 11.227
 37    17.327 53494.09800935 16.92 299.984856 -31.245642 11.227
 37    17.951 53494.09801000 20.54 299.983956 -31.242362 11.227
 37    17.451 53494.09801064 25.68 299.983046 -31.239082 11.227
 38    17.258 53529.09798618 43.47 299.996120 -31.243858 15.271
 38    16.649 53529.09798682 43.46 299.995210 -31.240588 15.271
 38    17.568 53529.09798747 31.18 299.994310 -31.237308 15.271
 38    17.467 53529.09798811 28.58 299.993400 -31.234028 15.271
 38    17.918 53529.09798875 28.22 299.992500 -31.230758 15.271
 39    17.343 53564.09801503 20.58 299.985306 -31.252350 12.976
 39    17.534 53564.09801568 20.15 299.984396 -31.249070 12.976
 39    17.645 53564.09801632 22.51 299.983496 -31.245790 12.976
 39    17.505 53564.09801696 26.25 299.982586 -31.242520 12.976
 39    17.203 53564.09801761 29.52 299.981686 -31.239240 12.976
 40    16.055 53599.09795676  9.93 299.992866 -31.247392 15.371
 40    16.986 53599.09795740 11.29 299.991956 -31.244112 15.371
 40    17.556 53599.09795805 13.95 299.991052 -31.240834 25.504
 40    17.746 53599.09795869 29.93 299.990152 -31.237554 25.504
 40    15.803 53599.09795934 30.86 299.989242 -31.234284 25.504
 40    17.522 53599.09795998 36.51 299.988342 -31.231004 25.504
 41    16.381 53634.09795313 41.08 299.991262 -31.247523 16.735
 41    15.433 53634.09795377 32.57 299.990352 -31.244243 16.735
 41    16.101 53634.09795441 25.77 299.989452 -31.240973 16.735
 41    16.866 53634.09795506 29.48 299.988542 -31.237693 16.735
 41    16.435 53634.09795570 32.61 299.987632 -31.234413 16.735
 42    16.973 53669.09797454 16.74 299.987741 -31.248947 10.299
 42    16.915 53669.09797519 19.51 299.986831 -31.245677 10.299
 42    17.140 53669.09797583 22.42 299.985931 -31.242397 10.299
 42    17.439 53669.09797648 24.61 299.985021 -31.239117 10.299
 42    17.524 53669.09797712 24.97 299.984121 -31.235847 10.299
 43    17.425 53704.09791463 15.87 299.995514 -31.245238 15.511
 43    18.012 53704.09791528 15.83 299.994604 -31.241958 15.511
 43    18.327 53704.09791592 26.68 299.993704 -31.238678 15.511
 43    17.716 53704.09791657 31.13 299.992794 -31.235408 15.511
 43    17.960 53704.09791721 27.90 299.991894 -31.232128 15.511
 43    18.083 53704.09791785 32.17 299.990984 -31.228848 15.511
 44    17.511 53739.09782371 12.42 299.991839 -31.246566 17.578
 44    17.734 53739.09782436 21.13 299.990929 -31.243286 17.578
 44    17.482 53739.09782500 19.41 299.990029 -31.240016 17.578
 44    17.492 53739.09782565 26.49 299.989119 -31.236736 17.578
 44    17.534 53739.09782629 25.35 299.988219 -31.233456 17.578
 45    16.883 53774.09784264 24.14 299.997317 -31.240645 10.558
 45    17.453 53774.09784328 22.20 299.996417 -31.237375 10.558
 45    16.938 53774.09784393 20.95 299.995507 -31.234095 10.558
 45    17.121 53774.09784457 21.63 299.994607 -31.230815 10.558
 46    17.074 53809.09782642 17.09 299.991364 -31.245786 15.137
 46    17.030 53809.09782707 18.70 299.990454 -31.242506 15.137
 46    17.651 53809.09782771 19.77 299.989554 -31.239226 15.137
 46    17.308 53809.09782836 25.56 299.988644 -31.235956 15.137
 46    17.841 53809.09782900 27.68 299.987744 -31.232676 15.137
 48    16.614 53879.09789702 42.14 299.996361 -31.244608 17.076
 48    14.979 53879.09789767 47.41 299.995451 -31.241338 17.076
 48    15.456 53879.09789831 33.98 299.994551 -31.238058 17.076
 48    16.595 53879.09789896 27.44 299.993641 -31.234778 17.076
 49    46.959 53914.09795268  8.04 299.984429 -31.243578 16.101
 49    37.730 53914.09795333 14.85 299.983519 -31.240298 16.101
 49    55.574 53914.09795397  5.13 299.982619 -31.237018 16.101
 50    15.950 53949.09796252 18.68 299.983831 -31.254014 13.298
 50    15.802 53949.09796317 20.16 299.982921 -31.250734 13.298
 50    16.289 53949.09796381 20.11 299.982021 -31.247454 13.298
 50    16.208 53949.09796446 21.19 299.981111 -31.244174 13.298
 51    16.324 53984.09790203 31.21 299.989706 -31.250383 17.067
 51    15.027 53984.09790267 31.21 299.988806 -31.247103 17.067
 51    15.619 53984.09790332 24.74 299.987896 -31.243833 17.067
 51    16.716 53984.09790396 25.23 299.986996 -31.240553 17.067
 51    15.845 53984.09790461 27.91 299.986086 -31.237273 17.067
 52    17.212 54019.09793683 14.26 299.995047 -31.242958 13.601
 52    17.876 54019.09793747 16.78 299.994147 -31.239678 13.601
 52    17.581 54019.09793812 26.65 299.993237 -31.236398 13.601
 52    17.616 54019.09793876 24.00 299.992337 -31.233118 13.601
 52    17.651 54019.09793941 30.55 299.991427 -31.229848 13.601
 53    16.525 54054.09792811 13.38 299.999512 -31.237599  8.275
 53    16.590 54054.09792876 14.03 299.998612 -31.234329  8.275
 53    16.631 54054.09792940 15.00 299.997702 -31.231049  8.275
 53    16.569 54054.09793005 17.45 299.996802 -31.227769  8.275
 53    16.489 54054.09793069 20.26 299.995892 -31.224499  8.275
 54    17.239 54089.09791839 17.88 299.990867 -31.243564 16.569
 54    17.612 54089.09791903 25.37 299.989967 -31.240284 16.569
 54    16.946 54089.09791968 34.23 299.989057 -31.237004 16.569
 54    17.187 54089.09792032 33.12 299.988157 -31.233734 16.569
 55    18.097 54124.09784184 17.74 299.995899 -31.241999 12.786
 55    17.974 54124.09784248 19.62 299.994999 -31.238729 12.786
 55    17.926 54124.09784313 23.91 299.994089 -31.235449 12.786
 55    18.045 54124.09784377 24.18 299.993179 -31.232169 12.786
 55    18.304 54124.09784442 36.14 299.992279 -31.228899 12.786
 56    18.654 54159.09788386 23.70 299.990674 -31.244762 18.191
 56    19.287 54159.09788451 29.16 299.989764 -31.241482 18.191
 56    19.596 54159.09788515 37.60 299.988864 -31.238212 18.191
 56    17.888 54159.09788580 40.37 299.987954 -31.234932 18.191
 56    20.025 54159.09788644 36.97 299.987054 -31.231652 18.191
 57    18.949 54194.09784381 24.97 299.995568 -31.245096 10.721
 57    19.373 54194.09784445 23.57 299.994658 -31.241816 10.721
 57    19.402 54194.09784510 26.04 299.993758 -31.238546 10.721
 57    19.820 54194.09784574 26.27 299.992848 -31.235266 10.721
 57    19.644 54194.09784639 31.15 299.991948 -31.231986 10.721
 57    19.805 54194.09784703 38.95 299.991038 -31.228716 10.721
 58    17.919 54229.09789577 18.91 299.992098 -31.244836 16.252
 58    18.401 54229.09789642 23.11 299.991188 -31.241556 16.252
 58    18.713 54229.09789706 27.68 299.990288 -31.238286 16.252
 58    17.925 54229.09789771 35.52 299.989378 -31.235006 16.252
 58    18.844 54229.09789835 31.94 299.988478 -31.231726 16.252
 59    18.342 54264.09791456 22.86 299.992744 -31.245282 14.767
 59    18.523 54264.09791520 23.83 299.991834 -31.242002 14.767
 59    18.889 54264.09791585 26.47 299.990934 -31.238732 14.767
 59    18.276 54264.09791649 36.25 299.990024 -31.235452 14.767
 60    16.402 54299.09791777 44.10 299.993366 -31.245103 21.387
 60    17.062 54299.09791842 40.52 299.992466 -31.241833 21.387
 60    16.641 54299.09791906 41.11 299.991556 -31.238553 21.387
 60    17.156 54299.09791971 41.54 299.990656 -31.235273 21.387
 60    17.090 54299.09792035 46.05 299.989746 -31.231993 21.387
 61    16.389 54334.09790792 39.44 299.991533 -31.246266 17.201
 61    15.547 54334.09790857 35.03 299.990633 -31.242986 17.201
 61    16.138 54334.09790921 37.08 299.989723 -31.239706 17.201
 61    16.841 54334.09790986 29.03 299.988823 -31.236436 17.201
 63    16.750 54404.09785119 42.56 299.992010 -31.248650 18.565
 63    16.586 54404.09785184 43.89 299.991100 -31.245380 18.565
 63    15.511 54404.09785248 45.31 299.990200 -31.242100 18.565
 63    15.690 54404.09785313 41.17 299.989290 -31.238820 18.565
 63    17.377 54404.09785377 34.53 299.988390 -31.235550 18.565
 63    17.406 54404.09785442 32.59 299.987480 -31.232270 18.565
 64    17.243 54439.09780905 29.92 299.995809 -31.244094 16.737
 64    16.841 54439.09780970 27.39 299.994899 -31.240814 16.737
 64    17.939 54439.09781034 25.93 299.993999 -31.237544 16.737
 64    17.323 54439.09781099 23.62 299.993089 -31.234264 16.737
 64    17.509 54439.09781163 25.50 299.992189 -31.230984 16.737
 65    16.806 54474.09783849 16.68 299.994444 -31.243544 14.137
 65    16.472 54474.09783913 16.29 299.993534 -31.240264 14.137
 65    16.307 54474.09783978 17.33 299.992634 -31.236994 14.137
 65    16.718 54474.09784042 18.87 299.991724 -31.233714 14.137
 65    16.842 54474.09784107 22.31 299.990824 -31.230434 14.137
 66    15.701 54509.09782145 47.27 299.995422 -31.243436 15.127
 66    15.547 54509.09782210 41.25 299.994522 -31.240156 15.127
 66    17.237 54509.09782274 39.26 299.993612 -31.236886 15.127
 66    16.963 54509.09782339 43.02 299.992712 -31.233606 15.127
 67    17.290 54544.09785243 14.56 299.992342 -31.244840 12.244
 67    17.167 54544.09785307 15.22 299.991442 -31.241570 12.244
 67    17.693 54544.09785372 17.34 299.990532 -31.238290 12.244
 67    17.075 54544.09785436 27.00 299.989632 -31.235010 12.244
 67    17.514 54544.09785501 28.94 299.988722 -31.231740 12.244
 68    16.538 54579.09782134 45.19 299.993539 -31.245308 17.514
 68    16.380 54579.09782199 40.33 299.992639 -31.242038 17.514
 68    17.856 54579.09782263 33.56 299.991729 -31.238758 17.514
 68    17.142 54579.09782328 41.51 299.990829 -31.235478 17.514
 69    66.196 54614.09784296  3.19 299.992921 -31.246349  8.350
 69    58.344 54614.09784361  3.64 299.992011 -31.243069  8.350
 69    57.716 54614.09784425  3.45 299.991111 -31.239789  8.350
 69    55.897 54614.09784490  5.11 299.990201 -31.236519  8.350
 69    55.461 54614.09784554  4.53 299.989301 -31.233239  8.350
 70    17.560 54649.09785144 35.46 299.992358 -31.247612 13.997
 70    16.861 54649.09785209 35.93 299.991448 -31.244332 13.997
 70    17.482 54649.09785273 30.89 299.990548 -31.241052 13.997
 70    17.320 54649.09785338 30.14 299.989638 -31.237782 13.997
 70    17.054 54649.09785402 33.25 299.988738 -31.234502 13.997
 71    16.188 54684.09784921 26.33 299.990615 -31.246620 16.070
 71    16.389 54684.09784985 20.63 299.989715 -31.243350 16.070
 71    16.486 54684.09785050 18.65 299.988805 -31.240070 16.070
 71    16.854 54684.09785114 18.95 299.987905 -31.236790 16.070
 72    15.477 54719.09779719 37.51 299.995948 -31.241866 14.969
 72    16.739 54719.09779784 24.28 299.995038 -31.238596 14.969
 72    17.113 54719.09779848 20.72 299.994138 -31.235316 14.969
 72    17.012 54719.09779913 23.11 299.993228 -31.232036 14.969
 73    16.853 54754.09782282 13.62 299.992518 -31.246241 14.196
 73    16.629 54754.09782346 15.16 299.991608 -31.242961 14.196
 73    16.936 54754.09782411 17.21 299.990708 -31.239681 14.196
 73    17.479 54754.09782475 25.52 299.989798 -31.236411 14.196
 73    16.919 54754.09782540 27.99 299.988898 -31.233131 14.196
 74    16.886 54789.09778969 44.01 299.994233 -31.242919 17.356
 74    17.934 54789.09779033 39.31 299.993333 -31.239639 17.356
 74    17.784 54789.09779098 42.28 299.992423 -31.236369 17.356
 75    15.942 54824.09781799 10.88 299.994047 -31.245521  8.684
 75    15.801 54824.09781863 12.50 299.993137 -31.242241  8.684
 75    17.182 54824.09781928 12.10 299.992237 -31.238961  8.684
 75    17.302 54824.09781992 13.63 299.991327 -31.235691  8.684
 75    17.605 54824.09782056 21.19 299.990427 -31.232411  8.684
 77    16.084 54894.09781921 34.65 299.990411 -31.248213 16.262
 77    15.840 54894.09781985 26.60 299.989511 -31.244943 16.262
 77    16.668 54894.09782050 21.80 299.988601 -31.241663 16.262
 77    17.254 54894.09782114 23.05 299.987701 -31.238383 16.262
 77    17.226 54894.09782179 23.33 299.986791 -31.235113 16.262
 78    16.850 54929.09778191 36.34 299.993792 -31.246346 14.372
 78    15.461 54929.09778256 32.40 299.992892 -31.243076 14.372
 78    16.779 54929.09778320 24.18 299.991992 -31.239796 14.372
 78    17.403 54929.09778385 24.41 299.991082 -31.236526 14.372
 78    16.928 54929.09778449 32.56 299.990172 -31.233246 14.372
 78    17.522 54929.09778514 32.61 299.989272 -31.229966 14.372
 79    15.148 54964.09782002 33.58 299.991790 -31.246881 19.148
 79    14.882 54964.09782067 28.79 299.990880 -31.243601 19.148
 79    15.575 54964.09782131 22.86 299.989980 -31.240321 19.148
 79    15.368 54964.09782196 22.64 299.989070 -31.237051 19.148
 79    15.922 54964.09782260 21.59 299.988170 -31.233771 19.148
 80    15.722 54999.09784037 35.16 299.989512 -31.247422 19.620
 80    16.452 54999.09784101 23.74 299.988602 -31.244142 19.620
 80    16.409 54999.09784166 28.43 299.987702 -31.240862 19.620
 80    16.530 54999.09784230 35.40 299.986792 -31.237592 19.620
 80    17.071 54999.09784295 36.78 299.985892 -31.234312 19.620
 81    57.918 55034.09782773 14.51 299.992864 -31.244947 11.336
 81    57.627 55034.09782837 11.09 299.991964 -31.241667 11.336
 81    55.781 55034.09782902 10.70 299.991054 -31.238387 11.336
 81    53.950 55034.09782966  9.55 299.990154 -31.235117 11.336
 81    53.840 55034.09783030  8.69 299.989244 -31.231837 11.336
 82    17.091 55069.09781686 28.66 299.990570 -31.247127 14.839
 82    17.316 55069.09781750 30.98 299.989670 -31.243857 14.839
 82    17.466 55069.09781815 33.79 299.988760 -31.240577 14.839
 83    18.068 55104.09775676 26.56 299.994074 -31.246779 13.644
 83    16.347 55104.09775740 28.02 299.993164 -31.243499 13.644
 83    17.990 55104.09775805 22.25 299.992264 -31.240219 13.644
 83    18.314 55104.09775869 31.70 299.991354 -31.236949 13.644
 84    18.163 55139.09776353 18.00 299.992752 -31.247411 12.971
 84    18.538 55139.09776418 20.19 299.991852 -31.244141 12.971
 84    18.871 55139.09776482 27.45 299.990942 -31.240861 12.971
 84    18.904 55139.09776547 33.84 299.990042 -31.237581 12.971
 84    18.023 55139.09776611 37.48 299.989132 -31.234311 12.971
 85    19.076 55174.09772478 33.67 299.995940 -31.243391 11.241
 85    19.123 55174.09772543 28.12 299.995030 -31.240111 11.241
 85    19.239 55174.09772607 26.91 299.994120 -31.236841 11.241
 85    19.024 55174.09772672 28.59 299.993220 -31.233561 11.241
 86    19.441 55209.09775940 21.72 299.992783 -31.245552 12.389
 86    19.315 55209.09776005 21.99 299.991873 -31.242272 12.389
 86    20.193 55209.09776069 24.72 299.990973 -31.238992 12.389
 86    19.637 55209.09776134 30.59 299.990063 -31.235722 12.389
 86    19.525 55209.09776198 28.73 299.989163 -31.232442 12.389
 87    20.471 55244.09772988 25.51 299.994397 -31.246539 11.962
 87    20.257 55244.09773052 23.97 299.993487 -31.243269 11.962
 87    20.417 55244.09773117 25.41 299.992577 -31.239989 11.962
 87    20.830 55244.09773181 32.35 299.991677 -31.236709 11.962
 87    19.134 55244.09773246 34.16 299.990767 -31.233439 11.962
 87    20.679 55244.09773310 37.15 299.989867 -31.230159 11.962
 88    18.966 55279.09775227 23.36 299.990550 -31.246768 16.678
 88    19.278 55279.09775291 24.53 299.989650 -31.243498 16.678
 88    19.648 55279.09775356 39.74 299.988740 -31.240218 16.678
 88    17.599 55279.09775420 46.45 299.987840 -31.236938 16.678
 88    19.440 55279.09775485 34.43 299.986930 -31.233668 16.678
 89    18.583 55314.09771710 26.57 299.992347 -31.245990 13.104
 89    18.944 55314.09771775 24.03 299.991447 -31.242710 13.104
 89    18.985 55314.09771839 32.54 299.990537 -31.239430 13.104
 89    19.012 55314.09771904 40.58 299.989637 -31.236160 13.104
 89    18.742 55314.09771968 36.03 299.988727 -31.232880 13.104
 90    18.817 55349.09772384 38.25 299.991837 -31.247996 14.635
 90    18.493 55349.09772448 31.78 299.990927 -31.244716 14.635
 90    18.990 55349.09772513 27.36 299.990027 -31.241436 14.635
 90    18.714 55349.09772577 39.34 299.989117 -31.238166 14.635
 90    18.044 55349.09772641 39.65 299.988217 -31.234886 14.635
 90    19.062 55349.09772706 38.39 299.987307 -31.231606 14.635
 91    17.704 55384.09771601 42.89 299.993564 -31.244824 15.264
 91    17.713 55384.09771665 44.87 299.992654 -31.241544 15.264
 91    16.382 55384.09771730 48.71 299.991744 -31.238274 15.264
 91    17.161 55384.09771794 40.09 299.990844 -31.234994 15.264
 92    16.977 55419.09774261 41.78 299.993485 -31.245684 18.049
 92    16.000 55419.09774326 36.49 299.992585 -31.242414 18.049
 92    17.033 55419.09774390 26.69 299.991675 -31.239134 18.049
 92    17.643 55419.09774455 26.45 299.990775 -31.235854 18.049
 92    17.522 55419.09774519 28.79 299.989865 -31.232584 18.049
 93    16.467 55454.09772164 24.01 299.990239 -31.246771 13.011
 93    16.684 55454.09772228 24.85 299.989339 -31.243501 13.011
 93    16.731 55454.09772293 27.73 299.988429 -31.240221 13.011
 94    17.175 55489.09764100 24.23 299.989509 -31.248137 13.890
 94    17.328 55489.09764165 22.60 299.988609 -31.244857 13.890
 94    17.253 55489.09764229 27.26 299.987699 -31.241577 13.890
