-331010.342     2.300     0.00    3.94
-330635.299     1.367    -2.49    3.64
-330260.276    -0.386    -4.68    2.88
-329885.273    -1.608    -3.26    1.58
-329510.290    -1.325     0.75    1.64
-329135.328    -0.711     1.64    1.91
-328760.386     0.277     2.64    2.29
-328385.464     1.631     3.61    2.77
-328010.562     2.300     1.78    2.89
-327635.680     3.214     2.44    2.90
-327260.819     3.892     1.81    2.79
-326885.978     3.892     0.00    2.79
-326511.157     3.478    -1.11    2.87
-326136.356     2.777    -1.87    2.20
-325761.576     2.653    -0.33    1.89
-325386.816     2.755     0.27    1.99
-325012.075     2.868     0.30    2.06
-324637.355     3.458     1.57    1.99
-324262.656     4.228     2.05    2.25
-323887.976     5.936     4.56    3.53
-323513.316     8.392     6.56    4.60
-323138.677    11.044     7.08    4.67
-322764.058    13.305     6.04    4.42
-322389.459    15.392     5.57    4.32
-322014.880    18.236     7.59    4.33
-321640.321    20.271     5.43    3.97
-321265.782    22.088     4.85    3.89
-320891.264    24.033     5.20    3.86
-320516.765    26.175     5.72    4.13
-320142.287    28.959     7.44    4.03
-319767.829    30.073     2.97    3.01
-319393.391    30.458     1.03    3.32
-319018.973    30.088    -0.99    3.91
-318644.575    30.459     0.99    3.88
-318270.197    31.319     2.30    3.42
-317895.839    31.192    -0.34    3.21
-317521.502    31.369     0.48    2.94
-317147.184    31.169    -0.53    3.04
-316772.887    29.414    -4.69    3.41
-316398.609    27.676    -4.65    3.42
-316024.352    25.209    -6.59    3.51
-315650.114    23.065    -5.73    3.16
-315275.897    21.480    -4.24    2.54
-314901.700    21.914     1.16    2.93
-314527.522    23.891     5.29    3.91
-314153.365    26.522     7.03    4.06
-313779.228    28.391     4.99    3.99
-313405.111    29.762     3.67    3.47
-313031.014    31.128     3.65    2.50
-312656.936    30.769    -0.96    2.66
-312282.879    28.936    -4.90    3.34
-311908.842    27.370    -4.19    3.63
-311534.825    26.457    -2.44    3.12
-311160.828    26.769     0.83    3.02
-310786.851    28.544     4.75    4.15
-310412.893    31.232     7.19    3.82
-310038.956    31.588     0.95    3.06
-309665.039    31.641     0.14    3.70
-309291.141    30.459    -3.16    4.03
-308917.264    30.001    -1.23    3.94
-308543.407    29.870    -0.35    3.82
-308169.569    29.653    -0.58    3.37
-307795.752    28.414    -3.32    3.50
-307421.954    26.370    -5.47    4.01
-307048.176    22.891    -9.31    4.58
-306674.419    20.503    -6.39    3.59
-306300.681    18.436    -5.53    2.53
-305926.963    17.414    -2.73    1.58
-305553.265    17.499     0.23    1.40
-305179.587    17.959     1.23    1.70
-304805.929    19.592     4.37    3.43
-304432.291    21.501     5.11    3.85
-304058.672    23.414     5.12    4.29
-303685.074    24.903     3.99    4.01
-303311.495    26.596     4.53    3.54
-302937.936    28.131     4.11    3.45
-302564.398    28.732     1.61    3.42
-302190.879    29.631     2.41    3.51
-301817.379    29.979     0.93    3.67
-301443.900    30.131     0.41    3.68
-301070.441    30.414     0.76    3.63
-300697.001    30.623     0.56    3.15
-300323.582    31.992     3.67    3.26
-299950.182    33.509     4.07    3.44
-299576.802    35.501     5.34    3.37
-299203.441    36.280     2.09    2.78
-298830.101    35.480    -2.14    3.51
-298456.780    34.141    -3.59    3.64
-298083.480    34.222     0.22    3.94
-297710.199    36.687     6.60    4.60
-297336.937    39.764     8.25    3.54
-296963.696    41.036     3.41    2.42
-296590.474    41.128     0.25    2.69
-296217.273    40.725    -1.08    2.88
-295844.091    41.255     1.42    2.77
-295470.928    41.187    -0.18    3.21
-295094.430    40.703    -1.29    3.92
-294717.311    39.557    -3.04    4.67
-294340.213    38.482    -2.85    4.83
-293963.134    37.604    -2.33    4.84
-293586.076    35.880    -4.57    4.66
-293209.038    35.280    -1.59    4.15
-292832.020    34.693    -1.56    3.74
-292455.022    35.547     2.27    3.17
-292078.045    36.975     3.79    2.98
-291701.088    36.658    -0.84    3.11
-291324.150    35.605    -2.79    3.04
-290947.233    34.675    -2.47    2.95
-290570.337    33.588    -2.88    2.59
-290193.460    32.937    -1.73    2.70
-289816.603    33.066     0.34    3.27
-289439.767    33.346     0.74    3.70
-289062.951    32.725    -1.65    3.68
-288686.155    32.658    -0.18    3.05
-288309.379    33.153     1.31    3.09
-287932.623    34.414     3.35    3.46
-287555.887    36.709     6.09    2.98
-287179.172    36.696    -0.03    3.02
-286802.476    36.118    -1.53    3.07
-286425.801    36.080    -0.10    3.72
-286049.146    36.880     2.12    3.95
-285672.510    38.623     4.63    3.65
-285295.895    39.718     2.91    2.64
-284919.300    38.544    -3.12    2.83
-284542.725    37.805    -1.96    2.78
-284166.171    37.164    -1.70    2.48
-283789.636    36.577    -1.56    3.04
-283413.121    35.680    -2.38    3.70
-283036.626    34.585    -2.91    3.72
-282660.152    33.870    -1.90    3.82
-282283.697    34.868     2.65    4.38
-281907.263    35.914     2.78    4.18
-281530.848    37.747     4.87    4.28
-281154.454    38.228     1.28    4.05
-280778.080    38.437     0.55    3.70
-280401.725    37.604    -2.21    3.89
-280025.391    36.658    -2.51    3.73
-279649.076    37.525     2.30    4.45
-279272.782    38.118     1.58    5.07
-278896.508    40.036     5.10    4.57
-278520.253    39.939    -0.26    5.07
-278144.019    40.141     0.54    4.17
-277767.805    39.792    -0.93    3.59
-277391.610    38.972    -2.18    3.53
-277015.436    37.305    -4.43    3.87
-276639.282    35.503    -4.79    3.90
-276263.147    34.914    -1.57    3.87
-275887.033    34.414    -1.33    3.77
-275510.938    34.192    -0.59    3.36
-275134.864    33.027    -3.10    3.77
-274758.809    30.846    -5.80    3.60
-274382.774    28.858    -5.29    3.70
-274006.760    27.346    -4.02    3.39
-273630.765    26.435    -2.42    3.53
-273254.790    24.858    -4.20    3.27
-272878.835    23.592    -3.37    3.11
-272502.900    22.547    -2.78    2.74
-272126.985    21.596    -2.53    2.52
-271751.089    20.839    -2.01    2.47
-271375.214    20.482    -0.95    2.76
-270999.359    18.925    -4.14    2.70
-270623.523    17.675    -3.33    2.40
-270247.707    16.436    -3.30    1.82
-269871.912    15.769    -1.77    1.68
-269496.136    14.819    -2.53    1.85
-269120.380    14.414    -1.08    1.73
-268744.644    14.618     0.54    1.90
-268368.927    15.036     1.11    2.29
-267993.231    16.664     4.33    3.08
-267617.554    18.718     5.47    3.88
-267241.897    21.937     8.57    3.77
-266866.261    23.536     4.26    3.09
-266490.644    23.569     0.09    3.07
-266115.046    22.461    -2.95    3.14
-265739.469    20.592    -4.98    3.02
-265363.911    18.458    -5.68    3.25
-264988.373    16.414    -5.45    3.44
-264612.856    14.323    -5.57    3.09
-264237.357    12.580    -4.64    1.96
-263861.879    12.209    -0.99    1.96
-263486.420    13.646     3.83    3.69
-263110.982    15.436     4.77    5.29
-262735.563    17.925     6.63    5.19
-262360.163    18.693     2.05    4.60
-261984.784    17.814    -2.34    4.77
-261609.424    15.264    -6.80    4.18
-261234.084    13.664    -4.26    2.62
-260858.764    12.435    -3.27    1.69
-260483.464    12.073    -0.97    1.64
-260108.183    11.947    -0.34    1.67
-259732.922    11.777    -0.45    1.45
-259357.681    12.109     0.89    1.68
-258982.460    13.176     2.84    2.41
-258607.258    14.592     3.77    3.33
-258232.076    16.641     5.46    4.36
-257856.914    18.658     5.38    4.27
-257481.771    20.547     5.04    4.04
-257106.649    22.005     3.89    3.60
-256731.545    23.349     3.58    3.42
-256356.462    25.232     5.02    3.35
-255981.398    27.214     5.29    3.62
-255606.354    29.947     7.29    3.62
-255231.330    31.641     4.52    3.02
-254856.325    32.370     1.95    2.47
-254481.340    31.596    -2.07    3.16
-254106.375    29.325    -6.06    3.69
-253731.429    27.001    -6.20    3.21
-253356.503    24.858    -5.72    3.24
-252981.597    22.992    -4.98    3.53
-252606.710    21.596    -3.72    3.14
-252231.843    19.861    -4.63    2.96
-251856.996    18.346    -4.04    2.68
-251482.168    17.392    -2.54    2.68
-251107.360    17.544     0.41    3.25
-250732.571    17.827     0.75    3.56
-250357.803    18.080     0.68    3.13
-249983.053    17.670    -1.10    2.70
-249608.324    16.747    -2.46    3.00
-249233.614    15.104    -4.39    2.79
-248858.923    14.520    -1.56    3.23
-248484.252    13.914    -1.62    3.75
-248109.601    13.153    -2.03    3.76
-247734.969    12.073    -2.88    3.28
-247360.357    10.676    -3.73    2.37
-246985.765     9.891    -2.10    1.66
-246611.192    10.194     0.81    1.81
-246236.638    11.614     3.79    2.83
-245862.104    13.641     5.41    2.94
-245487.590    15.505     4.98    3.28
-245113.095    17.414     5.10    3.33
-244738.620    18.842     3.82    3.49
-244364.165    20.391     4.14    3.60
-243989.728    22.214     4.87    3.65
-243615.312    24.814     6.95    4.41
-243240.915    28.600    10.11    4.76
-242866.537    31.014     6.45    4.18
-242492.179    32.614     4.27    3.42
-242117.841    32.795     0.48    3.56
-241743.522    32.300    -1.32    3.29
-241369.222    31.223    -2.88    3.21
-240994.942    30.209    -2.71    3.54
-240620.682    29.232    -2.61    3.43
-240246.441    28.525    -1.89    3.69
-239872.219    27.414    -2.97    3.74
-239498.017    25.509    -5.09    3.68
-239123.834    23.747    -4.71    3.16
-238749.671    22.464    -3.43    2.96
-238375.528    21.937    -1.41    3.02
-238001.403    21.588    -0.93    3.13
-237627.299    21.596     0.02    3.24
-237253.213    21.036    -1.50    3.13
-236879.147    19.903    -3.03    3.42
-236505.101    17.675    -5.96    4.17
-236131.074    15.097    -6.89    3.51
-235757.066    12.903    -5.87    3.09
-235383.078    10.937    -5.26    2.02
-235009.110    10.088    -2.27    1.39
-234635.160     9.525    -1.51    1.58
-234261.230     9.109    -1.11    1.44
-233887.320     8.805    -0.81    1.42
-233513.429     8.795    -0.03    1.59
-233139.557     9.992     3.20    3.03
-232765.705    11.832     4.93    3.68
-232391.872    13.192     3.64    3.34
-232018.058    14.609     3.79    2.75
-231644.264    14.522    -0.23    3.08
-231270.489    13.814    -1.90    3.21
-230896.734    13.096    -1.92    3.50
-230522.997    12.870    -0.60    3.29
-230149.281    12.482    -1.04    2.88
-229775.583    12.392    -0.24    2.79
-229401.905    12.303    -0.24    2.52
-229028.246    12.283    -0.05    3.06
-228654.607    12.392     0.29    3.10
-228280.987    12.323    -0.18    3.08
-227907.386    11.947    -1.01    2.70
-227533.805    11.664    -0.76    2.64
-227160.243    11.036    -1.68    2.37
-226786.700    10.369    -1.79    2.01
-226413.176    10.141    -0.61    1.92
-226039.672    10.080    -0.16    2.01
-225666.187     9.982    -0.26    2.14
-225292.722     9.392    -1.58    2.04
-224919.275     9.327    -0.17    2.05
-224545.848     8.880    -1.20    1.63
-224172.441     9.080     0.54    1.67
-223799.052     9.367     0.77    1.73
-223425.683     9.456     0.24    1.73
-223052.333     9.618     0.43    1.80
-222679.002     9.792     0.46    1.85
-222305.691     9.979     0.50    1.85
-221932.399    10.436     1.22    1.45
-221559.126    10.800     0.98    1.63
-221185.872    10.937     0.37    1.70
-220812.637    10.703    -0.63    2.14
-220438.276    10.557    -0.39    2.16
-220061.185    10.588     0.08    1.99
-219684.114    10.947     0.95    1.65
-219307.063    11.501     1.47    1.55
-218930.031    11.646     0.39    1.66
-218553.019    11.795     0.39    1.75
-218176.027    11.959     0.44    1.81
-217799.054    11.536    -1.12    1.99
-217422.101    11.280    -0.68    1.75
-217045.168    11.346     0.17    1.87
-216668.254    11.391     0.12    1.76
-216291.359    11.277    -0.30    1.46
-215914.485    11.271    -0.02    1.54
-215537.630    11.414     0.38    1.56
-215160.794    11.438     0.06    1.72
-214783.978    11.258    -0.48    1.94
-214407.182    10.525    -1.95    1.94
-214030.405    10.274    -0.67    1.93
-213653.648    10.369     0.25    1.92
-213276.910    10.539     0.45    1.73
-212900.192    10.437    -0.27    1.66
-212523.494    10.305    -0.35    1.40
-212146.815    10.505     0.53    1.31
-211770.155    10.592     0.23    1.53
-211393.515    10.723     0.35    1.49
-211016.895    10.892     0.45    1.46
-210640.294    11.111     0.58    1.58
-210263.713    11.347     0.63    1.51
-209887.151    11.740     1.04    1.43
-209510.609    11.588    -0.40    1.39
-209134.086    11.147    -1.17    1.34
-208757.582    10.937    -0.56    1.58
-208381.099    10.436    -1.33    1.58
-208004.634    10.323    -0.30    1.55
-207628.190    10.050    -0.72    1.45
-207251.764    10.014    -0.10    1.51
-206875.358    10.050     0.10    1.42
-206498.972    10.280     0.61    1.50
-206122.605    10.457     0.47    1.53
-205746.258    10.392    -0.17    1.66
-205369.930    10.258    -0.35    1.74
-204993.621    10.088    -0.45    1.76
-204617.332    10.175     0.23    1.72
-204241.062    10.346     0.45    1.72
-203864.812    10.569     0.59    1.59
-203488.581    10.501    -0.18    1.53
-203112.370    10.658     0.42    1.58
-202736.178    10.369    -0.77    1.31
-202360.006    10.557     0.50    1.28
-201983.853    10.849     0.78    1.28
-201607.719    11.104     0.68    1.09
-201231.605    10.957    -0.39    1.39
-200855.510    11.096     0.37    1.57
-200479.434    11.323     0.60    1.78
-200103.378    11.255    -0.18    1.74
-199727.342    11.114    -0.37    1.57
-199351.324    11.300     0.50    1.57
-198975.326    11.507     0.55    1.34
-198599.348    11.836     0.88    1.42
-198223.388    12.280     1.18    1.41
-197847.449    12.533     0.67    1.17
-197471.528    12.573     0.11    1.35
-197095.627    12.533    -0.11    1.61
-196719.745    12.687     0.41    1.55
-196343.883    12.164    -1.39    1.57
-195968.040    11.959    -0.54    1.49
-195592.216    11.792    -0.45    1.42
-195216.411    11.914     0.33    1.33
-194840.626    12.323     1.09    1.48
-194464.860    12.487     0.44    1.51
-194089.114    12.641     0.41    1.51
-193713.387    12.762     0.32    1.39
-193337.679    12.823     0.16    1.23
-192961.990    12.849     0.07    1.39
-192586.321    13.009     0.43    1.34
-192210.671    13.236     0.60    1.28
-191835.040    13.298     0.16    1.29
-191459.428    13.303     0.01    0.98
-191083.836    13.414     0.30    0.95
-190708.263    13.414     0.00    1.01
-190332.710    13.664     0.67    1.12
-189957.175    14.135     1.25    1.30
-189581.660    14.283     0.40    1.34
-189206.164    14.600     0.84    1.37
-188830.687    14.703     0.27    1.49
-188455.230    14.769     0.18    1.54
-188079.792    15.240     1.25    1.54
-187704.373    15.436     0.52    1.68
-187328.973    15.369    -0.18    1.57
-186953.592    15.280    -0.24    1.49
-186578.231    14.992    -0.77    1.54
-186202.889    14.777    -0.57    1.18
-185827.566    14.870     0.25    1.43
-185452.262    15.050     0.48    1.43
-185076.978    15.525     1.27    1.50
-184701.712    15.979     1.21    1.75
-184326.466    16.303     0.86    1.57
-183951.239    16.792     1.30    1.79
-183576.031    17.018     0.60    2.11
-183200.843    17.992     2.59    1.98
-182825.673    18.771     2.08    2.69
-182450.523    20.125     3.61    3.32
-182075.392    20.653     1.41    3.15
-181700.280    20.880     0.61    2.76
-181325.187    20.755    -0.34    2.68
-180950.113    20.580    -0.46    3.06
-180575.059    20.592     0.03    3.49
-180200.023    19.819    -2.06    3.11
-179825.007    19.327    -1.31    2.23
-179450.010    18.982    -0.92    1.74
-179075.032    19.325     0.91    1.73
-178700.073    21.346     5.39    3.26
-178325.133    23.194     4.93    3.84
-177950.212    25.118     5.13    3.44
-177575.310    27.414     6.12    3.22
-177200.428    29.255     4.91    2.77
-176825.564    29.868     1.64    2.68
-176450.720    29.596    -0.73    3.01
-176075.895    28.050    -4.12    3.25
-175701.088    27.366    -1.83    3.12
-175326.301    26.664    -1.87    3.00
-174951.533    26.319    -0.92    2.93
-174576.784    27.482     3.11    3.35
-174202.054    29.747     6.05    4.06
-173827.343    32.204     6.56    3.87
-173452.651    34.480     6.08    3.22
-173077.978    35.243     2.04    2.11
-172703.325    35.141    -0.27    2.43
-172328.690    34.292    -2.27    3.07
-171954.074    32.937    -3.62    3.18
-171579.477    31.027    -5.10    3.40
-171204.900    29.005    -5.40    2.67
-170830.341    27.858    -3.06    1.90
-170455.801    27.564    -0.79    1.78
-170081.280    28.164     1.60    2.38
-169706.779    29.604     3.85    2.80
-169332.296    30.125     1.39    2.58
-168957.832    29.823    -0.81    2.54
-168583.387    28.255    -4.19    3.43
-168208.962    25.814    -6.52    2.96
-167834.555    24.121    -4.52    1.91
-167460.167    24.391     0.72    2.37
-167085.798    26.152     4.70    3.50
-166711.448    27.414     3.37    3.50
-166337.117    28.800     3.70    2.50
-165962.805    28.687    -0.30    2.14
-165588.512    27.044    -4.39    2.91
-165214.238    25.009    -5.44    3.04
-164839.983    23.725    -3.43    2.51
-164465.746    22.832    -2.39    1.40
-164091.529    22.596    -0.63    1.39
-163717.331    22.503    -0.25    1.36
-163343.151    22.609     0.29    1.72
-162968.991    23.058     1.20    1.98
-162594.849    23.604     1.46    1.93
-162220.726    24.044     1.18    1.79
-161846.622    24.437     1.05    1.58
-161472.537    24.658     0.59    1.57
-161098.471    25.414     2.02    2.11
-160724.424    26.001     1.57    2.19
-160350.396    26.550     1.47    2.01
-159976.386    27.232     1.82    2.09
-159602.395    27.827     1.59    2.08
-159228.424    28.995     3.12    2.52
-158854.471    29.814     2.19    3.00
-158480.537    30.323     1.36    3.26
-158106.622    30.592     0.72    3.85
-157732.725    30.503    -0.24    3.82
-157358.848    30.618     0.31    3.55
-156984.989    31.925     3.50    4.12
-156611.149    33.664     4.65    4.26
-156237.328    35.258     4.27    3.91
-155863.526    36.868     4.31    3.55
-155489.743    38.346     3.95    3.19
-155115.978    40.096     4.68    2.80
-154742.232    41.755     4.44    2.17
-154368.505    42.073     0.85    2.01
-153994.797    40.880    -3.19    3.15
-153621.108    38.982    -5.08    3.41
-153247.437    37.703    -3.42    3.05
-152873.786    38.141     1.17    3.05
-152500.153    39.058     2.46    3.13
-152126.538    39.482     1.13    3.24
-151752.943    40.414     2.49    3.68
-151379.366    41.153     1.98    3.56
-151005.808    41.814     1.77    3.18
-150632.269    41.592    -0.59    3.11
-150258.749    40.868    -1.94    3.14
-149885.247    40.349    -1.39    2.69
-149511.764    41.027     1.82    2.74
-149138.300    40.505    -1.40    2.90
-148764.854    39.870    -1.70    3.09
-148391.427    39.680    -0.51    3.06
-148018.019    39.823     0.38    3.41
-147644.630    40.460     1.71    3.18
-147271.259    40.192    -0.72    3.12
-146897.908    39.755    -1.17    3.23
-146524.574    39.096    -1.77    3.62
-146151.260    38.870    -0.60    3.61
-145777.964    37.903    -2.59    3.02
-145401.854    37.891    -0.03    2.99
-145024.823    37.972     0.21    2.70
-144647.811    39.036     2.82    3.34
-144270.818    40.104     2.83    3.45
-143893.844    41.262     3.07    3.55
-143516.890    42.836     4.18    3.85
-143139.954    43.992     3.07    3.56
-142763.038    45.050     2.81    2.91
-142386.140    46.104     2.80    2.70
-142009.262    47.391     3.41    2.61
-141632.402    48.461     2.84    2.47
-141255.562    49.525     2.82    2.21
-140878.741    50.232     1.88    1.19
-140501.938    50.300     0.18    1.42
-140125.155    50.050    -0.66    1.56
-139748.391    49.839    -0.56    1.41
-139371.646    48.573    -3.36    2.33
-138994.919    46.693    -4.99    2.80
-138618.212    45.392    -3.45    2.57
-138241.524    45.414     0.06    2.54
-137864.855    45.890     1.26    2.78
-137488.204    47.096     3.20    2.47
-137111.573    47.463     0.97    2.37
-136734.961    47.755     0.78    2.16
-136358.368    48.891     3.02    2.20
-135981.793    49.687     2.11    2.42
-135605.238    50.925     3.29    2.11
-135228.702    51.914     2.63    1.30
-134852.184    51.937     0.06    1.07
-134475.686    51.158    -2.07    1.76
-134099.206    50.200    -2.55    1.97
-133722.746    48.903    -3.45    2.01
-133346.304    48.303    -1.59    1.96
-132969.881    47.696    -1.61    2.02
-132593.478    47.390    -0.81    2.43
-132217.093    46.959    -1.14    2.69
-131840.727    47.027     0.18    2.83
-131464.380    47.080     0.14    2.93
-131088.052    47.458     1.00    2.70
-130711.743    47.596     0.37    2.43
-130335.453    47.544    -0.14    2.08
-129959.181    47.414    -0.35    1.93
-129582.929    46.858    -1.48    1.73
-129206.695    46.255    -1.60    1.60
-128830.480    45.992    -0.70    1.66
-128454.285    45.880    -0.30    2.01
-128078.108    45.232    -1.72    2.13
-127701.950    45.214    -0.05    2.04
-127325.810    45.641     1.14    1.80
-126949.690    46.088     1.19    1.44
-126573.588    46.169     0.22    1.64
-126197.506    45.739    -1.14    1.90
-125821.442    45.618    -0.32    1.90
-125445.397    44.979    -1.70    1.75
-125069.371    44.300    -1.81    2.00
-124693.364    43.725    -1.53    2.18
-124317.375    43.065    -1.76    2.40
-123941.405    42.588    -1.27    2.64
-123565.455    42.652     0.17    2.69
-123189.523    42.880     0.61    2.46
-122813.609    42.192    -1.83    2.80
-122437.715    41.992    -0.53    2.71
-122061.839    41.436    -1.48    2.42
-121685.983    41.390    -0.12    1.98
-121310.144    41.305    -0.23    1.85
-120934.325    40.461    -2.25    2.21
-120558.525    39.792    -1.78    2.65
-120182.743    38.777    -2.70    3.28
-119806.980    38.050    -1.94    3.59
-119431.236    37.232    -2.18    3.36
-119055.511    36.464    -2.04    3.46
-118679.804    35.969    -1.32    3.67
-118304.116    35.088    -2.35    3.50
-117928.447    34.050    -2.76    3.36
-117552.796    32.925    -3.00    3.24
-117177.165    31.463    -3.89    2.93
-116801.552    30.027    -3.82    2.47
-116425.958    28.689    -3.56    2.11
-116050.382    28.103    -1.56    1.62
-115674.825    27.716    -1.03    1.49
-115299.287    27.323    -1.05    1.58
-114923.768    27.255    -0.18    1.29
-114548.267    27.585     0.88    2.67
-114172.785    28.437     2.27    3.67
-113797.322    29.560     2.99    4.05
-113421.877    29.569     0.02    3.84
-113046.452    30.323     2.01    3.51
-112671.044    31.982     4.42    3.81
-112295.656    33.147     3.10    4.02
-111920.286    34.439     3.44    3.91
-111544.935    35.914     3.93    3.95
-111169.602    37.828     5.10    4.11
-110794.288    39.600     4.72    3.42
-110418.993    41.573     5.26    2.61
-110043.717    42.937     3.63    1.99
-109668.459    43.414     1.27    1.72
-109293.219    43.289    -0.33    1.98
-108917.999    43.073    -0.58    1.94
-108542.797    42.623    -1.20    2.11
-108167.613    41.938    -1.83    2.45
-107792.449    40.814    -3.00    2.62
-107417.302    39.709    -2.94    2.97
-107042.175    39.414    -0.79    3.10
-106667.066    39.682     0.72    3.15
-106291.975    39.125    -1.49    3.08
-105916.904    38.709    -1.11    3.08
-105541.851    38.111    -1.59    2.84
-105166.816    38.118     0.02    3.05
-104791.800    39.164     2.79    2.97
-104416.803    39.392     0.61    2.30
-104041.824    38.295    -2.93    2.87
-103666.863    37.050    -3.32    3.03
-103291.922    36.027    -2.73    2.94
-102916.999    35.050    -2.61    3.00
-102542.094    34.236    -2.17    2.85
-102167.208    34.073    -0.44    3.14
-101792.340    33.969    -0.28    3.52
-101417.491    34.600     1.68    3.14
-101042.661    35.214     1.64    2.69
-100667.849    34.982    -0.62    2.59
-100293.056    34.618    -0.97    2.63
 -99918.281    33.992    -1.67    2.73
 -99543.524    34.050     0.16    2.62
 -99168.787    34.204     0.41    1.87
 -98794.067    33.391    -2.17    2.45
 -98419.366    31.969    -3.79    3.00
 -98044.684    30.005    -5.24    3.52
 -97670.020    27.959    -5.46    3.66
 -97295.375    25.687    -6.07    3.50
 -96920.748    24.209    -3.94    2.12
 -96546.140    23.255    -2.55    1.66
 -96171.550    22.959    -0.79    1.61
 -95796.978    22.777    -0.49    1.33
 -95422.425    22.641    -0.36    1.41
 -95047.891    22.800     0.42    1.81
 -94673.375    23.255     1.21    2.79
 -94298.877    24.255     2.67    3.75
 -93924.398    26.255     5.34    4.92
 -93549.937    27.300     2.79    4.65
 -93175.495    28.437     3.04    3.67
 -92801.071    28.658     0.59    3.44
 -92426.666    27.823    -2.23    2.85
 -92052.279    26.573    -3.34    3.01
 -91677.910    25.391    -3.16    2.80
 -91303.560    25.280    -0.30    2.92
 -90929.229    26.187     2.42    4.14
 -90554.915    28.300     5.65    4.66
 -90180.620    29.903     4.28    3.55
 -89806.344    30.509     1.62    2.35
 -89432.086    29.369    -3.05    2.47
 -89057.846    27.641    -4.62    2.86
 -88683.625    25.547    -5.60    2.95
 -88309.422    23.527    -5.40    2.81
 -87935.237    21.982    -4.13    2.81
 -87561.071    20.573    -3.77    2.71
 -87186.923    18.914    -4.43    2.48
 -86812.793    17.283    -4.36    2.35
 -86438.682    16.088    -3.19    1.67
 -86064.589    15.368    -1.92    1.60
 -85690.515    14.891    -1.28    1.72
 -85316.459    14.573    -0.85    1.78
 -84942.421    13.982    -1.58    1.91
 -84568.402    13.485    -1.33    1.70
 -84194.401    13.414    -0.19    1.85
 -83820.418    14.414     2.67    3.54
 -83446.453    17.414     8.02    5.60
 -83072.507    20.914     9.36    5.73
 -82698.579    23.902     7.99    4.80
 -82324.670    26.569     7.13    3.99
 -81950.778    28.557     5.32    4.16
 -81576.906    31.175     7.00    4.78
 -81203.051    33.158     5.31    4.84
 -80829.215    35.187     5.43    4.32
 -80455.396    36.868     4.50    3.47
 -80081.597    38.065     3.20    3.00
 -79707.815    38.925     2.30    2.22
 -79334.052    38.819    -0.28    2.13
 -78960.307    37.066    -4.69    3.50
 -78586.580    34.856    -5.91    3.70
 -78212.872    33.125    -4.63    3.13
 -77839.181    33.232     0.29    3.25
 -77465.509    33.959     1.95    3.62
 -77091.856    35.368     3.77    3.02
 -76718.220    36.914     4.14    2.53
 -76344.603    36.658    -0.68    2.49
 -75971.004    35.365    -3.46    3.21
 -75597.423    34.258    -2.96    3.35
 -75223.860    33.868    -1.04    3.56
 -74850.316    34.709     2.25    4.20
 -74476.790    36.232     4.08    3.48
 -74103.282    36.604     1.00    2.73
 -73729.792    35.209    -3.74    3.21
 -73356.321    33.682    -4.09    3.35
 -72982.867    31.569    -5.66    3.19
 -72609.432    29.505    -5.53    2.94
 -72236.015    27.755    -4.69    3.18
 -71862.616    25.187    -6.88    2.88
 -71489.235    23.676    -4.05    2.57
 -71115.873    22.641    -2.77    1.88
 -70741.782    22.585    -0.15    2.08
 -70364.782    24.437     4.91    3.54
 -69987.801    26.505     5.49    3.84
 -69610.838    27.809     3.46    4.11
 -69233.894    29.482     4.44    4.03
 -68856.968    30.714     3.27    3.72
 -68480.061    31.868     3.06    3.62
 -68103.173    33.670     4.78    3.44
 -67726.302    35.391     4.57    2.84
 -67349.451    36.592     3.19    3.04
 -66972.618    37.706     2.96    2.60
 -66595.803    38.277     1.52    2.45
 -66219.007    38.780     1.33    2.48
 -65842.229    39.436     1.74    1.75
 -65465.470    39.300    -0.36    1.54
 -65088.730    38.972    -0.87    1.97
 -64712.008    38.525    -1.19    2.69
 -64335.304    37.364    -3.08    3.27
 -63958.619    37.255    -0.29    3.48
 -63581.952    37.364     0.29    3.37
 -63205.303    36.573    -2.10    2.96
 -62828.674    34.823    -4.65    4.05
 -62452.062    31.949    -7.63    4.29
 -62075.469    29.937    -5.34    3.54
 -61698.895    29.292    -1.71    3.84
 -61322.338    30.982     4.49    5.12
 -60945.801    34.042     8.13    5.00
 -60569.281    35.573     4.07    3.52
 -60192.781    35.147    -1.13    3.56
 -59816.298    33.771    -3.66    4.25
 -59439.834    31.658    -5.61    4.18
 -59063.388    29.507    -5.72    3.32
 -58686.961    29.141    -0.97    3.85
 -58310.552    28.503    -1.70    4.28
 -57934.162    27.125    -3.66    4.56
 -57557.790    25.573    -4.12    4.68
 -57181.436    23.104    -6.56    4.03
 -56805.101    21.300    -4.79    3.86
 -56428.784    18.596    -7.19    4.06
 -56052.485    16.209    -6.34    4.44
 -55676.205    13.732    -6.58    3.78
 -55299.943    11.800    -5.13    2.45
 -54923.700    10.687    -2.96    1.58
 -54547.475    10.042    -1.71    1.57
 -54171.268     9.392    -1.73    1.50
 -53795.079     8.755    -1.69    1.35
 -53418.909     8.414    -0.91    1.54
 -53042.757     8.118    -0.79    1.64
 -52666.624     7.868    -0.66    1.77
 -52290.509     7.664    -0.54    1.54
 -51914.412     7.664     0.00    1.57
 -51538.333     7.459    -0.54    1.48
 -51162.273     7.687     0.60    1.39
 -50786.231     7.641    -0.12    1.40
 -50410.208     7.344    -0.79    1.70
 -50034.202     7.675     0.88    1.83
 -49658.215     7.459    -0.57    1.79
 -49282.246     7.436    -0.06    1.67
 -48906.296     7.832     1.05    1.35
 -48530.364     7.414    -1.11    1.49
 -48154.450     7.176    -0.63    1.59
 -47778.554     6.868    -0.82    1.50
 -47402.677     6.631    -0.63    1.44
 -47026.818     6.786     0.41    1.72
 -46650.977     7.368     1.55    1.58
 -46275.154     8.247     2.34    2.35
 -45899.350     8.805     1.48    2.02
 -45523.564     8.323    -1.28    2.20
 -45147.796     7.527    -2.12    2.59
 -44772.046     6.223    -3.47    1.50
 -44396.314     5.972    -0.67    1.16
 -44020.601     5.255    -1.91    1.40
 -43644.906     4.926    -0.87    1.70
 -43269.229     4.218    -1.88    1.94
 -42893.571     3.755    -1.23    2.05
 -42517.930     3.459    -0.79    2.46
 -42142.308     3.819     0.96    2.61
 -41766.704     3.764    -0.15    2.82
 -41391.118     3.573    -0.51    2.89
 -41015.551     3.439    -0.36    3.02
 -40640.001     3.080    -0.95    3.44
 -40264.470     3.800     1.92    4.02
 -39888.957     3.959     0.42    4.42
 -39513.462     4.527     1.51    4.19
 -39137.985     4.139    -1.04    3.56
 -38762.526     3.846    -0.78    2.73
 -38387.086     4.485     1.70    2.97
 -38011.663     4.725     0.64    2.94
 -37636.259     5.027     0.81    2.70
 -37260.873     5.073     0.12    2.49
 -36885.505     5.664     1.57    2.36
 -36510.155     6.619     2.54    4.19
 -36134.824     8.641     5.39    6.92
 -35759.510     9.890     3.33    7.07
 -35384.215     9.547    -0.91    7.01
 -35008.937     8.880    -1.78    6.43
 -34633.678     8.111    -2.05    4.27
 -34258.437     7.414    -1.86    1.79
 -33883.214     7.730     0.84    2.01
 -33508.009     8.755     2.73    4.42
 -33132.822     8.949     0.52    4.35
 -32757.654     9.232     0.76    4.18
 -32382.503     9.303     0.19    3.92
 -32007.370     8.223    -2.88    1.13
 -31632.256     8.005    -0.58    1.17
 -31257.159     7.952    -0.14    1.19
 -30882.081     7.709    -0.65    1.13
 -30507.021     6.755    -2.55    2.59
 -30131.978     5.187    -4.18    3.44
 -29756.954     3.141    -5.45    3.10
 -29381.948     1.755    -3.70    1.84
 -29006.960     1.482    -0.73    1.11
 -28631.990     1.696     0.57    1.02
 -28257.037     2.005     0.82    1.06
 -27882.103     1.982    -0.06    1.04
 -27507.187     2.065     0.22    1.74
 -27132.289     1.836    -0.61    2.13
 -26757.409     1.389    -1.19    2.03
 -26382.547     2.141     2.01    2.65
 -26007.703     2.721     1.55    2.48
 -25632.877     3.158     1.16    2.46
 -25258.069     3.755     1.59    2.07
 -24883.279     3.972     0.58    2.47
 -24508.507     4.614     1.71    2.95
 -24133.753     5.614     2.67    2.95
 -23759.017     6.027     1.10    2.83
 -23384.299     6.696     1.78    2.29
 -23009.599     6.800     0.28    2.33
 -22634.917     7.232     1.15    2.08
 -22260.253     7.623     1.04    1.85
 -21885.606     7.947     0.86    1.44
 -21510.978     7.589    -0.96    1.57
 -21136.368     6.732    -2.29    2.71
 -20761.775     6.365    -0.98    2.97
 -20387.201     6.484     0.32    3.10
 -20012.644     7.096     1.63    2.59
 -19638.106     8.367     3.40    1.40
 -19263.585     8.641     0.73    1.55
 -18889.082     8.764     0.33    1.58
 -18514.597     8.391    -1.00    2.18
 -18140.130     7.926    -1.24    2.93
 -17765.681     6.618    -3.49    3.20
 -17391.250     6.005    -1.64    3.28
 -17016.837     5.485    -1.39    3.69
 -16642.442     4.755    -1.95    3.75
 -16268.064     3.999    -2.02    3.88
 -15893.704     2.800    -3.20    3.40
 -15519.363     1.243    -4.16    2.08
 -15145.039     1.164    -0.21    2.07
 -14770.733     1.255     0.24    2.01
 -14396.445     1.200    -0.15    1.22
 -14022.175     1.164    -0.10    1.30
 -13647.922     1.219     0.15    1.52
 -13273.688     1.255     0.10    1.63
 -12899.471     1.600     0.92    1.69
 -12525.272     1.687     0.23    1.56
 -12151.091     1.903     0.58    1.38
 -11776.928     1.877    -0.07    1.34
 -11402.783     1.391    -1.30    1.56
 -11028.655     1.200    -0.51    1.51
 -10654.546     1.187    -0.03    1.49
 -10280.454     1.298     0.30    1.07
  -9906.380     1.300     0.01    1.08
  -9532.323     0.969    -0.88    1.32
  -9158.285     0.463    -1.35    1.55
  -8784.264     0.323    -0.37    1.34
  -8410.261     0.604     0.75    1.31
  -8036.276     1.005     1.07    1.17
  -7662.309     1.391     1.03    0.86
  -7288.360     1.550     0.43    1.07
  -6914.428     1.658     0.29    1.26
  -6540.514     1.731     0.19    1.31
  -6166.618     1.755     0.06    1.20
  -5792.739     2.033     0.74    1.17
  -5418.879     1.823    -0.56    1.17
  -5045.036     1.925     0.27    1.05
  -4671.211     1.505    -1.13    1.63
  -4297.403     1.480    -0.06    1.78
  -3923.614     1.365    -0.31    2.10
  -3549.842     1.414     0.13    1.75
  -3176.087     2.295     2.36    2.05
  -2802.351     2.096    -0.53    2.16
  -2428.632     1.670    -1.14    2.38
  -2054.931     2.005     0.90    2.78
  -1681.248     1.680    -0.87    2.82
  -1307.582     0.902    -2.08    2.66
   -933.935     0.073    -2.22    1.93
   -560.304    -0.562    -1.70    0.15
   -186.692    -0.586    -0.06    0.00
    186.903    -0.586     0.00    0.00
    560.480    -0.563     0.06    0.15
    934.039    -0.223     0.91    1.10
   1307.581     0.706     2.49    2.03
   1681.105     1.573     2.32    2.48
   2054.612     2.438     2.32    2.36
   2428.100     3.005     1.52    2.07
   2801.571     3.600     1.59    2.12
   3175.025     3.300    -0.80    2.48
   3548.460     2.459    -2.25    2.57
   3921.879     2.080    -1.01    2.25
   4297.615     2.323     0.65    2.35
   4674.566     3.145     2.18    2.35
   5051.499     3.553     1.08    2.11
   5428.414     3.914     0.96    1.77
   5805.311     3.550    -0.96    1.72
   6182.190     3.547    -0.01    1.66
   6559.050     3.755     0.55    1.57
   6935.893     3.680    -0.20    1.81
   7312.718     3.618    -0.16    2.17
   7689.525     3.323    -0.78    2.66
   8066.314     2.823    -1.33    2.53
   8443.085     2.437    -1.02    2.26
   8819.839     2.547     0.29    2.16
   9196.574     3.251     1.87    2.15
   9573.291     3.325     0.20    2.12
   9949.990     3.623     0.79    2.59
  10326.672     3.805     0.48    2.70
  10703.335     3.763    -0.11    2.89
  11079.981     3.832     0.19    2.66
  11456.608     3.982     0.40    2.14
  11833.218     4.368     1.03    1.80
  12209.810     4.618     0.66    1.72
  12586.383     4.505    -0.30    1.60
  12962.939     4.709     0.54    1.53
  13339.477     4.777     0.18    1.69
  13715.998     5.323     1.45    1.95
  14092.500     5.687     0.97    2.14
  14468.984     5.664    -0.06    2.48
  14845.451     5.482    -0.48    2.29
  15221.899     5.732     0.66    2.15
  15598.330     5.414    -0.85    2.19
  15974.743     5.187    -0.60    1.68
  16351.138     5.005    -0.48    1.60
  16727.515     4.344    -1.76    1.22
  17103.874     3.902    -1.17    1.78
  17480.216     3.152    -1.99    1.77
  17856.539     3.300     0.39    2.03
  18232.845     3.609     0.82    2.11
  18609.133     4.135     1.40    1.82
  18985.403     5.209     2.86    1.82
  19361.655     5.251     0.11    1.81
  19737.890     5.849     1.59    2.09
  20114.106     5.795    -0.14    1.79
  20490.305     5.482    -0.83    1.76
  20866.486     5.390    -0.24    1.92
  21242.649     5.277    -0.30    2.02
  21618.795     5.347     0.19    1.72
  21994.922     5.267    -0.21    1.84
  22371.032     5.236    -0.08    1.90
  22747.124     5.050    -0.49    1.78
  23123.198     4.868    -0.48    1.86
  23499.255     4.856    -0.03    2.07
  23875.294     4.771    -0.23    2.13
  24251.315     4.459    -0.83    1.63
  24627.318     4.316    -0.38    1.28
  25003.303     4.232    -0.22    1.24
  25379.271     4.232     0.00    1.24
  25755.221     4.080    -0.40    1.24
  26131.153     3.891    -0.50    1.32
  26507.067     3.633    -0.69    0.94
  26882.964     3.618    -0.04    0.95
  27258.843     3.819     0.53    0.94
  27634.704     4.005     0.50    1.19
  28010.547     4.274     0.72    1.37
  28386.373     4.511     0.63    1.88
  28762.181     5.232     1.92    2.32
  29137.971     5.639     1.08    2.55
  29513.744     5.747     0.29    2.53
  29889.499     6.042     0.78    2.46
  30265.236     6.005    -0.10    2.39
  30640.955     5.437    -1.51    2.15
  31016.657     5.106    -0.88    2.02
  31392.341     5.027    -0.21    1.66
  31768.008     5.024    -0.01    1.36
  32143.656     5.141     0.31    1.23
  32519.288     5.209     0.18    1.41
  32894.901     5.050    -0.42    1.08
  33270.497     4.959    -0.24    0.95
  33646.075     4.940    -0.05    0.92
  34021.635     4.505    -1.16    1.03
  34397.178     4.367    -0.37    1.09
  34772.703     4.323    -0.12    1.18
  35148.211     4.325     0.01    1.18
  35523.700     4.344     0.05    1.03
  35899.173     4.437     0.25    1.02
  36274.627     4.624     0.50    1.04
  36650.064     4.755     0.35    1.10
  37025.484     4.716    -0.10    1.41
  37400.885     4.823     0.28    1.72
  37776.269     4.959     0.36    1.78
  38151.636     4.804    -0.41    1.84
  38526.985     5.073     0.72    1.84
  38902.316     4.889    -0.49    1.41
  39277.630     4.891     0.01    1.34
  39652.926     4.687    -0.55    1.00
  40028.204     4.739     0.14    0.99
  40403.465     4.755     0.04    0.99
  40778.709     4.850     0.25    1.10
  41153.935     4.687    -0.43    1.02
  41529.143     4.682    -0.01    1.18
  41904.333     4.641    -0.11    1.22
  42279.507     4.459    -0.48    1.49
  42654.662     4.507     0.13    1.57
  43029.800     4.505    -0.01    1.31
  43404.921     4.861     0.95    0.98
  43780.023     4.732    -0.34    1.25
  44155.109     4.693    -0.10    1.20
  44530.177     4.992     0.80    1.03
  44905.227     5.303     0.83    1.03
  45280.260     5.652     0.93    1.14
  45655.275     5.573    -0.21    1.20
  46030.273     5.568    -0.01    1.61
  46405.253     5.255    -0.83    1.45
  46780.216     5.096    -0.42    1.44
  47155.161     5.111     0.04    1.39
  47530.089     4.868    -0.65    1.37
  47904.999     4.585    -0.76    1.28
  48279.892     4.618     0.09    1.27
  48654.767     4.670     0.14    1.29
  49029.625     4.982     0.83    1.13
  49404.465     5.232     0.67    0.95
  49779.288     4.925    -0.82    1.16
  50154.093     4.769    -0.42    1.23
  50528.881     4.914     0.39    1.22
  50903.652     4.937     0.06    1.23
  51278.405     4.773    -0.44    1.27
  51653.140     4.596    -0.47    1.53
  52027.858     4.459    -0.36    1.51
  52402.559     4.158    -0.80    1.94
  52777.242     4.027    -0.35    2.14
  53151.908     4.264     0.63    2.23
  53526.556     4.141    -0.33    2.11
  53901.187     4.194     0.14    1.70
  54275.801     4.614     1.12    1.60
  54650.397     5.073     1.23    1.55
  55024.975     5.251     0.48    2.22
  55399.537     5.073    -0.48    1.99
  55774.080     5.019    -0.14    2.21
  56148.607     4.391    -1.68    1.59
  56523.116     4.228    -0.44    1.62
  56897.608     4.414     0.50    1.61
  57272.082     4.527     0.30    1.50
  57646.539     4.795     0.71    1.38
  58020.978     5.164     0.99    1.01
  58395.400     5.209     0.12    0.92
  58769.805     5.527     0.85    1.35
  59144.193     5.596     0.18    1.60
  59518.563     6.391     2.12    2.75
  59892.915     6.914     1.40    2.92
  60267.251     7.633     1.92    2.86
  60641.569     8.755     3.00    2.66
  61015.869     9.645     2.38    1.46
  61390.153     9.618    -0.07    1.30
  61764.419     9.391    -0.61    1.34
  62138.667     9.460     0.18    1.48
  62512.898     9.437    -0.06    1.53
  62887.112     9.902     1.24    1.70
  63261.309    10.323     1.13    1.52
  63635.488    11.106     2.09    2.14
  64009.651    12.600     3.99    3.28
  64383.795    14.323     4.61    3.58
  64757.923    16.716     6.40    3.40
  65132.033    18.592     5.01    2.14
  65506.126    19.214     1.66    1.51
  65880.201    19.505     0.78    1.24
  66254.260    19.363    -0.38    1.38
  66628.301    19.505     0.38    1.33
  67002.324    19.755     0.67    1.36
  67376.331    19.995     0.64    1.48
  67750.320    20.141     0.39    1.42
  68124.292    20.183     0.11    1.20
  68498.247    20.368     0.50    1.14
  68872.184    20.339    -0.08    1.19
  69246.104    20.527     0.50    1.13
  69620.007    20.573     0.12    1.16
  69993.893    20.716     0.38    1.39
  70367.761    20.777     0.16    1.42
  70741.612    21.072     0.79    1.48
  71115.446    21.277     0.55    1.42
  71489.263    21.365     0.23    1.28
  71863.063    21.325    -0.11    1.33
  72236.845    21.209    -0.31    1.44
  72610.610    21.018    -0.51    1.33
  72984.358    20.914    -0.28    1.52
  73358.089    20.256    -1.76    1.48
  73731.802    20.141    -0.31    1.88
  74105.498    19.438    -1.88    2.60
  74479.178    18.391    -2.80    3.47
  74852.839    17.480    -2.44    3.88
  75226.484    16.716    -2.05    3.94
  75600.112    15.868    -2.27    3.10
  75973.722    15.519    -0.93    2.59
  76347.315    16.346     2.21    2.44
  76720.891    17.437     2.92    2.52
  77094.450    18.777     3.59    2.63
  77467.992    19.592     2.18    3.18
  77841.517    20.342     2.01    2.95
  78215.024    20.323    -0.05    3.14
  78588.514    20.624     0.81    2.74
  78962.352    19.800    -2.20    3.05
  79339.271    19.344    -1.21    3.20
  79716.172    19.414     0.19    3.22
  80093.055    19.573     0.42    3.00
  80469.921    20.260     1.82    2.13
  80846.770    21.232     2.58    2.19
  81223.601    22.170     2.49    2.02
  81600.415    23.027     2.28    1.57
  81977.211    23.641     1.63    1.40
  82353.990    23.809     0.45    1.16
  82730.751    23.641    -0.45    0.91
  83107.495    23.835     0.51    0.89
  83484.222    23.846     0.03    0.90
  83860.931    23.972     0.34    1.08
  84237.622    24.277     0.81    1.46
  84614.297    24.255    -0.06    1.46
  84990.954    24.585     0.88    1.58
  85367.593    25.027     1.18    1.70
  85744.215    24.798    -0.61    1.52
  86120.820    24.786    -0.03    1.48
  86497.407    24.755    -0.08    1.41
  86873.977    24.344    -1.09    1.10
  87250.529    24.141    -0.54    1.23
  87627.065    24.114    -0.07    1.36
  88003.582    23.187    -2.46    2.48
  88380.083    21.463    -4.58    3.73
  88756.566    20.277    -3.15    3.73
  89133.031    19.164    -2.96    3.01
  89509.480    18.366    -2.12    2.13
  89885.911    19.096     1.94    2.20
  90262.324    19.927     2.21    2.65
  90638.720    20.846     2.44    2.42
  91015.099    21.693     2.25    2.57
  91391.461    22.414     1.92    2.37
  91767.805    23.836     3.78    2.72
  92144.132    25.114     3.40    2.20
  92520.441    25.709     1.58    1.59
  92896.734    25.975     0.71    1.34
  93273.009    25.700    -0.73    0.94
  93649.266    26.158     1.22    1.36
  94025.507    26.319     0.43    1.43
  94401.730    26.505     0.49    1.67
  94777.935    26.487    -0.05    1.82
  95154.124    26.187    -0.80    1.80
  95530.295    25.985    -0.54    1.70
  95906.449    26.096     0.29    1.76
  96282.585    26.274     0.47    2.33
  96658.704    27.039     2.03    2.31
  97034.806    27.868     2.21    2.49
  97410.891    28.780     2.42    2.03
  97786.959    28.414    -0.97    1.94
  98163.009    27.346    -2.84    3.17
  98539.042    26.104    -3.30    3.48
  98915.058    24.058    -5.44    3.53
  99291.056    22.557    -3.99    2.72
  99667.037    21.995    -1.49    2.58
 100043.001    21.223    -2.05    2.36
 100418.948    21.298     0.20    2.41
 100794.877    21.164    -0.36    2.13
 101170.790    20.961    -0.54    1.80
 101546.685    21.147     0.49    1.75
 101922.563    21.646     1.33    2.39
 102298.423    21.890     0.65    2.13
 102674.267    21.949     0.16    2.03
 103050.093    22.192     0.65    2.01
 103425.902    22.005    -0.50    2.02
 103801.694    21.877    -0.34    1.52
 104177.468    22.959     2.88    2.71
 104553.226    24.623     4.43    3.85
 104928.966    25.700     2.86    4.25
 105304.689    26.800     2.93    4.23
 105680.395    27.152     0.94    4.01
 106056.084    28.232     2.87    3.84
 106431.755    28.832     1.60    3.34
 106807.410    28.914     0.22    2.95
 107183.047    28.553    -0.96    3.48
 107558.667    27.641    -2.43    3.25
 107934.270    27.623    -0.05    3.06
 108309.856    28.200     1.53    3.16
 108685.425    29.258     2.82    3.03
 109060.976    29.972     1.90    2.81
 109436.511    30.902     2.48    2.60
 109812.028    31.321     1.11    2.31
 110187.528    31.236    -0.23    2.05
 110563.011    30.755    -1.28    2.03
 110938.477    30.485    -0.72    1.58
 111313.926    30.209    -0.73    1.44
 111689.357    30.391     0.48    1.50
 112064.772    30.670     0.74    1.60
 112440.169    30.763     0.25    1.34
 112815.550    30.795     0.09    1.15
 113190.913    30.716    -0.21    1.19
 113566.259    31.204     1.30    1.42
 113941.589    31.777     1.53    1.53
 114316.901    32.577     2.13    1.53
 114692.196    33.118     1.44    1.34
 115067.473    33.181     0.17    1.36
 115442.734    32.961    -0.59    1.43
 115817.978    32.530    -1.15    1.76
 116193.205    32.181    -0.93    2.37
 116568.415    31.346    -2.23    2.82
 116943.607    29.925    -3.78    3.55
 117318.783    28.880    -2.78    3.63
 117693.941    27.187    -4.51    2.79
 118069.083    26.628    -1.49    2.62
 118444.207    27.164     1.43    2.83
 118819.315    28.088     2.46    3.34
 119194.405    29.018     2.48    3.54
 119569.479    30.646     4.34    3.70
 119944.535    32.033     3.70    3.70
 120319.574    33.073     2.77    3.31
 120694.597    33.553     1.28    2.80
 121069.602    33.300    -0.68    2.42
 121444.591    32.995    -0.81    2.18
 121819.562    31.937    -2.82    2.95
 122194.516    30.868    -2.85    3.09
 122569.454    30.723    -0.39    3.35
 122944.374    31.777     2.81    3.53
 123319.278    33.553     4.74    3.16
 123694.164    34.391     2.23    2.96
 124069.034    33.739    -1.74    3.01
 124443.886    32.903    -2.23    2.75
 124818.722    32.964     0.16    2.81
 125193.540    32.664    -0.80    2.61
