-276795.979    30.863     0.00    2.73
-276419.396    31.361     1.32    2.61
-276042.830    31.562     0.53    2.46
-275666.282    31.371    -0.51    2.14
-275289.752    31.451     0.21    2.25
-274913.240    30.730    -1.91    2.33
-274536.746    29.870    -2.29    2.24
-274160.270    29.008    -2.29    2.57
-273783.812    27.916    -2.90    2.48
-273407.371    26.707    -3.21    2.09
-273030.949    26.599    -0.29    1.72
-272654.544    27.258     1.75    1.83
-272278.157    28.781     4.05    2.19
-271901.788    30.508     4.59    2.44
-271525.437    31.849     3.56    2.48
-271149.104    33.008     3.08    2.31
-270772.789    33.707     1.86    2.20
-270396.491    34.349     1.71    2.18
-270020.211    34.258    -0.24    2.26
-269643.950    33.144    -2.96    2.87
-269267.706    32.053    -2.90    2.85
-268891.479    31.303    -1.99    2.45
-268515.271    31.599     0.79    2.62
-268139.080    33.059     3.88    2.76
-267762.908    33.265     0.55    2.46
-267386.753    33.806     1.44    2.19
-267010.616    33.849     0.11    2.20
-266634.496    33.485    -0.97    1.91
-266258.395    33.591     0.28    1.76
-265882.311    33.095    -1.32    1.65
-265506.245    32.773    -0.86    1.90
-265130.197    32.621    -0.40    2.15
-264754.166    32.428    -0.51    2.19
-264378.154    32.079    -0.93    2.10
-264002.159    30.940    -3.03    1.99
-263626.182    30.749    -0.51    2.03
-263250.222    31.657     2.42    2.21
-262874.281    32.684     2.73    1.69
-262498.357    33.371     1.83    1.58
-262122.451    33.297    -0.20    1.53
-261746.562    32.844    -1.20    1.66
-261370.692    32.349    -1.32    2.04
-260994.839    31.890    -1.22    2.01
-260619.004    32.031     0.38    2.04
-260243.186    32.440     1.09    2.05
-259867.387    32.777     0.90    2.14
-259491.605    33.144     0.98    2.18
-259115.841    33.306     0.43    2.36
-258740.094    33.190    -0.31    2.04
-258364.365    33.630     1.17    2.41
-257988.654    33.871     0.64    2.13
-257612.960    34.281     1.09    2.24
-257237.285    33.986    -0.78    2.01
-256861.627    34.008     0.06    1.95
-256485.986    34.015     0.02    1.82
-256110.363    34.076     0.16    1.71
-255734.758    34.428     0.94    1.83
-255359.171    34.803     1.00    1.79
-254983.601    35.121     0.85    1.88
-254608.049    35.504     1.02    1.85
-254232.515    36.258     2.01    2.03
-253856.998    36.090    -0.45    1.99
-253481.499    36.784     1.85    1.74
-253106.017    37.777     2.64    1.88
-252730.554    39.099     3.52    2.65
-252355.107    40.940     4.90    2.65
-251979.679    41.991     2.80    2.19
-251604.268    42.599     1.62    2.33
-251228.875    42.866     0.71    2.44
-250853.499    44.053     3.16    2.65
-250478.141    45.079     2.73    2.49
-250102.800    46.190     2.96    2.33
-249727.477    47.599     3.76    2.23
-249352.172    48.119     1.39    2.02
-248976.884    48.212     0.25    2.14
-248601.614    48.297     0.22    2.26
-248226.362    48.826     1.41    2.72
-247851.127    49.584     2.02    2.62
-247475.909    49.614     0.08    2.62
-247100.710    48.712    -2.40    2.92
-246725.527    46.966    -4.66    2.81
-246350.363    45.099    -4.98    3.09
-245975.216    43.870    -3.28    2.86
-245600.086    43.121    -2.00    2.75
-245224.974    42.167    -2.55    2.67
-244849.879    40.990    -3.14    2.89
-244474.803    39.326    -4.44    2.58
-244099.743    38.427    -2.40    2.00
-243724.701    38.826     1.06    2.33
-243349.677    40.009     3.16    2.49
-242974.670    40.485     1.27    2.28
-242599.681    41.735     3.33    2.67
-242224.709    43.615     5.01    3.52
-241849.755    46.099     6.63    3.35
-241474.818    48.281     5.82    2.56
-241099.899    49.121     2.24    2.22
-240724.997    48.144    -2.61    2.99
-240350.113    46.242    -5.08    3.31
-239975.246    44.485    -4.69    3.02
-239600.397    43.068    -3.78    2.23
-239225.565    42.735    -0.89    2.32
-238850.751    42.525    -0.56    2.72
-238475.954    42.076    -1.20    3.04
-238101.175    41.076    -2.67    3.05
-237726.413    39.847    -3.28    2.73
-237351.668    37.917    -5.15    2.57
-236976.941    36.492    -3.80    2.01
-236602.232    35.576    -2.45    1.79
-236227.540    35.149    -1.14    1.83
-235852.865    35.229     0.21    1.90
-235478.208    35.406     0.47    2.05
-235103.568    35.242    -0.44    1.95
-234728.946    34.826    -1.11    2.01
-234354.341    33.861    -2.58    2.16
-233979.753    32.940    -2.46    1.46
-233605.183    32.870    -0.19    1.42
-233230.630    33.826     2.55    2.18
-232856.095    35.651     4.87    3.09
-232481.577    37.866     5.92    3.00
-232107.077    38.826     2.56    3.06
-231732.594    38.703    -0.33    3.39
-231358.128    38.258    -1.19    3.15
-230983.680    37.777    -1.28    2.40
-230609.249    38.053     0.74    2.25
-230234.835    39.303     3.34    2.82
-229860.439    40.640     3.57    3.01
-229486.060    41.962     3.53    2.97
-229111.699    43.115     3.08    3.10
-228737.355    44.212     2.93    3.04
-228363.028    45.707     3.99    3.02
-227988.718    46.940     3.29    2.69
-227614.426    48.219     3.42    2.53
-227240.152    49.273     2.82    2.55
-226865.894    49.599     0.87    2.30
-226491.654    49.013    -1.57    2.68
-226117.432    47.599    -3.78    2.78
-225743.226    46.335    -3.38    2.41
-225369.038    45.190    -3.06    2.47
-224994.868    44.190    -2.67    2.28
-224620.714    43.632    -1.49    1.88
-224246.578    44.803     3.13    3.01
-223872.459    46.818     5.39    3.22
-223498.358    48.690     5.00    2.63
-223124.274    49.614     2.47    2.00
-222750.207    48.849    -2.05    2.65
-222376.157    47.190    -4.44    3.04
-222002.125    45.735    -3.89    3.21
-221628.110    44.190    -4.13    3.06
-221254.112    42.257    -5.17    3.24
-220880.131    40.576    -4.49    3.05
-220506.168    39.326    -3.34    2.63
-220132.222    38.190    -3.04    2.53
-219758.294    37.076    -2.98    2.40
-219384.382    36.478    -1.60    2.42
-219010.488    35.803    -1.81    2.43
-218636.611    34.749    -2.82    2.36
-218262.751    33.599    -3.08    2.16
-217888.909    32.508    -2.92    1.66
-217515.083    32.358    -0.40    1.62
-217141.275    32.326    -0.09    1.78
-216767.485    32.440     0.30    1.63
-216393.711    31.690    -2.01    1.79
-216019.955    31.535    -0.41    1.53
-215646.215    32.394     2.30    2.32
-215272.494    33.781     3.71    3.04
-214898.789    35.637     4.97    3.60
-214525.101    37.735     5.61    3.63
-214151.431    38.720     2.64    3.58
-213777.778    39.781     2.84    3.40
-213404.142    41.463     4.50    3.29
-213030.523    43.303     4.93    3.34
-212656.921    45.349     5.48    2.94
-212283.337    47.354     5.37    3.24
-211909.770    49.258     5.10    2.99
-211533.373    50.990     4.60    2.56
-211156.373    51.258     0.71    2.35
-210779.390    51.102    -0.41    2.54
-210402.425    50.800    -0.80    2.72
-210025.478    50.591    -0.56    2.49
-209648.548    50.196    -1.05    2.33
-209271.635    49.508    -1.83    2.68
-208894.740    48.232    -3.38    3.01
-208517.863    47.288    -2.50    3.01
-208141.002    46.917    -0.99    2.89
-207764.160    46.544    -0.99    2.59
-207387.335    45.849    -1.85    2.29
-207010.527    45.071    -2.06    2.54
-206633.737    43.917    -3.06    2.44
-206256.964    42.056    -4.94    2.43
-205880.208    40.849    -3.20    2.60
-205503.470    39.417    -3.80    2.39
-205126.750    38.015    -3.72    2.47
-204750.047    36.735    -3.40    2.12
-204373.361    35.842    -2.37    1.87
-203996.693    35.621    -0.59    1.80
-203620.042    36.508     2.35    2.17
-203243.408    37.428     2.44    2.51
-202866.792    38.803     3.65    2.69
-202490.194    39.308     1.34    3.12
-202113.612    40.281     2.58    3.03
-201737.049    41.707     3.79    3.06
-201360.502    42.531     2.19    2.41
-200983.973    42.962     1.15    1.84
-200607.461    42.598    -0.97    2.01
-200230.967    41.258    -3.56    2.42
-199854.490    39.452    -4.80    2.59
-199478.031    38.121    -3.54    2.39
-199101.588    36.576    -4.11    2.55
-198725.163    35.382    -3.17    2.63
-198348.756    34.235    -3.05    2.73
-197972.366    33.515    -1.91    2.52
-197595.993    33.212    -0.80    2.64
-197219.637    32.765    -1.19    2.87
-196843.299    33.144     1.01    3.21
-196466.979    32.826    -0.85    3.48
-196090.675    32.178    -1.72    3.79
-195714.389    31.940    -0.63    3.84
-195338.120    31.273    -1.77    4.00
-194961.869    30.394    -2.34    3.90
-194585.634    29.777    -1.64    3.84
-194209.417    28.172    -4.27    3.54
-193833.218    26.940    -3.28    3.08
-193457.036    26.165    -2.06    2.78
-193080.871    26.008    -0.42    2.85
-192704.723    25.465    -1.44    2.67
-192328.592    25.749     0.76    3.42
-191952.479    25.195    -1.47    3.15
-191576.383    24.614    -1.55    3.15
-191200.305    23.871    -1.97    3.11
-190824.243    23.452    -1.12    3.74
-190448.199    23.053    -1.06    3.69
-190072.173    22.583    -1.25    3.60
-189696.163    22.871     0.77    3.47
-189320.171    22.730    -0.38    3.31
-188944.196    22.257    -1.26    3.14
-188568.238    21.144    -2.96    3.43
-188192.297    20.640    -1.34    3.64
-187816.374    19.916    -1.93    3.42
-187440.468    19.009    -2.41    3.52
-187064.579    18.009    -2.66    3.40
-186688.707    17.053    -2.54    2.94
-186312.853    16.665    -1.03    3.23
-185937.016    16.462    -0.54    3.15
-185561.196    16.135    -0.87    2.83
-185185.393    15.606    -1.41    2.43
-184809.607    14.870    -1.96    2.32
-184433.839    14.392    -1.27    2.07
-184058.088    13.962    -1.14    1.92
-183682.354    13.440    -1.39    1.85
-183306.637    13.684     0.65    2.74
-182930.937    14.475     2.10    3.59
-182555.254    15.826     3.60    4.05
-182179.589    17.358     4.08    4.68
-181803.941    18.465     2.95    4.11
-181428.310    19.940     3.93    3.67
-181052.696    20.035     0.25    4.29
-180677.099    20.511     1.27    4.78
-180301.520    22.358     4.92    4.70
-179925.958    23.451     2.91    4.32
-179550.412    24.599     3.06    4.07
-179174.884    26.011     3.76    4.18
-178799.373    26.440     1.14    3.47
-178423.879    26.102    -0.90    3.11
-178048.403    25.416    -1.83    3.36
-177672.943    22.644    -7.38    2.99
-177297.500    20.630    -5.37    2.97
-176922.075    19.184    -3.85    3.05
-176546.667    17.416    -4.71    3.13
-176171.276    15.940    -3.93    3.50
-175795.902    15.009    -2.48    3.20
-175420.545    13.712    -3.46    2.84
-175045.205    13.079    -1.69    2.48
-174669.882    13.821     1.98    2.89
-174294.576    15.349     4.07    4.83
-173919.287    17.079     4.61    5.78
-173544.016    18.511     3.82    6.05
-173168.761    19.870     3.62    4.91
-172793.524    20.440     1.52    3.51
-172418.304    22.031     4.24    3.55
-172043.100    24.202     5.79    3.64
-171667.914    25.849     4.39    3.54
-171292.745    27.358     4.02    2.40
-170917.593    27.725     0.98    2.17
-170542.457    26.758    -2.58    2.53
-170167.339    25.598    -3.09    2.40
-169792.238    25.229    -0.99    2.44
-169417.154    24.583    -1.72    2.57
-169042.087    23.451    -3.02    2.93
-168667.037    23.321    -0.35    3.04
-168292.004    22.576    -1.99    3.52
-167916.988    21.053    -4.06    3.92
-167541.989    20.403    -1.73    4.81
-167167.007    19.599    -2.15    4.98
-166792.042    18.637    -2.56    4.82
-166417.094    17.297    -3.58    5.40
-166042.163    15.265    -5.42    5.83
-165667.249    13.417    -4.93    5.59
-165292.352    12.916    -1.34    5.33
-164917.472    12.715    -0.54    5.04
-164542.609    12.917     0.54    4.74
-164167.763    12.661    -0.68    4.22
-163792.934    11.511    -3.07    4.21
-163418.122     9.870    -4.38    3.44
-163043.326     8.568    -3.48    3.66
-162668.548     7.053    -4.04    3.15
-162293.787     6.330    -1.93    2.94
-161919.042     5.258    -2.86    1.88
-161544.315     5.086    -0.46    1.56
-161169.604     4.892    -0.52    1.38
-160794.911     4.614    -0.74    1.27
-160420.234     4.440    -0.47    1.25
-160045.575     4.417    -0.06    1.11
-159670.932     4.306    -0.30    0.92
-159296.306     4.440     0.36    0.85
-158921.697     4.249    -0.51    0.95
-158547.105     3.962    -0.77    0.98
-158172.530     3.777    -0.50    0.95
-157797.971     3.745    -0.09    1.03
-157423.430     3.462    -0.75    1.07
-157048.905     3.540     0.21    1.01
-156674.398     3.371    -0.45    1.04
-156299.907     3.265    -0.28    0.99
-155925.433     3.428     0.43    1.08
-155550.976     3.281    -0.39    1.18
-155176.536     3.165    -0.31    1.35
-154802.113     3.076    -0.24    1.27
-154427.706     3.299     0.59    1.40
-154053.317     3.754     1.22    1.65
-153678.944     4.475     1.93    1.52
-153304.588     5.102     1.68    1.63
-152930.249     6.462     3.63    3.25
-152555.927     8.140     4.48    3.80
-152181.622    10.940     7.48    5.05
-151807.334    14.515     9.55    4.94
-151433.062    16.258     4.66    3.61
-151058.807    17.485     3.28    2.62
-150684.569    17.591     0.28    2.14
-150310.348    17.258    -0.89    1.27
-149936.143    17.782     1.40    1.53
-149561.956    18.167     1.03    1.52
-149187.785    18.273     0.28    1.54
-148813.631    18.162    -0.30    1.49
-148439.494    17.894    -0.72    1.51
-148065.374    17.725    -0.45    1.62
-147691.270    17.940     0.57    1.73
-147317.183    17.709    -0.62    1.40
-146943.113    17.644    -0.17    1.41
-146569.060    17.498    -0.39    1.30
-146195.023    17.326    -0.46    1.24
-145821.004    17.462     0.36    1.11
-145447.001    17.440    -0.06    1.13
-145073.014    17.644     0.55    1.27
-144699.045    18.042     1.06    1.25
-144325.092    18.508     1.25    1.63
-143951.156    18.847     0.91    1.54
-143577.237    18.940     0.25    1.58
-143203.334    18.172    -2.05    2.02
-142829.449    17.709    -1.24    2.23
-142455.580    16.894    -2.18    2.49
-142081.727    16.208    -1.84    2.29
-141707.892    15.440    -2.06    2.34
-141334.073    14.730    -1.90    2.28
-140960.271    14.281    -1.20    2.05
-140586.485    13.826    -1.22    1.86
-140212.717    13.735    -0.24    1.91
-139838.964    13.621    -0.30    1.09
-139465.229    13.940     0.85    1.28
-139091.510    14.707     2.05    1.52
-138717.808    15.149     1.18    1.63
-138344.123    15.056    -0.25    1.71
-137970.455    14.985    -0.19    1.90
-137596.803    14.376    -1.63    2.01
-137223.167    13.758    -1.65    1.24
-136848.635    13.844     0.23    1.39
-136471.666    14.394     1.46    1.55
-136094.715    14.644     0.66    1.58
-135717.781    14.647     0.01    1.42
-135340.864    14.417    -0.61    1.27
-134963.963    14.115    -0.80    1.34
-134587.080    13.871    -0.65    1.23
-134210.213    14.079     0.55    1.26
-133833.364    14.009    -0.19    0.99
-133456.531    14.508     1.32    1.44
-133079.716    15.145     1.69    1.75
-132702.917    15.599     1.20    1.70
-132326.136    15.892     0.78    1.58
-131949.371    15.735    -0.42    1.62
-131572.623    15.485    -0.66    1.59
-131195.892    15.365    -0.32    1.48
-130819.178    14.940    -1.13    1.31
-130442.481    14.324    -1.63    1.09
-130065.801    13.985    -0.90    0.94
-129689.138    13.754    -0.61    0.82
-129312.491    13.758     0.01    0.79
-128935.862    13.735    -0.06    0.79
-128559.249    13.837     0.27    0.94
-128182.654    14.144     0.82    1.02
-127806.075    14.225     0.22    1.11
-127429.513    14.303     0.21    1.30
-127052.968    14.451     0.39    1.25
-126676.440    14.515     0.17    1.15
-126299.928    14.553     0.10    1.15
-125923.434    14.861     0.82    1.28
-125546.957    15.212     0.93    1.40
-125170.496    15.335     0.33    1.47
-124794.052    15.712     1.00    1.38
-124417.625    15.758     0.12    1.19
-124041.215    16.203     1.18    1.64
-123664.822    16.758     1.47    1.65
-123288.445    17.281     1.39    1.67
-122912.086    18.121     2.23    1.86
-122535.743    18.576     1.21    1.83
-122159.417    19.140     1.50    1.91
-121783.108    19.531     1.04    1.88
-121406.815    19.861     0.88    1.85
-121030.540    20.053     0.51    1.81
-120654.281    20.405     0.93    1.82
-120278.039    21.033     1.67    2.04
-119901.814    22.076     2.77    2.43
-119525.606    23.361     3.42    2.40
-119149.415    24.894     4.08    2.92
-118773.240    26.765     4.97    2.30
-118397.082    27.167     1.07    2.08
-118020.941    26.758    -1.09    3.10
-117644.816    26.102    -1.74    3.44
-117268.709    24.712    -3.70    4.01
-116892.618    23.861    -2.26    3.45
-116516.544    23.962     0.27    3.28
-116140.487    23.707    -0.68    3.46
-115764.446    23.940     0.62    3.29
-115388.422    23.754    -0.49    3.05
-115012.415    23.427    -0.87    2.28
-114636.425    23.099    -0.87    1.92
-114260.451    23.093    -0.01    2.18
-113884.494    23.417     0.86    2.37
-113508.554    24.349     2.48    3.10
-113132.631    25.126     2.07    2.94
-112756.724    26.008     2.35    2.82
-112380.834    27.203     3.18    2.30
-112004.961    27.962     2.02    2.42
-111629.105    29.102     3.03    2.45
-111253.265    29.940     2.23    3.06
-110877.442    29.735    -0.54    3.65
-110501.635    28.240    -3.98    4.62
-110125.845    26.417    -4.85    4.06
-109750.072    24.401    -5.36    3.14
-109374.316    23.195    -3.21    2.27
-108998.576    21.803    -3.71    1.82
-108622.853    21.800    -0.01    2.01
-108247.147    21.871     0.19    2.03
-107871.457    21.782    -0.24    2.15
-107495.784    21.531    -0.67    2.05
-107120.128    20.730    -2.13    1.68
-106744.488    20.144    -1.56    1.25
-106368.865    20.288     0.38    1.43
-105993.259    20.590     0.80    1.53
-105617.669    20.781     0.51    1.52
-105242.096    20.709    -0.19    1.55
-104866.540    20.394    -0.84    1.55
-104491.000    19.637    -2.02    1.75
-104115.477    18.800    -2.23    2.42
-103739.970    17.803    -2.65    2.37
-103364.480    17.273    -1.41    2.42
-102989.007    16.417    -2.28    2.72
-102613.550    14.915    -4.00    3.06
-102238.110    13.195    -4.58    2.55
-101862.687    12.053    -3.04    1.87
-101487.280    11.392    -1.76    1.47
-101111.889    11.667     0.73    2.17
-100736.516    13.150     3.95    2.99
-100361.159    14.417     3.38    3.09
 -99985.818    15.475     2.82    3.03
 -99610.494    16.576     2.93    2.56
 -99235.187    16.591     0.04    2.17
 -98859.896    17.119     1.41    2.11
 -98484.622    17.576     1.22    2.38
 -98109.364    17.665     0.24    2.56
 -97734.123    17.212    -1.21    2.55
 -97358.898    16.847    -0.97    2.62
 -96983.690    16.730    -0.31    2.34
 -96608.499    16.462    -0.71    1.44
 -96233.324    16.427    -0.09    1.50
 -95858.165    16.008    -1.12    1.39
 -95483.023    16.416     1.09    1.95
 -95107.898    17.508     2.91    2.99
 -94732.789    17.695     0.50    2.87
 -94357.697    17.840     0.39    2.77
 -93982.621    17.599    -0.64    2.30
 -93607.562    17.440    -0.42    1.93
 -93232.519    17.531     0.24    2.02
 -92857.493    17.661     0.35    1.98
 -92482.483    17.126    -1.43    1.28
 -92107.490    17.986     2.29    2.12
 -91732.513    18.965     2.61    3.14
 -91357.553    19.417     1.20    3.36
 -90982.609    20.140     1.93    3.61
 -90607.682    19.986    -0.41    3.50
 -90232.771    20.591     1.61    3.43
 -89857.877    21.797     3.22    3.24
 -89482.999    23.826     5.41    2.77
 -89108.137    24.529     1.88    1.76
 -88733.292    23.871    -1.76    1.65
 -88358.464    23.083    -2.11    1.98
 -87983.652    22.172    -2.43    1.66
 -87608.856    21.654    -1.38    1.35
 -87234.077    22.135     1.28    1.65
 -86859.314    22.962     2.21    1.95
 -86484.568    23.415     1.21    1.93
 -86109.838    23.870     1.21    1.62
 -85735.125    24.009     0.37    1.71
 -85360.428    23.916    -0.25    1.58
 -84985.747    23.868    -0.13    1.67
 -84611.083    23.690    -0.48    1.81
 -84236.435    23.962     0.73    1.73
 -83861.804    23.815    -0.39    1.65
 -83487.189    23.606    -0.56    1.69
 -83112.591    22.985    -1.66    1.46
 -82738.009    22.559    -1.14    0.88
 -82363.443    22.661     0.27    0.91
 -81988.893    22.630    -0.08    0.81
 -81614.361    23.126     1.32    1.38
 -81239.844    23.916     2.11    2.67
 -80865.344    25.008     2.92    2.92
 -80490.860    26.035     2.74    2.50
 -80116.392    26.987     2.54    2.50
 -79741.941    27.475     1.30    2.56
 -79367.507    27.868     1.05    3.01
 -78993.088    27.621    -0.66    3.71
 -78618.686    26.963    -1.76    3.91
 -78244.301    26.335    -1.68    3.55
 -77869.931    25.172    -3.11    2.97
 -77495.578    25.219     0.12    2.49
 -77121.242    24.893    -0.87    2.54
 -76746.921    23.797    -2.93    2.51
 -76372.617    22.417    -3.69    2.42
 -75998.330    21.281    -3.04    1.99
 -75624.058    20.630    -1.74    1.39
 -75249.803    20.265    -0.98    1.04
 -74875.565    20.219    -0.12    1.18
 -74501.342    20.242     0.06    1.06
 -74127.136    20.154    -0.24    1.00
 -73752.946    20.130    -0.06    1.06
 -73378.773    20.362     0.62    1.08
 -73004.616    20.707     0.92    1.29
 -72630.475    20.871     0.44    1.34
 -72256.350    20.823    -0.13    1.42
 -71882.242    20.985     0.43    1.41
 -71508.150    20.894    -0.24    1.46
 -71134.074    21.358     1.24    1.68
 -70760.014    20.591    -2.05    2.30
 -70385.971    20.167    -1.13    2.73
 -70011.944    20.498     0.88    3.30
 -69637.933    20.667     0.45    3.32
 -69263.939    21.335     1.79    3.16
 -68889.960    21.844     1.36    2.66
 -68515.998    21.416    -1.15    2.76
 -68142.053    20.800    -1.65    2.46
 -67768.123    20.667    -0.36    2.41
 -67394.210    20.797     0.35    2.39
 -67020.313    20.735    -0.16    1.97
 -66646.432    20.576    -0.43    1.75
 -66272.567    20.583     0.02    1.94
 -65898.719    20.847     0.71    1.85
 -65524.887    21.033     0.50    1.59
 -65151.071    20.823    -0.56    1.76
 -64777.271    20.335    -1.31    1.61
 -64403.487    20.121    -0.57    1.57
 -64029.720    19.892    -0.61    1.53
 -63655.969    19.815    -0.21    1.57
 -63282.234    19.940     0.33    1.74
 -62908.515    20.040     0.27    1.84
 -62534.813    20.463     1.13    1.84
 -62161.126    20.544     0.22    2.05
 -61785.102    20.521    -0.06    2.11
 -61408.179    20.498    -0.06    1.97
 -61031.273    20.665     0.44    2.14
 -60654.384    20.803     0.37    2.03
 -60277.511    20.501    -0.80    1.64
 -59900.654    20.053    -1.19    1.60
 -59523.814    19.130    -2.45    1.71
 -59146.990    17.165    -5.22    3.09
 -58770.183    15.644    -4.04    3.23
 -58393.392    15.715     0.19    3.36
 -58016.618    16.630     2.43    3.76
 -57639.860    18.358     4.59    2.82
 -57263.118    19.297     2.49    1.94
 -56886.393    19.144    -0.41    1.81
 -56509.685    19.476     0.88    1.85
 -56132.992    19.531     0.14    2.03
 -55756.316    19.720     0.50    2.12
 -55379.657    19.803     0.22    1.97
 -55003.014    19.868     0.17    1.85
 -54626.387    19.865    -0.01    1.53
 -54249.777    19.440    -1.13    1.36
 -53873.183    19.190    -0.66    1.28
 -53496.606    18.749    -1.17    0.86
 -53120.045    18.893     0.38    1.05
 -52743.500    18.844    -0.13    1.08
 -52366.972    19.031     0.49    1.07
 -51990.460    19.065     0.09    1.18
 -51613.964    18.684    -1.01    0.95
 -51237.485    19.249     1.50    1.67
 -50861.022    19.475     0.60    2.07
 -50484.575    19.451    -0.06    2.24
 -50108.145    19.215    -0.63    2.00
 -49731.732    18.440    -2.06    1.47
 -49355.334    18.452     0.03    1.55
 -48978.953    18.630     0.47    1.57
 -48602.588    18.823     0.51    1.64
 -48226.240    18.987     0.44    1.56
 -47849.907    18.894    -0.25    1.12
 -47473.592    18.590    -0.81    0.86
 -47097.292    19.172     1.55    1.69
 -46721.009    19.130    -0.11    1.85
 -46344.742    19.242     0.30    2.01
 -45968.492    19.498     0.68    2.04
 -45592.257    19.390    -0.29    2.00
 -45216.039    19.349    -0.11    1.97
 -44839.838    19.330    -0.05    1.70
 -44463.652    19.059    -0.72    1.64
 -44087.483    18.916    -0.38    1.12
 -43711.330    19.202     0.76    1.08
 -43335.194    19.053    -0.39    0.97
 -42959.074    19.017    -0.10    0.93
 -42582.970    18.940    -0.20    0.91
 -42206.882    19.083     0.38    0.84
 -41830.810    19.219     0.36    0.93
 -41454.755    19.195    -0.06    1.03
 -41078.716    19.165    -0.08    1.07
 -40702.694    19.576     1.09    1.63
 -40326.687    20.964     3.69    3.08
 -39950.697    22.606     4.37    3.52
 -39574.723    24.265     4.41    3.12
 -39198.765    24.892     1.67    2.47
 -38822.824    24.576    -0.84    2.37
 -38446.899    23.709    -2.31    2.10
 -38070.989    22.531    -3.13    1.30
 -37695.097    21.773    -2.02    1.36
 -37319.220    21.405    -0.98    1.45
 -36943.360    20.637    -2.04    1.70
 -36567.515    20.015    -1.66    1.85
 -36191.687    19.190    -2.20    2.19
 -35815.876    18.086    -2.94    2.29
 -35440.080    17.583    -1.34    2.25
 -35064.301    16.963    -1.65    2.36
 -34688.538    15.511    -3.86    3.38
 -34312.790    11.803    -9.87    5.51
 -33937.060     8.658    -8.37    5.02
 -33561.345     8.667     0.02    4.84
 -33185.646    10.847     5.80    5.66
 -32809.964    14.335     9.29    4.85
 -32434.298    17.149     7.49    2.38
 -32058.648    17.492     0.91    2.40
 -31683.014    17.462    -0.08    1.91
 -31307.396    17.529     0.18    1.96
 -30931.795    17.847     0.84    2.11
 -30556.209    18.371     1.40    2.30
 -30180.640    18.451     0.21    2.27
 -29805.087    17.849    -1.60    1.65
 -29429.550    17.334    -1.37    1.48
 -29054.029    17.394     0.16    1.25
 -28678.524    17.335    -0.16    1.28
 -28303.036    17.382     0.12    1.18
 -27927.563    17.893     1.36    1.56
 -27552.107    18.170     0.74    1.68
 -27176.666    18.485     0.84    1.44
 -26801.242    18.914     1.14    1.42
 -26425.834    19.079     0.44    1.13
 -26050.442    19.144     0.17    1.13
 -25675.066    19.288     0.38    1.09
 -25299.706    19.303     0.04    1.06
 -24924.363    19.045    -0.69    1.03
 -24549.035    18.781    -0.70    1.40
 -24173.724    18.265    -1.37    1.73
 -23798.428    18.167    -0.26    2.19
 -23423.149    18.591     1.13    1.84
 -23047.885    19.170     1.54    1.29
 -22672.638    19.485     0.84    1.07
 -22297.407    19.401    -0.22    1.14
 -21922.191    19.487     0.23    1.25
 -21546.992    19.009    -1.27    1.24
 -21171.809    18.684    -0.87    1.22
 -20796.642    17.803    -2.35    3.04
 -20421.491    16.786    -2.71    5.37
 -20046.356    15.394    -3.71    8.04
 -19671.237    14.273    -2.99    9.35
 -19296.134    13.235    -2.77    9.78
 -18921.047    12.797    -1.17    9.91
 -18545.976    12.915     0.31    9.98
 -18170.922    14.394     3.94   10.51
 -17795.883    13.815    -1.55    9.82
 -17420.860    13.242    -1.53    9.31
 -17045.853    13.405     0.43    8.30
 -16670.862    13.344    -0.16    6.94
 -16295.887    12.893    -1.20    7.20
 -15920.928    12.170    -1.93    8.09
 -15545.985    10.962    -3.22    8.67
 -15171.059     9.990    -2.59    9.02
 -14796.148     7.987    -5.34    9.10
 -14421.253     5.335    -7.07    8.21
 -14046.374     2.842    -6.65    6.57
 -13671.511     1.417    -3.80    5.83
 -13296.664     1.330    -0.23    5.55
 -12921.833     0.940    -1.04    5.09
 -12547.017     1.844     2.41    5.75
 -12172.218     2.178     0.89    6.33
 -11797.435     2.535     0.95    6.44
 -11422.668     1.501    -2.76    4.65
 -11047.916     0.644    -2.29    2.28
 -10673.181     0.964     0.85    2.36
 -10298.461     0.940    -0.07    2.38
  -9923.758     0.847    -0.25    2.42
  -9549.070     0.678    -0.45    2.37
  -9174.398     0.684     0.02    2.37
  -8799.743     1.079     1.06    2.48
  -8425.103     1.335     0.68    2.43
  -8050.479     1.249    -0.23    2.39
  -7675.871     1.102    -0.39    2.31
  -7301.279     1.382     0.75    2.74
  -6926.702     1.498     0.31    2.80
  -6552.142     1.335    -0.43    2.81
  -6177.597     1.195    -0.37    3.01
  -5803.069     0.630    -1.51    2.90
  -5428.556    -0.108    -1.97    2.14
  -5054.059    -0.775    -1.78    1.13
  -4679.578    -0.805    -0.08    1.00
  -4305.113    -0.833    -0.08    1.05
  -3930.664    -0.967    -0.36    0.61
  -3556.231    -0.898     0.19    0.75
  -3181.813    -1.060    -0.43    0.00
  -2807.411    -1.013     0.13    0.31
  -2433.026    -0.805     0.56    1.00
  -2058.656    -0.379     1.14    1.46
  -1684.301    -0.153     0.60    1.62
  -1309.963     0.312     1.24    1.94
   -935.641     0.405     0.25    2.00
   -561.334     0.849     1.19    2.43
   -187.043     0.749    -0.27    2.45
    187.232     0.265    -1.29    2.38
    561.491    -0.130    -1.06    2.20
    935.734    -0.775    -1.72    1.20
   1309.962    -0.525     0.67    1.56
   1684.173     0.083     1.62    2.04
   2058.369     0.511     1.15    2.10
   2432.549     1.521     2.70    2.26
   2806.714     1.916     1.06    2.05
   3180.862     2.427     1.37    2.15
   3554.995     2.553     0.34    2.23
   3929.112     3.035     1.29    2.59
   4303.213     3.240     0.55    2.62
   4677.299     2.803    -1.17    2.75
   5051.368     2.440    -0.97    2.52
   5425.422     2.463     0.06    2.72
   5799.460     2.130    -0.89    2.46
   6173.482     2.451     0.86    2.72
   6547.489     1.730    -1.93    2.84
   6921.480     0.808    -2.47    2.63
   7295.455     0.281    -1.41    2.45
   7669.414    -0.835    -2.98    0.83
   8043.358    -0.991    -0.42    0.46
   8417.286    -1.038    -0.13    0.15
   8791.198    -1.060    -0.06    0.00
   9165.094    -0.833     0.61    1.51
   9538.975    -1.060    -0.61    0.00
   9912.840    -1.060     0.00    0.00
  10286.689    -1.060     0.00    0.00
  10660.522    -1.060     0.00    0.00
  11034.340    -1.060     0.00    0.00
  11408.142    -0.830     0.62    1.06
  11781.928     0.917     4.67    3.30
  12155.699     2.519     4.29    3.67
  12529.454     4.031     4.05    3.44
  12903.725     5.591     4.17    2.58
  13280.616     5.521    -0.19    2.30
  13657.491     5.258    -0.70    2.52
  14034.349     5.760     1.33    2.74
  14411.192     5.803     0.11    2.79
  14788.019     5.893     0.24    2.82
  15164.830     5.800    -0.25    2.61
  15541.625     6.056     0.68    2.36
  15918.404     6.170     0.30    1.95
  16295.167     5.826    -0.91    1.65
  16671.915     6.115     0.77    1.52
  17048.646     6.312     0.52    1.81
  17425.361     6.475     0.43    2.03
  17802.061     6.793     0.85    2.04
  18178.744     6.985     0.51    2.36
  18555.412     6.492    -1.31    2.70
  18932.063     6.371    -0.32    2.49
  19308.699     5.963    -1.08    2.02
  19685.319     5.707    -0.68    2.09
  20061.923     5.940     0.62    2.07
  20438.511     6.042     0.27    2.35
  20815.083     6.508     1.24    2.40
  21191.639     7.184     1.79    2.65
  21568.179     8.265     2.87    2.83
  21944.704     8.940     1.79    2.78
  22321.212     9.390     1.20    2.96
  22697.705     9.235    -0.41    2.71
  23074.182     8.519    -1.90    2.65
  23450.643     8.661     0.38    2.65
  23827.088     8.219    -1.17    2.26
  24203.517     7.892    -0.87    1.68
  24579.931     7.644    -0.66    1.85
  24956.328     7.529    -0.30    1.90
  25332.710     7.826     0.79    1.82
  25709.076     7.892     0.18    1.78
  26085.426     7.661    -0.61    1.37
  26461.760     7.916     0.68    1.30
  26838.078     8.068     0.40    1.36
  27214.381     8.167     0.26    1.43
  27590.667     8.040    -0.34    1.35
  27966.938     8.202     0.43    1.61
  28343.193     8.498     0.79    1.88
  28719.432     8.647     0.40    1.85
  29095.656     9.190     1.44    2.17
  29471.864     9.540     0.93    2.51
  29848.055     9.725     0.49    2.29
  30224.231    10.149     1.13    2.59
  30600.392    10.749     1.60    2.59
  30976.536    11.344     1.58    2.57
  31352.665    12.090     1.98    2.29
  31728.777    11.417    -1.79    2.28
  32104.875    11.190    -0.60    2.10
  32480.956    11.202     0.03    2.06
  32857.021    11.079    -0.33    2.37
  33233.071    11.330     0.67    2.41
  33609.105    11.102    -0.60    2.52
  33985.123    10.891    -0.56    2.32
  34361.126    11.130     0.64    2.41
  34737.113    11.056    -0.20    1.90
  35113.084    11.654     1.59    2.19
  35489.039    12.463     2.15    2.72
  35864.978    12.844     1.01    3.12
  36240.902    13.009     0.44    2.86
  36616.810    12.818    -0.51    2.32
  36992.702    12.126    -1.84    1.91
  37368.579    12.297     0.46    2.09
  37744.440    12.725     1.14    2.49
  38120.285    12.511    -0.57    2.59
  38496.115    13.035     1.39    2.52
  38871.928    13.235     0.53    2.40
  39247.726    12.849    -1.03    2.20
  39623.509    13.106     0.69    1.89
  39999.275    13.232     0.34    1.69
  40375.026    13.335     0.27    1.62
  40750.761    13.178    -0.42    1.71
  41126.481    13.321     0.38    1.90
  41502.185    13.475     0.41    1.91
  41877.873    13.288    -0.50    2.06
  42253.545    13.219    -0.19    1.89
  42629.202    13.312     0.25    1.60
  43004.843    13.405     0.25    1.49
  43380.469    13.344    -0.16    1.61
  43756.079    13.130    -0.57    1.92
  44131.673    13.321     0.51    2.00
  44507.252    13.288    -0.09    1.93
  44882.814    13.195    -0.25    2.18
  45258.362    13.451     0.68    2.03
  45633.893    13.940     1.30    2.22
  46009.409    14.344     1.08    2.48
  46384.910    14.684     0.90    2.64
  46760.394    14.690     0.02    2.57
  47135.863    14.614    -0.20    2.35
  47511.317    15.428     2.17    2.84
  47886.755    16.823     3.72    3.03
  48262.177    17.463     1.70    2.97
  48637.584    17.344    -0.32    2.99
  49012.975    17.382     0.10    2.96
  49388.350    17.149    -0.62    2.45
  49763.710    17.487     0.90    2.33
  50139.054    17.487     0.00    2.73
  50514.383    17.008    -1.28    2.94
  50889.696    17.321     0.83    3.04
  51264.993    17.083    -0.63    2.89
  51640.275    16.773    -0.82    2.62
  52015.541    16.940     0.44    2.45
  52390.792    16.126    -2.17    2.22
  52766.027    16.606     1.28    2.74
  53141.247    17.059     1.21    3.01
  53516.451    17.297     0.63    3.01
  53891.640    17.130    -0.44    3.03
  54266.812    18.273     3.05    2.75
  54641.970    19.172     2.40    3.22
  55017.112    19.797     1.66    3.32
  55392.238    19.790    -0.02    3.36
  55767.349    19.576    -0.57    3.42
  56142.444    20.501     2.46    3.61
  56517.524    19.916    -1.56    3.95
  56892.588    19.475    -1.18    4.49
  57267.637    19.130    -0.92    4.27
  57642.670    19.281     0.40    4.18
  58017.687    20.658     3.67    4.56
  58392.689    20.917     0.69    4.87
  58767.676    19.654    -3.37    5.05
  59142.647    19.126    -1.41    5.11
  59517.603    17.661    -3.91    3.81
  59892.543    17.413    -0.66    3.49
  60267.467    18.053     1.71    4.13
  60642.376    17.837    -0.58    4.06
  61017.270    19.463     4.34    5.15
  61392.148    20.962     4.00    5.23
  61767.011    21.815     2.27    4.66
  62141.858    21.735    -0.21    4.73
  62516.690    22.019     0.76    4.84
  62891.506    22.712     1.85    4.54
  63266.307    22.392    -0.85    4.78
  63641.092    22.849     1.22    4.33
  64015.862    23.288     1.17    4.01
  64390.617    24.247     2.56    3.36
  64765.356    24.667     1.12    2.92
  65140.079    23.991    -1.80    3.36
  65514.787    23.382    -1.63    4.17
  65889.480    22.498    -2.36    4.66
  66264.157    21.866    -1.68    4.69
  66638.819    21.031    -2.23    4.38
  67013.465    21.124     0.25    4.05
  67388.096    22.008     2.36    4.32
  67762.712    22.870     2.30    4.85
  68137.312    23.172     0.81    5.10
  68511.897    23.225     0.14    5.01
  68886.466    22.735    -1.31    4.85
  69261.020    24.190     3.88    4.89
  69635.559    24.790     1.60    3.98
  70010.082    25.225     1.16    3.85
  70384.589    24.893    -0.89    4.33
  70759.082    23.818    -2.87    4.56
  71133.559    22.172    -4.39    4.24
  71508.020    21.265    -2.42    3.65
  71882.467    20.678    -1.57    3.31
  72256.897    19.891    -2.10    2.24
  72631.313    19.382    -1.36    1.78
  73005.713    19.011    -0.99    1.45
  73380.098    18.916    -0.25    1.26
  73754.467    19.106     0.51    1.59
  74128.821    19.392     0.76    1.55
  74503.160    19.498     0.28    1.52
  74877.483    19.678     0.48    1.29
  75251.791    19.606    -0.19    1.26
  75626.084    19.521    -0.23    1.45
  76000.361    19.498    -0.06    1.47
  76374.623    19.568     0.19    1.92
  76748.870    20.249     1.82    2.61
  77123.101    20.769     1.39    2.50
  77497.317    21.777     2.69    2.89
  77871.518    21.614    -0.44    2.78
  78245.703    21.335    -0.75    2.74
  78619.874    20.382    -2.55    2.46
  78994.028    19.847    -1.43    2.14
  79368.168    19.654    -0.51    1.70
  79742.292    20.130     1.27    1.77
  80116.401    20.661     1.42    2.00
  80490.495    21.035     1.00    1.83
  80864.573    20.797    -0.64    1.92
  81238.636    20.678    -0.32    2.18
  81612.684    20.159    -1.39    1.62
  81986.716    20.915     2.02    2.56
  82360.733    21.661     1.99    2.83
  82734.735    21.865     0.55    2.76
  83108.722    21.321    -1.45    2.41
  83482.693    20.702    -1.66    2.12
  83856.650    20.312    -1.04    1.02
  84230.590    20.249    -0.17    0.98
  84604.516    20.176    -0.19    1.00
  84978.427    20.008    -0.45    1.07
  85352.322    20.140     0.35    1.24
  85726.202    19.892    -0.66    1.10
  86100.066    19.940     0.13    1.15
  86473.916    20.172     0.62    1.27
  86847.750    20.985     2.17    1.70
  87221.569    21.361     1.00    2.06
  87595.373    22.326     2.58    2.63
  87971.045    22.702     1.00    2.57
  88347.892    22.940     0.63    2.46
  88724.723    22.749    -0.51    2.47
  89101.539    22.452    -0.79    1.86
  89478.339    22.076    -1.00    1.84
  89855.124    22.093     0.05    1.74
  90231.893    22.568     1.26    2.07
  90608.647    23.033     1.23    2.20
  90985.386    23.042     0.03    2.36
  91362.109    22.894    -0.39    2.54
  91738.816    22.401    -1.31    2.72
  92115.508    23.392     2.63    3.38
  92492.185    23.847     1.21    3.22
  92868.846    23.940     0.25    3.43
  93245.492    23.485    -1.21    3.12
  93622.123    22.966    -1.38    3.09
  93998.738    22.917    -0.13    2.86
  94375.337    22.637    -0.74    2.37
  94751.921    23.079     1.17    2.56
  95128.490    24.288     3.21    2.62
  95505.044    24.786     1.32    2.80
  95881.581    25.894     2.94    3.26
  96258.104    27.165     3.37    3.63
  96634.611    28.106     2.50    4.28
  97011.103    27.623    -1.28    4.49
  97387.579    27.465    -0.42    4.68
  97764.040    25.917    -4.11    4.44
  98140.486    26.650     1.95    5.07
  98516.916    28.684     5.40    5.33
  98893.331    30.521     4.88    4.58
  99269.730    30.059    -1.23    4.28
  99646.115    28.417    -4.36    4.21
 100022.483    27.068    -3.58    3.50
 100398.837    26.894    -0.46    2.89
 100775.175    27.630     1.96    3.13
 101151.497    28.800     3.11    3.11
 101527.805    28.749    -0.14    3.62
 101904.097    28.452    -0.79    3.92
 102280.373    28.258    -0.52    3.68
 102656.635    27.890    -0.98    3.23
 103032.881    28.059     0.45    2.67
 103409.111    27.749    -0.82    2.86
 103785.327    27.720    -0.08    3.09
 104161.527    28.599     2.34    3.13
 104537.711    29.354     2.01    3.11
 104913.881    29.987     1.68    3.08
 105290.035    30.800     2.16    3.43
 105666.174    30.106    -1.84    3.93
 106042.297    28.511    -4.24    4.46
 106418.405    26.665    -4.91    4.09
 106794.498    25.892    -2.05    2.80
 107170.576    26.427     1.42    3.06
 107546.638    26.749     0.86    3.34
 107922.685    26.821     0.19    3.08
 108298.717    26.130    -1.84    2.95
 108674.733    25.630    -1.33    2.69
 109050.735    25.916     0.76    3.02
 109426.720    26.225     0.82    3.34
 109802.691    26.440     0.57    3.06
 110178.646    27.011     1.52    3.58
 110554.587    27.583     1.52    3.50
 110930.512    28.312     1.94    3.96
 111306.421    28.154    -0.42    3.95
 111682.316    27.297    -2.28    3.25
 112058.195    27.195    -0.27    3.08
 112434.059    27.106    -0.24    2.27
 112809.907    27.172     0.18    2.22
 113185.741    26.797    -1.00    2.36
 113561.559    26.086    -1.89    1.97
 113937.362    25.866    -0.58    1.49
 114313.150    26.986     2.98    3.22
 114688.922    27.498     1.36    3.49
 115064.680    28.803     3.47    4.08
 115440.422    28.568    -0.63    3.70
 115816.149    28.987     1.12    4.39
 116191.860    29.892     2.41    4.78
 116567.557    30.525     1.68    4.62
 116943.238    31.312     2.09    4.27
 117318.904    32.637     3.53    4.35
 117694.555    32.630    -0.02    3.82
 118070.191    32.940     0.82    4.06
 118445.812    31.544    -3.71    4.01
 118821.417    30.654    -2.37    4.43
 119197.007    29.987    -1.77    4.69
 119572.582    29.321    -1.77    4.33
 119948.142    29.583     0.70    4.63
 120323.687    29.079    -1.34    4.00
 120699.217    28.416    -1.77    3.54
 121074.731    27.773    -1.71    3.22
 121450.230    27.013    -2.02    2.21
 121825.714    27.154     0.38    2.30
 122201.183    27.368     0.57    2.40
 122576.637    27.963     1.58    3.03
 122952.076    27.916    -0.13    3.03
 123327.500    28.062     0.39    3.23
 123702.908    27.917    -0.39    2.77
 124078.301    28.915     2.66    3.70
 124453.680    29.866     2.53    3.90
 124829.043    30.011     0.39    3.94
 125204.391    30.690     1.81    4.18
 125579.724    30.667    -0.06    3.77
 125955.041    31.324     1.75    4.22
 126330.344    31.106    -0.58    4.44
 126705.632    32.059     2.54    4.23
 127080.904    31.684    -1.00    4.57
 127456.161    31.371    -0.83    4.29
 127831.404    31.940     1.51    3.86
 128206.631    32.099     0.42    3.59
 128581.843    32.440     0.91    3.46
 128957.040    31.358    -2.88    3.33
 129332.222    29.916    -3.84    2.98
 129707.389    29.606    -0.82    2.93
 130082.541    31.076     3.92    3.90
 130457.678    33.991     7.77    4.84
 130832.799    36.083     5.58    3.84
 131207.906    37.690     4.28    3.31
 131582.998    37.135    -1.48    3.82
 131958.074    34.803    -6.22    4.06
 132333.136    33.229    -4.20    4.10
 132708.182    31.099    -5.68    2.97
 133083.214    30.009    -2.90    1.50
 133458.230    30.009     0.00    1.58
 133833.232    29.986    -0.06    1.27
 134208.218    30.452     1.24    1.41
 134583.189    30.531     0.21    1.48
 134958.146    30.715     0.49    1.44
 135333.087    30.821     0.28    1.56
 135708.013    30.725    -0.25    1.35
 136082.925    30.745     0.05    1.57
 136457.821    30.917     0.46    1.39
 136832.702    31.222     0.81    1.41
 137207.569    31.392     0.45    1.40
 137582.420    31.630     0.64    1.33
 137957.256    31.368    -0.70    1.15
 138332.078    31.297    -0.19    1.39
 138706.884    31.440     0.38    1.30
 139081.675    31.392    -0.13    1.52
 139456.452    31.379    -0.04    1.52
 139831.213    31.630     0.67    1.46
 140205.960    31.985     0.95    1.28
 140580.691    31.940    -0.12    1.06
 140955.408    32.154     0.57    1.24
 141330.109    32.358     0.55    1.28
 141704.796    32.306    -0.14    1.26
 142079.468    32.273    -0.09    1.16
 142454.125    32.288     0.04    1.11
 142828.766    32.614     0.87    1.36
 143203.393    32.553    -0.16    2.13
 143578.005    32.172    -1.02    2.95
 143952.602    31.821    -0.94    3.76
 144327.184    31.549    -0.72    4.16
 144701.751    32.330     2.08    4.28
 145076.304    32.987     1.75    4.08
 145450.841    33.392     1.08    3.56
 145825.363    33.013    -1.01    2.61
 146199.871    33.544     1.42    1.64
 146574.364    33.725     0.48    1.37
 146948.841    33.987     0.70    1.36
 147323.304    34.525     1.44    1.87
 147697.752    35.344     2.19    1.93
 148072.185    35.452     0.29    2.06
 148446.603    35.749     0.79    1.98
 148821.006    35.630    -0.32    2.15
 149195.395    35.215    -1.11    2.11
 149569.768    34.826    -1.04    2.00
 149944.127    34.376    -1.20    1.97
 150318.471    33.963    -1.10    2.14
 150692.799    34.225     0.70    2.12
 151067.113    33.963    -0.70    2.01
 151441.413    34.172     0.56    1.74
 151815.697    34.387     0.57    1.83
 152189.966    35.599     3.24    2.85
 152564.221    36.915     3.52    3.04
 152938.461    37.583     1.78    3.11
 153312.686    38.475     2.38    2.87
 153686.896    38.683     0.56    3.08
 154061.091    39.076     1.05    3.37
 154435.272    38.834    -0.65    3.72
 154809.437    38.405    -1.15    3.45
 155183.588    36.823    -4.23    2.81
 155557.724    36.297    -1.41    2.09
 155931.845    36.823     1.41    1.72
 156305.951    36.093    -1.95    1.86
 156680.043    35.485    -1.63    1.73
 157054.120    35.232    -0.68    1.63
 157428.182    35.225    -0.02    1.97
 157802.229    35.379     0.41    2.09
 158176.261    35.476     0.26    2.05
 158550.279    35.803     0.87    2.38
 158924.281    35.890     0.23    2.44
 159298.269    37.154     3.38    2.82
 159672.243    38.749     4.27    3.13
 160046.201    39.606     2.29    2.59
 160420.145    41.249     4.39    3.97
 160794.074    41.745     1.32    4.11
 161167.988    41.623    -0.33    4.60
 161541.887    42.525     2.41    4.99
 161915.772    41.368    -3.09    4.99
 162289.642    40.892    -1.27    5.22
 162663.664    41.987     2.93    5.01
 163040.485    42.667     1.80    4.63
 163417.290    43.521     2.27    4.70
 163794.080    44.987     3.89    3.96
 164170.855    44.615    -0.99    4.43
 164547.616    42.083    -6.72    5.28
 164924.361    39.195    -7.66    4.06
 165301.091    37.591    -4.26    2.76
 165677.807    36.725    -2.30    1.41
 166054.507    37.037     0.83    1.70
 166431.192    38.178     3.03    2.93
 166807.863    38.893     1.90    3.66
 167184.518    39.735     2.24    3.41
 167561.159    40.535     2.12    3.48
 167937.784    40.916     1.01    3.25
 168314.395    39.964    -2.53    3.50
 168690.991    38.844    -2.97    3.42
 169067.571    37.963    -2.34    3.05
 169444.137    37.249    -1.90    2.32
 169820.688    37.297     0.13    2.37
 170197.224    37.870     1.52    3.22
 170573.745    38.583     1.89    3.79
 170950.251    39.696     2.96    4.04
 171326.742    40.606     2.42    4.19
 171703.219    41.306     1.86    4.33
 172079.680    41.544     0.63    4.01
 172456.127    42.059     1.37    4.47
 172832.558    42.297     0.63    4.47
 173208.975    42.354     0.15    4.43
 173585.377    42.511     0.42    4.28
 173961.764    42.476    -0.09    4.39
 174338.135    41.987    -1.30    4.58
 174714.493    41.368    -1.64    4.06
 175090.835    42.040     1.78    4.02
 175467.162    44.326     6.07    4.83
 175843.475    46.062     4.61    4.65
 176219.772    46.725     1.76    4.60
 176596.055    46.416    -0.82    4.82
 176972.323    45.840    -1.53    4.92
 177348.576    46.349     1.35    4.76
 177724.814    46.401     0.14    4.58
 178101.037    46.749     0.92    4.46
 178477.246    45.797    -2.53    4.90
 178853.440    45.650    -0.39    5.02
 179229.618    45.170    -1.28    4.92
