# NaN NaN NaN ;Mean Elev.(m), Avg Gradient(m/km), RMS Gradient(m/km) - SRTM1     
#    5.337  -1.568   8.094 ;Mean Elev.(m), Avg Gradient(m/km), RMS Gradient(m/km) - ASTER GDEM
#    7.460  -3.730   7.740 ;Mean Elev.(m), Avg Gradient(m/km), RMS Gradient(m/km) - GMTED2010 
  7 299.337657 -32.091181    11.460    11.044 21 52466.57030070 22.967
  8 299.338918 -32.091727    10.709    10.005 20 52501.57029357 23.793
  9 299.338316 -32.067952    69.339    77.096 11 52536.57027545  4.132
 10 299.338505 -32.079972    11.747    11.916 16 52571.57031342 38.637
 11 299.337003 -32.107777    10.749    10.697  9 52606.57028162 34.044
 12 299.334570 -32.088508    11.659    11.694 23 52641.57027264 39.185
 13 299.338178 -32.103345    11.862    11.894 12 52676.57026386 35.770
 14 299.334446 -32.089524    11.545    11.582 23 52711.57028950 42.494
 15 299.329239 -32.098997    11.090    11.157 18 52746.57031836 30.379
 16 299.339907 -32.063402    68.427    75.269  9 52781.57024957  2.744
 17 299.327590 -32.104207     9.906     9.768 15 52816.57033797 30.508
 18 299.336787 -32.089490    10.216    10.208 21 52851.57038600 22.779
 19 299.332672 -32.095497     9.980     9.962 18 52886.57042163 19.109
 20 299.338304 -32.098961     9.623     9.632 14 52921.57037765 42.946
 21 299.335232 -32.109861    10.066     9.941  9 52956.57034480 20.738
 22 299.339257 -32.101994     9.855     9.708 13 52991.57036175 20.396
 23 299.344138 -32.107136    10.936    10.957  7 53026.57032859 44.469
 24 299.340820 -32.103597     9.897    10.124 11 53061.57033770 40.632
 25 299.341391 -32.067822    77.121    79.921  9 53096.57035707  2.790
 26 299.338766 -32.111920    10.763    10.987  5 53131.57033810 42.398
 28 299.335589 -32.095111    10.034     9.932 18 53201.57041204 25.643
 29 299.343151 -32.106809    10.270    10.251  8 53236.57038311 43.258
 30 299.336030 -32.088482     9.168     9.166 22 53271.57033831 24.921
 31 299.327094 -32.101506     9.259     9.208 17 53306.57040533 29.349
 32 299.339083 -32.091243    10.889    10.939 21 53341.57037056 35.179
 33 299.339875 -32.107268    11.161    11.029  9 53376.57030557 43.816
 34 299.336920 -32.106675    11.890    11.565  9 53411.57034874 42.954
 35 299.339784 -32.065332    66.031    78.332  7 53446.57032348  5.188
 36 299.326886 -32.100351    10.170    10.256 17 53481.57041548 30.648
 37 299.343180 -32.076887    65.548    75.149  4 53516.57041375  4.452
 38 299.332174 -32.093062    10.625    10.616 20 53551.57043796 45.941
 39 299.339856 -32.102492     9.774     9.547 12 53586.57039505 44.059
 40 299.323638 -32.103899     9.046     9.017 16 53621.57035897 22.863
 41 299.334761 -32.089791     9.739     9.802 22 53656.57038446 22.368
 42 299.337722 -32.090217    10.845    10.830 22 53691.57037210 37.641
 43 299.338593 -32.114642    46.997    44.927  3 53726.57030034  4.298
 44 299.339349 -32.102217    10.118    10.132 13 53761.57024920 32.041
 45 299.340879 -32.104043     9.703     9.571 11 53796.57026326 44.122
 47 299.334230 -32.089887    10.189    10.259 23 53866.57031840 38.997
 48 299.340830 -32.077281    72.784    81.323  4 53901.57034464  0.480
 49 299.323334 -32.106742     9.363     9.292 14 53936.57039028 26.760
 50 299.336672 -32.088729     9.353     9.348 22 53971.57035271 28.760
 51 299.337058 -32.088979     9.336     9.340 22 54006.57033464 24.344
 52 299.338410 -32.098202     9.812     9.754 15 54041.57036395 30.783
 53 299.340818 -32.089136    11.318    11.724  8 54076.57035618 33.339
 54 299.338653 -32.104388    10.733    10.531 11 54111.57029971 29.824
 55 299.336415 -32.089950    11.417    11.381 22 54146.57029787 31.854
 56 299.339214 -32.100066    12.365    12.419 13 54181.57028639 42.857
 57 299.331275 -32.106265    11.301    11.229 12 54216.57030866 31.004
 58 299.337266 -32.089741    11.198    11.239 21 54251.57033188 38.054
 59 299.338468 -32.098366    10.425    10.423 15 54286.57033972 47.099
 60 299.339229 -32.094321    10.536    10.373 18 54321.57033564 33.129
 61 299.340091 -32.102626    83.280    83.794 12 54356.57029713  4.506
 62 299.335830 -32.102079     9.609     9.493 13 54391.57027806 41.578
 63 299.338231 -32.100601    10.114     9.772 14 54426.57024718 20.945
 64 299.337491 -32.091110     9.792     9.780 21 54461.57025299 42.080
 65 299.338607 -32.100974    10.236    10.179 14 54496.57025454 34.029
 66 299.339383 -32.091021     9.743     9.721 20 54531.57026586 18.744
 67 299.339704 -32.101736    10.235    10.146 13 54566.57025954 40.610
 68 299.337502 -32.091512    11.082    10.973 18 54601.57026137 28.302
 69 299.337457 -32.090979     9.697     9.697 21 54636.57027323 32.620
 70 299.345348 -32.066078    83.150    83.886  5 54671.57027157  1.293
 71 299.339648 -32.101715    10.197     9.968 12 54706.57023900 19.594
 72 299.342087 -32.074108    84.252    85.000  4 54741.57023822  0.754
 73 299.336408 -32.109781    10.205    10.258  8 54776.57022223 21.114
 74 299.336700 -32.088605     9.965     9.945 22 54811.57023391 24.013
 75 299.335807 -32.108078     8.995     8.865 10 54846.57022188 28.902
 76 299.336262 -32.090648     9.166     9.168 22 54881.57023831 33.666
 77 299.339987 -32.091208     9.585     9.611 20 54916.57022120 38.453
 78 299.337104 -32.089411     8.833     8.893 22 54951.57023054 33.624
 79 299.341937 -32.067780    69.953    78.758  8 54986.57025153  3.124
 80 299.338684 -32.099061     9.165     9.105 14 55021.57025010 24.466
 81 299.338466 -32.098050     9.983    10.018 15 55056.57024630 35.751
 82 299.341455 -32.089851    81.759    86.477  9 55091.57020252  3.087
 83 299.338199 -32.091172    10.582    10.612 21 55126.57018496 35.365
 84 299.339478 -32.092241    11.573    11.646 20 55161.57016404 32.288
 85 299.331214 -32.108102    12.255    12.147 11 55196.57017889 32.413
 86 299.339431 -32.094676    79.525    83.844 13 55231.57016852  3.864
 87 299.338551 -32.090905    12.400    12.368 20 55266.57017009 38.624
 88 299.343062 -32.091456    78.355    82.248  6 55301.57014785  2.245
 89 299.339038 -32.090450    11.587    11.577 20 55336.57014541 34.878
 91 299.338879 -32.091259    10.085    10.087 21 55406.57015456 28.338
 92 299.339376 -32.095596    84.468    84.523 12 55441.57015524  3.767
 93 299.344516 -32.087738    87.561    87.561  2 55476.57009621  0.279
