-312304.438     2.905     0.00    3.99
-311927.745     3.392     1.29    3.98
-311551.070     4.459     2.83    3.91
-311174.413     5.744     3.41    4.50
-310797.774     7.716     5.24    4.85
-310421.153     8.366     1.73    4.94
-310044.550     8.648     0.75    4.78
-309667.965     8.878     0.61    4.08
-309291.397     9.344     1.24    3.82
-308914.848    10.459     2.96    3.63
-308538.316    11.184     1.93    3.10
-308161.803    12.586     3.72    3.48
-307785.307    14.298     4.55    3.67
-307408.829    16.604     6.13    4.22
-307032.369    18.798     5.83    4.21
-306655.927    20.594     4.77    3.24
-306279.502    21.488     2.38    2.97
-305903.096    20.275    -3.22    2.91
-305526.707    18.529    -4.64    3.01
-305150.336    16.938    -4.23    3.05
-304773.983    14.912    -5.38    2.94
-304397.648    13.700    -3.22    2.68
-304021.331    12.322    -3.66    2.22
-303645.031    11.391    -2.48    2.35
-303268.750    10.655    -1.96    2.27
-302892.486    10.980     0.86    3.32
-302516.240    12.576     4.24    4.60
-302140.012    14.912     6.21    5.06
-301763.801    17.628     7.22    4.32
-301387.609    19.455     4.86    3.38
-301011.434    20.459     2.67    2.91
-300635.277    20.500     0.11    3.00
-300259.138    20.599     0.26    3.42
-299883.016    20.855     0.68    3.20
-299506.913    21.003     0.39    2.56
-299130.827    21.176     0.46    2.13
-298754.759    20.134    -2.77    2.67
-298378.708    19.064    -2.85    2.90
-298002.676    17.934    -3.00    3.16
-297626.661    17.253    -1.81    3.41
-297250.664    16.707    -1.45    3.65
-296874.685    15.775    -2.48    3.60
-296498.723    14.343    -3.81    4.10
-296122.779    12.412    -5.14    3.80
-295746.853    10.480    -5.14    3.29
-295370.945     9.253    -3.27    2.34
-294995.054     8.298    -2.54    1.53
-294619.181     7.980    -0.85    1.45
-294243.326     8.707     1.94    3.32
-293867.489    10.525     4.84    5.91
-293491.669    11.298     2.06    5.33
-293115.867    12.184     2.36    4.30
-292740.083    12.344     0.42    2.95
-292364.316    13.273     2.47    2.80
-291988.567    13.525     0.67    2.94
-291612.836    13.548     0.06    2.73
-291237.122    13.684     0.36    2.83
-290861.426    14.855     3.12    3.91
-290485.748    15.957     2.94    4.08
-290110.087    17.413     3.88    4.38
-289734.445    18.230     2.18    4.16
-289358.819    18.366     0.36    3.50
-288983.212    19.041     1.80    2.73
-288607.622    19.633     1.58    2.04
-288232.050    19.506    -0.34    1.61
-287856.495    19.924     1.11    1.88
-287480.958    19.599    -0.87    2.36
-287105.439    19.180    -1.12    2.65
-286729.937    18.321    -2.29    3.15
-286354.453    17.344    -2.60    2.86
-285978.986    16.366    -2.60    2.87
-285603.537    15.200    -3.11    3.32
-285228.106    13.184    -5.37    3.38
-284852.692    12.134    -2.80    3.18
-284477.296    12.855     1.92    3.33
-284101.918    14.889     5.42    3.76
-283726.557    17.321     6.48    3.09
-283351.214    18.934     4.30    2.16
-282975.888    19.842     2.42    1.58
-282600.580    19.980     0.37    1.45
-282225.290    19.744    -0.63    1.54
-281850.017    19.389    -0.95    2.07
-281474.761    17.775    -4.30    2.97
-281099.524    15.855    -5.12    3.79
-280724.303    12.966    -7.70    4.48
-280349.101    10.366    -6.93    3.22
-279973.915    11.389     2.73    4.46
-279598.748    12.544     3.08    5.00
-279223.598    13.250     1.88    4.44
-278848.465    11.934    -3.51    4.96
-278473.350     8.842    -8.24    4.32
-278098.253     5.389    -9.21    3.63
-277723.173     3.366    -5.39    2.90
-277348.111     1.912    -3.88    2.77
-276973.066     0.676    -3.30    2.11
-276598.038     0.157    -1.38    1.73
-276223.029    -0.384    -1.44    1.28
-275848.036     0.319     1.87    1.99
-275473.061     0.980     1.76    2.52
-275098.104     1.094     0.30    2.55
-274723.164     0.775    -0.85    2.36
-274348.242    -0.158    -2.49    2.07
-273973.337    -0.429    -0.72    1.32
-273598.450    -0.256     0.46    1.34
-273223.580    -0.073     0.49    1.40
-272848.727     0.366     1.17    1.28
-272473.892     0.544     0.47    1.34
-272099.075     0.785     0.64    1.50
-271724.275     1.009     0.60    1.39
-271349.492     1.203     0.52    1.59
-270974.727     1.855     1.74    1.58
-270599.979     2.271     1.11    2.00
-270225.249     2.924     1.74    2.19
-269850.536     4.344     3.79    2.74
-269475.841     6.366     5.40    3.61
-269101.163     8.831     6.58    4.61
-268726.502    10.366     4.10    4.40
-268351.859    13.189     7.53    4.27
-267977.233    14.223     2.76    4.68
-267602.625    15.798     4.20    3.98
-267228.034    17.366     4.19    2.84
-266853.460    17.890     1.40    2.05
-266478.904    18.901     2.70    1.79
-266104.365    19.366     1.24    1.77
-265729.844    19.811     1.19    1.94
-265355.340    20.057     0.66    2.17
-264980.854    20.003    -0.14    2.17
-264606.384    19.762    -0.64    2.13
-264231.932    20.134     0.99    1.97
-263857.498    20.230     0.26    2.08
-263483.081    19.914    -0.84    2.31
-263108.681    19.018    -2.39    2.66
-262734.299    17.855    -3.11    3.00
-262359.934    15.571    -6.10    4.16
-261985.586    12.438    -8.37    3.89
-261611.256    11.669    -2.06    3.48
-261236.943    12.139     1.26    3.78
-260862.647    13.485     3.60    4.29
-260488.369    14.139     1.75    3.83
-260114.108    13.480    -1.76    4.00
-259739.864    14.366     2.37    3.89
-259365.637    15.414     2.80    3.85
-258991.428    16.571     3.09    3.61
-258617.237    18.048     3.95    2.49
-258243.062    17.914    -0.36    2.51
-257868.905    16.730    -3.17    2.95
-257494.765    14.900    -4.89    2.95
-257120.642    13.645    -3.35    2.91
-256746.537    13.207    -1.17    2.74
-256372.449    13.048    -0.43    2.80
-255998.378    13.934     2.37    2.88
-255624.325    14.610     1.81    2.59
-255250.289    14.753     0.38    2.32
-254876.270    14.766     0.04    2.19
-254502.268    13.901    -2.31    2.36
-254128.283    12.957    -2.52    2.33
-253754.316    12.087    -2.33    2.16
-253380.366    11.692    -1.06    1.74
-253006.434    12.223     1.42    1.76
-252632.518    13.297     2.87    2.39
-252258.620    14.171     2.34    2.76
-251884.739    15.548     3.69    3.01
-251510.875    16.594     2.80    2.77
-251137.029    17.808     3.25    2.52
-250763.199    19.017     3.24    2.49
-250389.387    20.414     3.74    2.12
-250015.592    22.110     4.54    2.57
-249641.815    23.477     3.66    2.76
-249268.054    25.110     4.37    3.14
-248894.311    28.100     8.00    5.07
-248520.585    31.203     8.31    5.81
-248146.876    34.821     9.68    6.07
-247773.184    38.017     8.56    4.39
-247399.509    38.622     1.62    4.52
-247025.852    36.277    -6.28    6.52
-246652.212    35.459    -2.19    5.72
-246278.589    36.594     3.04    6.22
-245904.983    39.320     7.30    6.97
-245531.394    44.180    13.01    6.43
-245155.147    47.180     7.98    4.17
-244778.128    46.762    -1.11    4.02
-244401.125    45.775    -2.62    4.30
-244024.141    45.548    -0.60    3.85
-243647.173    45.957     1.09    3.69
-243270.224    46.413     1.21    4.19
-242893.291    44.412    -5.31    5.54
-242516.376    43.321    -2.89    6.07
-242139.479    43.025    -0.78    5.95
-241762.599    42.616    -1.09    5.69
-241385.736    41.855    -2.02    6.18
-241008.891    39.297    -6.79    7.36
-240632.064    35.700    -9.55    6.55
-240255.254    33.434    -6.01    4.69
-239878.461    34.298     2.29    5.23
-239501.685    37.180     7.65    5.74
-239124.928    42.298    13.59    6.64
-238748.187    46.914    12.25    6.03
-238371.464    50.775    10.25    5.26
-237994.758    53.048     6.03    2.92
-237618.070    52.436    -1.63    3.63
-237241.399    48.652   -10.05    6.40
-236864.746    43.785   -12.92    7.75
-236488.110    37.025   -17.95    8.01
-236111.491    31.795   -13.89    5.74
-235734.890    27.924   -10.28    5.00
-235358.306    24.366    -9.45    4.97
-234981.739    21.652    -7.21    4.45
-234605.190    19.048    -6.92    3.29
-234228.659    17.586    -3.88    2.67
-233852.144    17.230    -0.95    2.57
-233475.647    18.581     3.59    4.22
-233099.167    21.483     7.71    5.04
-232722.705    25.366    10.32    4.72
-232346.260    28.341     7.90    4.26
-231969.832    30.730     6.35    2.97
-231593.422    31.141     1.09    2.35
-231217.029    30.413    -1.94    2.61
-230840.654    28.616    -4.77    2.85
-230464.295    27.203    -3.75    3.14
-230087.954    25.139    -5.49    3.80
-229711.631    23.566    -4.18    3.84
-229335.324    21.298    -6.03    4.19
-228959.035    19.128    -5.77    3.76
-228582.763    16.798    -6.19    3.29
-228206.509    15.529    -3.37    2.41
-227830.272    15.415    -0.30    2.51
-227454.052    16.525     2.95    3.33
-227077.849    18.166     4.36    3.03
-226701.664    19.122     2.54    2.09
-226325.496    19.180     0.16    1.84
-225949.345    18.436    -1.98    2.34
-225573.212    18.025    -1.09    2.53
-225197.096    17.905    -0.32    2.75
-224820.997    17.889    -0.04    3.09
-224444.915    18.196     0.82    2.68
-224068.851    17.162    -2.75    3.11
-223692.804    15.934    -3.26    3.27
-223316.774    13.971    -5.22    2.90
-222940.761    12.571    -3.72    2.06
-222564.765    11.472    -2.92    1.23
-222188.787    11.253    -0.58    1.08
-221812.826    11.180    -0.19    1.22
-221436.882    11.366     0.49    1.58
-221060.956    11.948     1.55    2.15
-220685.047    13.136     3.16    2.39
-220309.154    14.730     4.24    2.45
-219933.280    16.049     3.51    2.03
-219557.422    17.048     2.66    2.05
-219181.581    17.831     2.08    1.86
-218805.758    18.525     1.85    1.76
-218429.952    18.844     0.85    1.52
-218054.163    18.700    -0.38    1.59
-217678.391    17.775    -2.46    2.12
-217302.636    17.247    -1.41    2.03
-216926.899    17.525     0.74    1.71
-216551.179    18.277     2.00    1.86
-216175.476    19.223     2.52    1.89
-215799.790    20.639     3.77    1.87
-215424.121    21.577     2.50    1.66
-215048.469    22.525     2.53    1.74
-214672.835    23.390     2.30    1.73
-214297.218    23.980     1.57    1.69
-213921.617    24.203     0.60    1.94
-213546.034    24.418     0.57    1.69
-213170.468    24.571     0.41    1.92
-212794.920    24.666     0.25    2.08
-212419.388    24.889     0.59    2.14
-212043.873    24.821    -0.18    2.10
-211668.376    24.762    -0.16    2.13
-211292.896    24.184    -1.54    2.32
-210917.432    24.472     0.76    4.57
-210541.986    22.889    -4.22    5.19
-210166.557    20.436    -6.53    5.70
-209791.145    18.616    -4.85    5.80
-209415.750    16.455    -5.76    1.68
-209040.373    16.203    -0.67    1.27
-208665.012    16.321     0.31    1.63
-208289.668    16.445     0.33    1.75
-207914.342    16.912     1.24    1.98
-207539.032    17.576     1.77    2.34
-207163.740    18.707     3.02    3.00
-206788.464    20.139     3.82    3.27
-206413.206    20.956     2.18    3.14
-206037.965    22.162     3.21    3.01
-205662.741    23.041     2.34    2.77
-205287.533    24.715     4.46    3.68
-204912.343    26.503     4.77    3.71
-204537.170    28.529     5.40    3.25
-204162.014    29.275     1.99    3.09
-203786.875    30.156     2.35    2.41
-203411.753    30.321     0.44    1.90
-203036.648    29.342    -2.61    2.29
-202661.560    28.662    -1.81    2.13
-202286.489    28.207    -1.21    1.85
-201911.435    28.436     0.61    1.96
-201536.398    28.548     0.30    1.76
-201161.378    28.682     0.36    1.76
-200786.375    28.048    -1.69    1.85
-200411.389    27.064    -2.62    1.99
-200036.420    26.230    -2.22    2.04
-199661.468    25.344    -2.36    1.21
-199286.533    24.816    -1.41    1.54
-198911.615    24.525    -0.78    1.57
-198536.714    23.945    -1.55    1.52
-198161.830    23.503    -1.18    1.61
-197786.962    23.297    -0.55    1.53
-197412.112    23.094    -0.54    1.48
-197037.279    22.753    -0.91    1.69
-196662.462    22.751    -0.00    1.55
-196287.663    22.434    -0.84    1.78
-195912.880    22.415    -0.05    1.80
-195538.115    22.116    -0.80    1.73
-195163.366    21.924    -0.51    1.84
-194788.635    22.134     0.56    1.69
-194413.920    21.230    -2.41    1.49
-194039.222    20.982    -0.66    1.48
-193664.541    20.934    -0.13    1.42
-193289.877    20.723    -0.56    1.50
-192915.230    20.912     0.50    1.55
-192540.599    20.766    -0.39    1.59
-192165.986    20.732    -0.09    1.13
-191791.390    20.662    -0.19    1.11
-191416.810    20.603    -0.16    1.15
-191042.247    20.684     0.22    1.33
-190667.702    20.529    -0.41    1.56
-190293.173    20.957     1.14    1.70
-189918.661    20.855    -0.27    1.76
-189544.165    21.136     0.75    1.68
-189169.687    20.730    -1.08    1.51
-188795.226    20.491    -0.64    1.26
-188420.781    20.300    -0.51    1.12
-188046.353    20.180    -0.32    1.26
-187671.942    20.203     0.06    1.40
-187297.548    20.436     0.62    1.35
-186923.171    20.623     0.50    1.46
-186548.810    21.139     1.38    1.48
-186174.467    21.441     0.81    1.49
-185800.140    21.343    -0.26    1.34
-185425.830    21.662     0.85    1.37
-185051.537    21.948     0.76    1.33
-184677.261    22.344     1.06    1.52
-184303.001    22.341    -0.01    1.64
-183928.759    22.344     0.01    1.80
-183554.533    22.610     0.71    1.81
-183180.324    22.599    -0.03    1.72
-182806.131    22.684     0.23    1.74
-182431.956    23.147     1.24    1.70
-182057.797    23.480     0.89    1.66
-181683.655    23.878     1.07    1.49
-181309.530    24.321     1.18    1.51
-180935.421    24.509     0.50    1.42
-180561.330    24.552     0.12    1.35
-180187.255    24.842     0.78    1.52
-179813.197    24.628    -0.57    1.45
-179439.155    24.798     0.45    1.32
-179065.131    24.628    -0.45    1.34
-178691.123    24.344    -0.76    1.37
-178317.132    24.250    -0.25    1.47
-177943.157    24.227    -0.06    1.52
-177569.200    24.723     1.33    1.45
-177195.259    24.738     0.04    1.60
-176821.335    24.889     0.40    1.56
-176447.427    24.819    -0.19    1.61
-176073.536    24.548    -0.72    1.51
-175699.662    23.944    -1.62    2.01
-175325.805    23.785    -0.43    2.16
-174951.964    23.684    -0.27    2.21
-174578.140    23.366    -0.85    2.42
-174204.333    22.994    -1.00    2.46
-173830.543    22.586    -1.09    2.52
-173456.769    22.184    -1.07    2.64
-173083.012    22.322     0.37    2.81
-172709.271    23.003     1.82    2.47
-172335.547    23.230     0.61    2.59
-171961.840    22.762    -1.25    2.66
-171588.150    22.157    -1.62    2.77
-171214.476    21.747    -1.10    2.59
-170840.819    20.771    -2.61    2.91
-170466.467    19.789    -2.63    3.22
-170089.478    19.762    -0.07    3.67
-169712.505    20.048     0.76    3.78
-169335.550    20.855     2.14    3.51
-168958.611    20.808    -0.12    3.32
-168581.690    19.203    -4.26    3.18
-168204.785    17.762    -3.83    2.61
-167827.897    16.548    -3.22    3.25
-167451.026    14.412    -5.67    4.03
-167074.173    11.948    -6.54    4.81
-166697.336     9.438    -6.66    3.83
-166320.516     7.557    -4.99    1.89
-165943.713     7.322    -0.62    1.19
-165566.927     7.157    -0.44    1.17
-165190.157     6.722    -1.16    1.15
-164813.405     6.320    -1.07    1.11
-164436.670     6.162    -0.42    1.09
-164059.951     6.110    -0.14    1.11
-163683.250     5.971    -0.37    1.16
-163306.565     5.821    -0.40    1.07
-162929.897     5.821     0.00    0.98
-162553.247     5.855     0.09    1.10
-162176.613     5.700    -0.41    1.16
-161799.995     5.390    -0.82    1.22
-161423.395     4.980    -1.09    1.13
-161046.812     4.622    -0.95    0.85
-160670.245     4.366    -0.68    0.00
-160293.696     4.462     0.25    0.48
-159917.163     4.684     0.59    0.74
-159540.647     4.795     0.29    0.83
-159164.148     4.924     0.34    1.03
-158787.666     5.176     0.67    1.23
-158411.200     5.866     1.83    1.60
-158034.752     6.389     1.39    1.44
-157658.320     6.659     0.72    1.40
-157281.905     6.762     0.27    1.45
-156905.507     6.576    -0.49    1.47
-156529.126     6.295    -0.75    1.45
-156152.762     6.273    -0.06    1.59
-155776.414     6.033    -0.64    1.54
-155400.083     5.831    -0.54    1.40
-155023.769     5.785    -0.12    1.50
-154647.472     6.087     0.80    1.68
-154271.192     6.271     0.49    1.81
-153894.928     5.994    -0.74    1.79
-153518.682     5.980    -0.04    1.60
-153142.452     5.878    -0.27    1.50
-152766.238     5.878    -0.00    1.37
-152390.042     6.253     1.00    1.43
-152013.862     6.342     0.24    1.39
-151637.699     6.901     1.49    1.16
-151261.553     6.866    -0.09    1.45
-150885.424     6.483    -1.02    1.78
-150509.311     6.342    -0.37    1.77
-150133.216     6.321    -0.06    1.71
-149757.136     6.271    -0.13    1.64
-149381.074     6.645     1.00    1.62
-149005.029     6.775     0.35    1.57
-148629.000     6.952     0.47    1.47
-148252.987     7.094     0.38    1.44
-147876.992     6.775    -0.85    1.56
-147501.013     6.576    -0.53    1.42
-147125.051     6.297    -0.74    1.32
-146749.106     6.152    -0.38    1.22
-146373.178     6.116    -0.10    1.30
-145997.266     6.293     0.47    1.39
-145621.371     6.298     0.01    1.40
-145245.492     6.271    -0.07    1.45
-144869.630     6.557     0.76    1.52
-144493.785     6.730     0.46    1.40
-144117.957     7.033     0.81    1.30
-143742.145     7.273     0.64    1.92
-143366.350     8.110     2.23    2.52
-142990.572     9.297     3.16    2.83
-142614.810    10.652     3.61    2.87
-142239.065    11.622     2.58    2.26
-141863.337    11.889     0.71    2.33
-141487.625    12.462     1.52    2.43
-141111.930    13.321     2.29    2.41
-140736.252    14.436     2.97    2.45
-140360.590    17.438     7.99    7.14
-139984.945    21.134     9.84    9.44
-139609.317    23.985     7.59    9.58
-139233.705    24.808     2.19    9.58
-138858.110    24.669    -0.37    9.54
-138482.531    22.785    -5.02    9.21
-138106.969    18.247   -12.08    6.63
-137731.424    15.819    -6.47    3.56
-137355.895    14.821    -2.66    1.53
-136980.383    14.610    -0.56    1.16
-136604.888    14.436    -0.46    1.22
-136229.409    14.775     0.90    1.92
-135853.947    14.914     0.37    2.28
-135478.501    15.297     1.02    2.35
-135103.072    15.692     1.05    2.57
-134727.659    16.320     1.67    2.29
-134352.263    16.485     0.44    2.52
-133976.884    15.762    -1.93    3.00
-133601.521    14.628    -3.02    3.11
-133226.175    13.924    -1.88    2.81
-132850.845    12.844    -2.88    1.44
-132475.532    13.033     0.50    1.24
-132100.236    13.048     0.04    1.36
-131724.956    13.255     0.55    1.73
-131349.692    13.227    -0.08    1.73
-130974.445    13.319     0.24    1.81
-130599.215    13.762     1.18    2.28
-130224.001    14.017     0.68    2.32
-129848.804    14.771     2.01    2.71
-129473.623    14.914     0.38    2.24
-129098.459    14.753    -0.43    2.22
-128723.311    14.901     0.40    2.22
-128348.180    14.692    -0.56    1.89
-127973.065    14.669    -0.06    1.81
-127597.967    14.576    -0.25    1.71
-127222.885    14.414    -0.43    1.67
-126847.820    14.227    -0.50    1.47
-126472.772    14.071    -0.42    1.37
-126097.739    14.548     1.27    1.62
-125722.724    14.912     0.97    1.69
-125347.724    14.628    -0.76    1.71
-124972.742    14.184    -1.18    1.45
-124597.775    14.203     0.05    1.17
-124222.826    14.250     0.12    1.38
-123847.892    14.413     0.43    1.63
-123472.975    14.320    -0.25    1.66
-123098.075    14.343     0.06    1.57
-122723.191    14.485     0.38    1.25
-122348.324    14.483    -0.01    1.20
-121973.473    15.048     1.51    1.49
-121598.638    15.203     0.41    1.66
-121223.820    15.048    -0.41    1.78
-120849.018    14.831    -0.58    1.91
-120474.233    14.457    -1.00    1.49
-120099.464    14.366    -0.24    1.12
-119724.711    14.994     1.68    2.27
-119349.975    15.599     1.61    2.57
-118975.256    15.775     0.47    2.45
-118600.553    16.273     1.33    2.41
-118225.866    16.366     0.25    2.00
-117851.195    16.250    -0.31    1.75
-117476.541    16.723     1.26    1.92
-117101.904    16.890     0.44    1.70
-116727.282    17.087     0.53    1.55
-116352.678    17.087     0.00    1.65
-115978.089    17.250     0.43    1.59
-115603.517    17.753     1.34    1.88
-115228.961    17.948     0.52    2.16
-114854.422    17.771    -0.47    2.45
-114479.899    17.366    -1.08    2.67
-114105.393    16.116    -3.34    2.01
-113730.902    15.599    -1.38    0.95
-113356.428    17.343     4.66    4.11
-112981.971    19.273     5.16    5.28
-112607.530    22.707     9.17    5.88
-112233.105    26.271     9.52    4.46
-111858.696    28.413     5.72    5.13
-111484.304    30.033     4.33    6.33
-111109.928    30.057     0.06    6.33
-110735.569    30.321     0.71    7.20
-110361.226    31.074     2.01    7.69
-109986.899    33.110     5.44    7.57
-109612.588    32.196    -2.44    7.34
-109238.294    31.320    -2.34    7.26
-108864.016    30.952    -0.98    7.87
-108489.754    29.594    -3.63    6.84
-108115.509    30.414     2.19    6.31
-107741.280    31.066     1.74    6.31
-107367.067    33.207     5.72    7.67
-106992.871    34.597     3.71    7.62
-106618.691    32.557    -5.45    7.95
-106244.527    30.342    -5.92    7.63
-105870.379    27.971    -6.34    5.77
-105496.248    25.821    -5.75    3.06
-105122.133    26.116     0.79    2.89
-104748.034    27.457     3.58    3.36
-104373.951    28.264     2.16    3.42
-103999.885    28.645     1.02    3.13
-103625.835    27.483    -3.11    3.77
-103251.801    25.343    -5.72    3.83
-102877.783    24.003    -3.58    3.01
-102503.782    22.366    -4.38    1.89
-102129.797    21.957    -1.09    1.96
-101755.828    21.891    -0.18    2.15
-101381.875    21.730    -0.43    2.13
-101007.939    20.912    -2.19    1.76
-100634.019    20.390    -1.40    1.16
-100260.115    20.434     0.12    1.32
 -99886.227    20.577     0.38    1.45
 -99512.356    21.094     1.38    1.39
 -99138.500    20.971    -0.33    1.38
 -98764.661    20.548    -1.13    1.42
 -98390.838    20.180    -0.98    1.40
 -98017.031    19.623    -1.49    1.46
 -97643.241    19.207    -1.11    1.52
 -97269.466    18.656    -1.48    1.56
 -96895.708    18.071    -1.57    1.05
 -96521.966    17.738    -0.89    0.79
 -96148.240    17.878     0.37    0.91
 -95774.530    18.459     1.56    1.31
 -95398.718    19.033     1.53    1.44
 -95021.778    19.571     1.43    1.17
 -94644.854    19.952     1.01    1.41
 -94267.947    21.094     3.03    2.06
 -93891.056    21.684     1.57    2.40
 -93514.181    20.841    -2.24    3.28
 -93137.323    19.457    -3.67    3.47
 -92760.481    17.577    -4.99    2.58
 -92383.656    16.866    -1.89    1.61
 -92006.848    16.901     0.09    1.62
 -91630.055    16.831    -0.19    1.32
 -91253.279    16.934     0.27    1.11
 -90876.520    16.905    -0.08    1.14
 -90499.777    16.525    -1.01    1.10
 -90123.050    16.342    -0.49    1.12
 -89746.340    16.275    -0.18    0.91
 -89369.646    16.134    -0.38    0.90
 -88992.968    15.341    -2.11    1.56
 -88616.307    14.253    -2.89    1.90
 -88239.662    13.341    -2.42    1.61
 -87863.034    13.009    -0.88    1.39
 -87486.422    13.738     1.94    2.32
 -87109.827    16.459     7.23    4.89
 -86733.247    19.866     9.05    6.03
 -86356.685    22.208     6.22    4.59
 -85980.138    23.184     2.59    3.72
 -85603.608    23.064    -0.32    3.31
 -85227.094    23.525     1.23    3.53
 -84850.597    24.250     1.92    4.18
 -84474.116    25.059     2.15    4.69
 -84097.651    25.321     0.70    4.70
 -83721.203    26.293     2.58    4.68
 -83344.771    27.669     3.65    4.66
 -82968.355    27.343    -0.87    4.92
 -82591.956    26.064    -3.40    5.76
 -82215.573    23.457    -6.93    5.72
 -81839.206    20.761    -7.16    3.67
 -81462.856    20.094    -1.77    2.66
 -81086.522    20.669     1.53    2.60
 -80710.204    21.366     1.85    2.55
 -80333.902    21.506     0.37    2.51
 -79957.617    20.546    -2.55    2.05
 -79581.348    19.753    -2.11    1.32
 -79205.096    19.659    -0.25    1.15
 -78828.859    20.343     1.82    2.01
 -78452.639    20.506     0.43    2.24
 -78076.436    20.581     0.20    2.55
 -77700.248    19.753    -2.20    2.26
 -77324.077    19.050    -1.87    1.63
 -76947.922    20.071     2.71    2.63
 -76571.784    20.622     1.47    2.83
 -76195.661    21.017     1.05    2.44
 -75819.555    21.692     1.79    2.83
 -75443.465    22.187     1.32    2.57
 -75067.391    21.980    -0.55    2.89
 -74691.334    21.293    -1.83    2.51
 -74315.293    20.552    -1.97    1.98
 -73939.268    20.134    -1.11    2.45
 -73563.259    19.732    -1.07    2.32
 -73187.267    19.275    -1.21    0.94
 -72811.291    19.472     0.52    1.03
 -72435.331    19.594     0.32    1.26
 -72059.387    19.971     1.00    1.31
 -71683.459    20.297     0.87    1.30
 -71307.548    20.297     0.00    1.22
 -70931.653    20.700     1.07    1.03
 -70555.774    20.457    -0.64    1.10
 -70179.911    20.191    -0.71    1.17
 -69804.065    20.128    -0.17    1.14
 -69428.234    19.878    -0.67    1.05
 -69052.420    19.854    -0.06    1.21
 -68676.622    20.821     2.57    2.45
 -68300.840    21.291     1.25    2.77
 -67925.074    21.230    -0.16    2.90
 -67549.325    20.622    -1.62    3.15
 -67173.592    19.785    -2.23    3.22
 -66797.874    18.366    -3.78    1.27
 -66422.173    18.041    -0.87    0.86
 -66046.489    18.094     0.14    0.90
 -65670.820    18.141     0.13    1.00
 -65295.167    17.962    -0.48    0.94
 -64919.531    17.912    -0.13    1.11
 -64543.911    17.903    -0.02    1.10
 -64168.306    17.889    -0.04    0.98
 -63792.718    18.049     0.43    0.93
 -63417.146    17.971    -0.21    0.93
 -63041.591    18.033     0.17    0.90
 -62666.051    18.081     0.13    1.04
 -62290.527    18.128     0.13    1.28
 -61915.020    18.293     0.44    1.35
 -61539.529    18.116    -0.47    1.20
 -61164.053    18.241     0.33    1.09
 -60788.594    18.271     0.08    0.93
 -60413.151    18.366     0.25    1.10
 -60037.724    18.319    -0.13    1.13
 -59662.313    18.157    -0.43    1.01
 -59286.919    18.087    -0.19    1.03
 -58911.540    17.962    -0.33    1.04
 -58536.177    18.104     0.38    1.13
 -58160.831    18.041    -0.17    1.25
 -57785.500    18.271     0.61    1.49
 -57410.186    18.436     0.44    1.52
 -57034.887    18.628     0.51    1.43
 -56659.605    18.390    -0.63    1.54
 -56284.339    17.934    -1.21    1.42
 -55909.089    17.677    -0.69    1.43
 -55533.854    17.866     0.50    1.40
 -55158.636    18.366     1.33    1.94
 -54783.434    18.297    -0.19    1.80
 -54408.248    19.152     2.28    2.28
 -54033.078    19.676     1.40    2.44
 -53657.924    19.157    -1.38    2.19
 -53282.786    18.599    -1.49    1.91
 -52907.664    17.924    -1.80    1.31
 -52532.558    17.934     0.03    1.37
 -52157.468    17.808    -0.34    1.47
 -51782.394    17.676    -0.35    1.67
 -51407.336    17.971     0.79    1.77
 -51032.294    17.924    -0.12    1.82
 -50657.268    17.692    -0.62    1.49
 -50282.258    17.707     0.04    1.31
 -49907.264    17.808     0.27    1.28
 -49532.286    17.785    -0.06    1.14
 -49157.324    17.659    -0.34    1.23
 -48782.378    17.509    -0.40    1.26
 -48407.448    17.483    -0.07    1.28
 -48032.534    17.321    -0.43    1.24
 -47657.636    17.413     0.25    1.25
 -47282.753    17.157    -0.68    1.28
 -46907.887    16.901    -0.68    1.28
 -46533.037    16.715    -0.50    1.13
 -46158.202    16.692    -0.06    1.08
 -45783.384    16.957     0.71    1.19
 -45408.581    16.924    -0.09    1.22
 -45033.795    16.855    -0.19    1.20
 -44659.024    16.785    -0.19    1.20
 -44284.269    16.628    -0.42    1.08
 -43909.531    16.842     0.57    1.11
 -43534.808    17.017     0.47    1.15
 -43160.101    17.057     0.10    1.16
 -42785.410    16.948    -0.29    1.12
 -42410.735    16.831    -0.31    1.30
 -42036.075    16.639    -0.51    1.09
 -41661.432    16.659     0.05    1.17
 -41286.805    16.645    -0.04    1.24
 -40912.193    16.586    -0.16    1.27
 -40537.597    16.700     0.30    1.30
 -40163.018    16.509    -0.51    1.32
 -39788.454    16.509     0.00    1.20
 -39413.906    16.533     0.06    1.31
 -39039.373    16.416    -0.31    1.26
 -38664.857    16.616     0.53    1.40
 -38290.357    16.439    -0.47    1.46
 -37915.872    16.576     0.36    1.46
 -37541.403    16.628     0.14    1.43
 -37166.950    16.866     0.64    1.57
 -36792.513    17.253     1.03    1.47
 -36418.092    17.264     0.03    1.41
 -36043.687    17.041    -0.60    1.44
 -35669.297    16.808    -0.62    1.31
 -35294.924    16.622    -0.50    1.22
 -34920.566    16.753     0.35    0.97
 -34546.224    16.998     0.66    1.08
 -34171.898    17.162     0.44    1.21
 -33797.587    17.059    -0.28    1.44
 -33423.293    17.104     0.12    1.42
 -33049.014    16.798    -0.82    1.23
 -32674.751    16.785    -0.04    1.22
 -32300.504    16.753    -0.09    1.20
 -31926.273    16.735    -0.05    1.24
 -31552.057    16.821     0.23    1.32
 -31177.857    17.064     0.65    1.49
 -30803.673    17.457     1.05    1.52
 -30429.505    17.785     0.88    1.26
 -30055.353    17.648    -0.36    0.94
 -29681.216    17.662     0.04    1.21
 -29307.095    18.024     0.97    1.62
 -28932.990    17.985    -0.10    1.86
 -28558.901    17.762    -0.60    1.85
 -28184.827    17.366    -1.06    1.66
 -27810.769    17.048    -0.85    0.93
 -27436.727    16.879    -0.45    1.05
 -27062.701    17.003     0.33    0.99
 -26688.690    17.122     0.32    0.99
 -26314.695    17.200     0.21    1.17
 -25940.716    16.971    -0.61    1.22
 -25566.753    16.732    -0.64    1.39
 -25192.805    16.434    -0.80    1.45
 -24818.873    16.439     0.01    1.46
 -24444.957    16.819     1.01    1.58
 -24071.057    17.914     2.93    2.19
 -23697.172    18.557     1.72    2.23
 -23323.303    18.747     0.51    1.90
 -22949.449    19.057     0.83    1.72
 -22575.612    18.676    -1.02    1.81
 -22201.790    18.652    -0.06    1.90
 -21827.984    18.980     0.88    2.09
 -21454.193    18.366    -1.64    2.29
 -21080.418    18.692     0.87    2.24
 -20706.392    18.576    -0.31    2.23
 -20329.481    18.645     0.19    2.19
 -19952.587    18.366    -0.74    2.49
 -19575.709    17.390    -2.59    2.71
 -19198.846    16.320    -2.84    2.52
 -18822.000    15.390    -2.47    1.79
 -18445.169    15.320    -0.19    1.80
 -18068.354    16.203     2.35    2.35
 -17691.556    16.438     0.62    2.48
 -17314.773    16.273    -0.44    2.43
 -16938.006    16.116    -0.42    2.04
 -16561.255    16.581     1.23    2.14
 -16184.520    17.775     3.17    2.43
 -15807.801    18.762     2.62    2.07
 -15431.098    18.866     0.28    2.27
 -15054.411    18.176    -1.83    2.55
 -14677.739    16.994    -3.14    1.89
 -14301.084    16.738    -0.68    1.62
 -13924.444    17.480     1.97    2.64
 -13547.820    18.200     1.91    3.02
 -13171.213    18.700     1.33    3.06
 -12794.621    19.295     1.58    3.17
 -12418.045    18.775    -1.38    2.90
 -12041.485    18.878     0.27    2.66
 -11664.940    18.480    -1.06    2.29
 -11288.412    17.599    -2.34    1.67
 -10911.899    17.033    -1.50    1.69
 -10535.403    16.914    -0.32    1.90
 -10158.922    17.033     0.32    2.23
  -9782.457    17.227     0.51    2.18
  -9406.008    17.715     1.30    2.37
  -9029.574    18.576     2.29    1.82
  -8653.157    18.200    -1.00    2.24
  -8276.755    17.771    -1.14    2.49
  -7900.370    17.390    -1.01    2.52
  -7524.000    17.253    -0.36    2.22
  -7147.646    16.808    -1.18    2.00
  -6771.307    16.134    -1.79    1.15
  -6394.985    16.295     0.43    1.18
  -6018.678    16.462     0.44    1.38
  -5642.387    16.855     1.04    1.55
  -5266.112    16.924     0.19    1.61
  -4889.853    16.297    -1.67    1.58
  -4513.610    15.622    -1.79    1.66
  -4137.382    14.855    -2.04    1.14
  -3761.170    15.009     0.41    1.56
  -3384.974    14.948    -0.16    1.83
  -3008.794    14.366    -1.55    4.11
  -2632.630    11.180    -8.47    7.80
  -2256.481     6.912   -11.35    8.49
  -1880.348     2.200   -12.53    6.90
  -1504.231    -1.086    -8.74    1.88
  -1128.129    -0.372     1.90    2.85
   -752.044     0.552     2.46    2.90
   -375.974     1.533     2.61    2.98
      0.080     1.669     0.36    3.02
    376.119     1.081    -1.56    2.75
    752.141    -0.491    -4.18    2.05
   1128.148    -1.262    -2.05    1.40
   1504.139    -0.062     3.19    2.65
   1880.115     1.509     4.18    3.14
   2256.075     3.207     4.52    3.44
   2632.019     4.462     3.34    3.15
   3007.947     4.700     0.63    3.09
   3383.859     5.176     1.27    2.49
   3759.756     5.343     0.44    1.64
   4135.637     5.485     0.38    1.68
   4511.503     6.971     3.95    2.76
   4887.352     8.271     3.46    2.94
   5263.186     8.557     0.76    2.51
   5639.005     8.343    -0.57    2.29
   6014.807     7.808    -1.42    1.86
   6390.594     7.415    -1.05    1.32
   6766.365     7.529     0.30    1.40
   7142.121     7.808     0.74    1.64
   7517.861     7.916     0.29    2.00
   7893.585     7.616    -0.80    1.42
   8269.294     7.439    -0.47    1.10
   8644.987     7.557     0.31    1.23
   9020.664     8.552     2.65    2.25
   9396.325    10.485     5.15    3.80
   9771.971    12.912     6.46    4.21
  10147.602    14.700     4.76    3.57
  10523.216    15.645     2.52    2.55
  10898.815    15.247    -1.06    2.06
  11274.398    13.924    -3.52    2.04
  11649.966    12.604    -3.51    1.61
  12025.518    11.966    -1.70    1.43
  12401.055    12.548     1.55    1.85
  12776.575    13.269     1.92    1.92
  13152.081    13.985     1.91    1.85
  13527.570    14.041     0.15    1.73
  13903.044    14.171     0.35    1.74
  14278.503    14.230     0.16    1.72
  14653.945    13.700    -1.41    2.03
  15029.373    12.912    -2.10    2.51
  15404.784    11.366    -4.12    1.89
  15780.180    10.622    -1.98    1.43
  16155.561    10.203    -1.12    1.34
  16530.925    10.208     0.01    1.17
  16906.275    10.207    -0.00    1.20
  17281.608    10.187    -0.05    1.07
  17656.926    10.390     0.54    1.34
  18032.229    10.162    -0.61    1.23
  18407.516    10.116    -0.12    1.28
  18782.787    10.321     0.55    1.40
  19158.043    10.156    -0.44    1.34
  19533.283    10.184     0.08    1.78
  19908.508    10.017    -0.45    1.86
  20283.717     9.715    -0.81    1.69
  20658.911     9.957     0.65    1.83
  21034.089     9.725    -0.62    1.22
  21409.251     9.548    -0.47    1.23
  21784.398     9.491    -0.15    1.04
  22159.530     9.413    -0.21    1.02
  22534.646     9.622     0.56    1.45
  22909.746     9.666     0.12    1.47
  23284.831     9.639    -0.07    1.45
  23659.901     9.445    -0.52    1.57
  24034.955     9.203    -0.64    1.21
  24409.993     9.180    -0.06    1.16
  24785.016     9.200     0.05    1.21
  25160.023     9.033    -0.44    1.14
  25535.015     8.930    -0.27    1.02
  25909.992     8.798    -0.35    1.25
  26284.953     8.716    -0.22    1.12
  26659.898     8.747     0.08    1.08
  27034.828     8.831     0.22    1.18
  27409.743     9.000     0.45    0.99
  27784.642     9.087     0.23    0.98
  28159.525     9.318     0.61    1.47
  28534.393     9.557     0.64    1.55
  28909.246     9.700     0.38    1.82
  29284.083     9.747     0.13    1.53
  29658.905     9.628    -0.32    1.27
  30033.711     9.700     0.19    1.24
  30408.502     9.700     0.00    1.37
  30783.277     9.537    -0.43    1.45
  31158.037     9.557     0.05    1.71
  31532.782     9.525    -0.08    1.78
  31907.511     9.366    -0.42    1.62
  32282.225     9.203    -0.43    1.43
  32656.923     9.343     0.37    1.30
  33031.606     9.533     0.51    1.29
  33406.273     9.581     0.13    1.30
  33780.925     9.855     0.73    1.16
  34155.562    10.203     0.93    1.31
  34530.183    10.162    -0.11    1.34
  34904.789    10.413     0.67    1.72
  35279.379    10.878     1.24    2.11
  35653.954    10.976     0.26    2.39
  36028.514    11.319     0.91    2.55
  36403.058    11.342     0.06    2.25
  36777.587    11.436     0.25    1.88
  37152.101    11.762     0.87    1.81
  37526.599    11.819     0.15    1.73
  37901.081    11.676    -0.38    1.76
  38275.549    11.162    -1.37    2.10
  38650.001    10.985    -0.47    2.02
  39024.437    11.319     0.89    2.41
  39398.859    11.604     0.76    2.46
  39773.265    11.985     1.02    2.27
  40147.655    12.152     0.45    2.41
  40522.031    12.025    -0.34    2.52
  40896.391    11.152    -2.33    2.63
  41270.735    10.059    -2.92    2.03
  41645.064     9.622    -1.17    1.50
  42019.378     9.269    -0.94    1.30
  42393.677     9.250    -0.05    1.35
  42767.960     9.366     0.31    1.25
  43142.228     9.541     0.47    1.41
  43516.481     9.844     0.81    1.45
  43890.718     9.956     0.30    1.55
  44264.940     9.581    -1.00    1.97
  44639.147     9.738     0.42    2.65
  45013.338     8.645    -2.92    3.68
  45387.515     7.684    -2.57    4.32
  45761.675     7.182    -1.34    4.96
  46135.821     5.821    -3.64    5.06
  46509.951     4.966    -2.28    5.00
  46884.066     5.434     1.25    4.76
  47258.166     5.604     0.45    4.24
  47632.250     5.469    -0.36    4.08
  48006.320     4.207    -3.37    3.89
  48380.374     2.919    -3.44    3.13
  48754.412     2.134    -2.10    2.23
  49128.436     2.855     1.93    2.44
  49502.444     3.157     0.81    2.55
  49876.437     4.957     4.81    4.21
  50250.414     6.648     4.52    6.14
  50624.377     7.912     3.38    6.61
  50998.324     7.635    -0.74    7.26
  51372.256     4.985    -7.08    5.53
  51746.172     3.271    -4.58    3.43
  52120.074     2.561    -1.90    2.60
  52493.960     2.321    -0.64    1.29
  52867.831     2.716     1.06    1.46
  53241.687     4.176     3.90    2.58
  53615.528     4.295     0.32    2.76
  53989.353     4.009    -0.76    2.76
  54364.753     3.462    -1.46    2.84
  54741.618     2.561    -2.39    2.02
  55118.467     2.295    -0.71    1.55
  55495.300     2.816     1.38    1.72
  55872.118     4.244     3.79    2.93
  56248.920     4.819     1.52    2.84
  56625.707     4.723    -0.25    2.61
  57002.479     4.319    -1.07    2.61
  57379.235     3.628    -1.83    2.45
  57755.975     2.616    -2.69    1.56
  58132.701     2.297    -0.85    1.37
  58509.410     2.342     0.12    1.35
  58886.105     2.247    -0.25    1.61
  59262.784     1.599    -1.72    1.86
  59639.447     0.700    -2.39    2.04
  60016.095     0.176    -1.39    2.20
  60392.728     1.250     2.85    3.44
  60769.345     2.819     4.16    3.96
  61145.947     4.297     3.92    3.39
  61522.534     5.938     4.36    2.12
  61899.105     6.293     0.94    1.82
  62275.660     6.771     1.27    1.80
  62652.201     7.599     2.20    1.84
  63028.726     7.808     0.56    1.84
  63405.235     7.844     0.09    2.04
  63781.729     8.343     1.33    2.55
  64158.208     8.771     1.14    3.08
  64534.672     9.819     2.78    3.49
  64911.120     9.700    -0.32    3.63
  65287.552     9.715     0.04    3.53
  65663.970     8.971    -1.98    3.53
  66040.372     8.952    -0.05    3.47
  66416.758     9.081     0.34    3.41
  66793.129     8.319    -2.02    3.00
  67169.485     8.250    -0.18    2.92
  67545.826     8.366     0.31    3.21
  67922.151     8.064    -0.80    3.23
  68298.461     7.855    -0.56    3.03
  68674.756     7.878     0.06    3.03
  69051.035     8.509     1.68    3.10
  69427.299     8.628     0.32    2.82
  69803.547     8.855     0.60    2.49
  70179.781     9.485     1.68    2.57
  70555.999    10.483     2.65    3.11
  70932.201    10.890     1.08    3.13
  71308.389    10.462    -1.14    3.03
  71684.561    10.087    -0.99    2.94
  72060.718    10.122     0.09    3.25
  72436.859    10.176     0.14    3.23
  72812.985    10.503     0.87    3.25
  73189.096    10.669     0.44    3.31
  73565.192    10.985     0.84    3.14
  73941.272    11.771     2.09    3.72
  74317.337    11.985     0.57    3.74
  74693.387    12.200     0.57    3.70
  75069.422    12.271     0.19    3.87
  75445.441    11.269    -2.67    3.36
  75821.445    11.581     0.83    3.01
  76197.434    11.866     0.76    2.95
  76573.407    11.914     0.13    3.05
  76949.366    11.414    -1.33    3.18
  77325.309    10.533    -2.34    2.40
  77701.236    10.247    -0.76    2.30
  78077.149    11.016     2.05    3.21
  78453.046    11.599     1.55    3.79
  78828.928    11.318    -0.75    3.49
  79204.795    11.366     0.13    3.35
  79580.647    10.795    -1.52    2.50
  79956.483    10.591    -0.54    2.58
  80332.305    10.866     0.73    2.50
  80708.111    11.241     1.00    2.41
  81083.901    12.342     2.93    3.01
  81459.677    13.273     2.48    2.81
  81835.437    13.509     0.63    3.13
  82211.183    13.048    -1.23    2.99
  82586.913    12.828    -0.59    2.97
  82962.627    12.889     0.16    2.94
  83338.327    12.676    -0.57    2.85
  83714.012    12.738     0.17    2.67
  84089.681    12.200    -1.43    2.40
  84465.335    11.182    -2.71    2.37
  84840.974    11.048    -0.36    2.49
  85216.598    10.905    -0.38    2.37
  85592.206    10.890    -0.04    2.17
  85967.800    10.957     0.18    2.31
  86343.378    10.751    -0.55    2.22
  86718.941    10.321    -1.15    1.90
  87094.489    10.546     0.60    1.99
  87470.022    10.457    -0.24    1.44
  87845.540    10.669     0.56    1.68
  88221.042    10.483    -0.50    1.37
  88596.530    10.934     1.20    1.52
  88972.002    11.341     1.08    2.03
  89347.459    11.571     0.61    2.05
  89722.901    11.741     0.45    2.00
  90098.328    11.692    -0.13    2.13
  90473.740    12.319     1.67    2.58
  90849.137    12.494     0.47    2.63
  91224.519    12.730     0.63    2.53
  91599.885    12.735     0.01    2.28
  91975.237    12.952     0.58    2.25
  92350.573    12.924    -0.07    2.12
  92725.894    12.586    -0.90    1.96
  93101.200    12.253    -0.89    2.04
  93476.491    11.905    -0.93    1.68
  93851.767    11.581    -0.86    1.16
  94227.028    11.319    -0.70    0.73
  94602.274    11.533     0.57    0.70
  94977.505    11.557     0.06    0.86
  95352.721    11.561     0.01    0.84
  95727.921    11.785     0.60    0.96
  96103.107    11.916     0.35    0.90
  96478.277    12.049     0.35    0.85
  96853.433    12.064     0.04    0.86
  97228.573    12.128     0.17    0.88
  97603.699    12.628     1.33    1.65
  97978.809    12.948     0.85    1.85
  98353.904    13.842     2.39    2.51
  98728.985    14.962     2.98    3.42
  99104.050    15.994     2.75    3.98
  99479.100    16.176     0.48    4.03
  99854.135    15.971    -0.55    4.04
 100229.155    15.914    -0.15    3.99
 100604.161    15.652    -0.70    3.66
 100979.151    16.122     1.25    3.37
 101354.126    15.831    -0.78    2.48
 101729.086    15.994     0.43    2.25
 102104.031    16.253     0.69    2.01
 102478.961    16.483     0.61    1.83
 102853.876    16.785     0.81    2.13
 103228.777    16.819     0.09    2.33
 103603.662    16.952     0.35    2.40
 103978.532    16.250    -1.87    2.88
 104353.387    15.462    -2.10    2.46
 104728.227    14.557    -2.41    1.61
 105103.053    14.180    -1.00    1.72
 105477.863    14.196     0.04    1.36
 105852.658    14.891     1.86    2.21
 106227.439    15.938     2.79    2.86
 106602.204    16.566     1.68    2.99
 106976.955    16.842     0.74    2.90
 107351.690    16.366    -1.27    2.44
 107726.411    16.081    -0.76    2.35
 108101.116    16.438     0.95    2.82
 108475.807    17.007     1.52    2.89
 108850.483    17.889     2.35    3.07
 109225.144    18.854     2.58    2.74
 109599.789    19.009     0.41    2.90
 109974.420    18.914    -0.25    3.30
 110349.036    18.208    -1.88    3.24
 110723.638    18.253     0.12    3.36
 111098.224    18.033    -0.59    3.11
 111472.795    17.576    -1.22    2.82
 111847.352    16.529    -2.79    2.51
 112221.893    16.819     0.77    2.80
 112596.420    17.480     1.77    3.24
 112970.931    16.998    -1.29    3.11
 113345.428    17.480     1.29    3.24
 113719.910    17.147    -0.89    2.87
 114094.377    16.576    -1.53    2.56
 114468.829    16.057    -1.39    1.67
 114843.267    15.828    -0.61    1.05
 115217.689    16.025     0.53    1.35
 115592.097    16.314     0.77    1.54
 115966.489    16.610     0.79    1.55
 116340.867    16.645     0.09    1.55
 116715.230    16.391    -0.68    1.13
 117089.578    16.366    -0.07    1.20
 117463.911    16.546     0.48    1.34
 117838.230    16.509    -0.10    1.28
 118212.533    16.604     0.25    0.98
 118586.822    16.890     0.76    1.47
 118961.096    17.104     0.57    1.61
 119335.355    17.781     1.81    2.28
 119709.599    18.604     2.20    2.46
 120083.829    19.342     1.97    2.53
 120458.043    19.842     1.34    2.27
 120832.243    20.180     0.90    2.04
 121206.428    20.652     1.26    1.94
 121580.598    20.293    -0.96    1.85
 121954.753    20.087    -0.55    2.36
 122328.894    20.223     0.36    2.57
 122703.020    20.438     0.57    2.73
 123077.131    21.509     2.86    2.72
 123451.227    22.203     1.86    2.57
 123825.308    22.203     0.00    2.70
 124199.375    22.041    -0.44    2.78
 124573.426    21.890    -0.40    2.86
 124947.463    21.808    -0.22    2.82
 125321.486    21.533    -0.74    2.92
 125695.493    21.295    -0.64    3.02
 126069.486    20.343    -2.54    2.61
 126443.464    19.557    -2.10    2.03
 126817.427    19.269    -0.77    1.85
 127191.375    18.985    -0.76    1.48
 127565.309    18.581    -1.08    1.32
 127939.228    19.066     1.30    1.92
 128313.132    19.297     0.62    2.00
 128687.021    20.116     2.19    2.16
 129060.896    21.104     2.64    2.06
 129437.584    22.342     3.29    2.16
 129814.407    22.676     0.88    2.08
 130191.216    22.157    -1.38    2.34
 130568.009    21.571    -1.55    2.43
 130944.787    21.298    -0.73    2.34
 131321.551    21.033    -0.70    2.08
 131698.299    21.064     0.08    2.09
 132075.033    20.771    -0.78    1.98
 132451.751    20.656    -0.31    2.03
 132828.455    20.434    -0.59    2.07
 133205.143    20.732     0.79    2.40
 133581.817    21.343     1.62    2.74
 133958.476    21.732     1.03    2.77
 134335.120    22.212     1.28    2.69
 134711.748    21.844    -0.98    2.33
 135088.362    21.828    -0.04    2.13
 135464.961    21.485    -0.91    2.47
 135841.545    20.738    -1.98    2.85
 136218.114    19.956    -2.08    2.68
 136594.669    19.639    -0.84    2.51
 136971.208    19.546    -0.25    2.13
 137347.732    20.552     2.67    3.02
 137724.242    21.529     2.59    3.04
 138100.736    21.723     0.52    3.03
 138477.216    21.344    -1.01    2.89
 138853.681    20.208    -3.01    1.88
 139230.131    19.753    -1.21    1.17
 139606.566    19.914     0.43    1.23
 139982.986    20.157     0.65    1.19
 140359.391    20.319     0.43    0.96
 140735.781    20.161    -0.42    0.92
 141112.157    20.162     0.00    0.93
 141488.517    19.956    -0.55    0.88
 141864.863    20.009     0.14    0.91
 142241.194    19.805    -0.54    0.92
 142617.510    19.841     0.10    0.91
 142993.811    19.957     0.31    1.00
 143370.098    19.972     0.04    0.90
