# NaN NaN NaN ;Mean Elev.(m), Avg Gradient(m/km), RMS Gradient(m/km) - SRTM1     
#   -1.353  -4.473  10.470 ;Mean Elev.(m), Avg Gradient(m/km), RMS Gradient(m/km) - ASTER GDEM
#    8.449  -4.277   8.996 ;Mean Elev.(m), Avg Gradient(m/km), RMS Gradient(m/km) - GMTED2010 
  8 299.404406 -31.718999    49.629    51.215  3 52498.09977209  6.119
 10 299.413416 -31.735850    62.426    62.750 15 52568.09978162  8.086
 11 299.399863 -31.722632    44.734    45.206  3 52603.09978029 10.013
 13 299.403101 -31.722170    51.353    51.364  3 52673.09975399  5.593
 14 299.408384 -31.725550    58.266    55.111  8 52708.09976118  6.151
 15 299.398439 -31.720721    13.637    13.647  3 52743.09979228 40.263
 17 299.404630 -31.719034    19.876    13.011  3 52813.09981288 49.397
 18 299.407741 -31.723459    57.024    51.439  8 52848.09986581  9.229
 19 299.402307 -31.723301    50.687    50.687  2 52883.09990198  5.767
 20 299.403461 -31.719248    26.544    33.440  3 52918.09985942 43.588
 21 299.417475 -31.734067    49.453    51.272 13 52953.09981836 26.657
 22 299.416671 -31.729606    63.197    63.355 14 52988.09982999  6.365
 23 299.411519 -31.730369    57.481    56.574 12 53023.09981771  8.715
 24 299.416421 -31.730408    63.574    64.117 14 53058.09981195  6.374
 25 299.395152 -31.723054    11.208    11.368  3 53093.09985132 22.612
 26 299.414805 -31.732267    62.633    63.199 15 53128.09982040  7.061
 28 299.405395 -31.718741    52.222    51.780  5 53198.09988928  6.506
 29 299.415048 -31.733722    62.822    62.925 15 53233.09986067  6.484
 30 299.399184 -31.720948    44.659    47.574  4 53268.09983154  7.677
 31 299.399324 -31.722539    11.371    11.321  3 53303.09988842 25.221
 32 299.402873 -31.719939    49.753    50.240  3 53338.09985830  6.271
 33 299.402986 -31.720301    14.553    14.314  4 53373.09979199 45.580
 35 299.400824 -31.720173    14.693    14.787  3 53443.09981598 34.983
 36 299.401853 -31.723471    39.604    39.604  2 53478.09988900 12.525
 37 299.404200 -31.719608    51.380    51.199  4 53513.09990047  6.216
 38 299.399354 -31.723998    46.643    46.643  2 53548.09991807  7.270
 39 299.403841 -31.720322    50.840    51.771  4 53583.09988536  6.219
 40 299.398724 -31.724718    41.717    41.717  2 53618.09984063  9.868
 41 299.405895 -31.719404    51.581    52.537  4 53653.09986237  6.562
 43 299.404209 -31.723225    33.819    33.819  2 53723.09978684 18.259
 44 299.418672 -31.732593    58.724    62.688 13 53758.09972116 12.653
 45 299.409748 -31.728343    46.745    37.161  9 53793.09974471 29.148
 46 299.415725 -31.730026    60.967    60.857 15 53828.09971364  8.267
 47 299.403437 -31.719922    51.077    50.735  3 53863.09980014  5.858
 48 299.405884 -31.719787    49.966    52.018  4 53898.09982312  8.800
 49 299.395194 -31.723344    20.193    20.193  2 53933.09986988 29.522
 50 299.398262 -31.723274    44.036    44.036  2 53968.09984251  8.939
 51 299.415058 -31.730812    62.200    62.878 15 54003.09980878  6.778
 52 299.412746 -31.733319    61.302    60.614 14 54038.09984450  7.281
 53 299.405520 -31.719734    50.772    51.017  4 54073.09984117  6.895
 54 299.399784 -31.722208    48.506    47.962  3 54108.09978881  5.611
 55 299.405915 -31.718294    13.679    13.602  5 54143.09977782 27.534
 57 299.404566 -31.717952    32.555    34.818  4 54213.09978473 25.566
 58 299.404717 -31.719916    51.539    51.720  3 54248.09981362  6.297
 60 299.405477 -31.719366    50.553    49.973  4 54318.09982017  6.534
 61 299.402604 -31.719719    49.257    49.869  3 54353.09978516  6.074
 62 299.406044 -31.718646    12.026    11.899  5 54388.09976015 23.234
 63 299.402641 -31.719506    50.423    49.969  3 54423.09973485  5.417
 64 299.411759 -31.730686    60.687    58.458 12 54458.09973200  8.628
 65 299.404118 -31.719916    51.116    51.043  4 54493.09973820  6.465
 66 299.411399 -31.730309    61.085    59.515 12 54528.09974467  6.774
 67 299.401629 -31.719835    34.380    34.284  3 54563.09974580 15.161
 68 299.404800 -31.720355    50.780    50.055  3 54598.09974304  6.665
 69 299.403636 -31.720473    51.276    50.980  3 54633.09975592  6.061
 70 299.403038 -31.720268    50.233    50.573  4 54668.09976106  5.895
 71 299.403412 -31.719640    50.007    50.615  3 54703.09972693  6.617
 72 299.408764 -31.726167    61.193    56.632 10 54738.09972161  6.175
 73 299.404058 -31.718298    12.455    12.420  4 54773.09970769 33.258
 74 299.408204 -31.724818    54.719    53.270  9 54808.09971464 10.500
 75 299.404091 -31.720175    51.169    50.953  4 54843.09970511  5.813
 76 299.404225 -31.718945    50.109    50.611  3 54878.09971889  5.776
 77 299.400805 -31.721242    48.758    48.866  4 54913.09970870  5.544
 78 299.403904 -31.718899    33.387    33.280  3 54948.09971135 17.752
 79 299.403114 -31.720089    45.510    48.219  4 54983.09973701 11.553
 80 299.404904 -31.719436    51.592    51.236  4 55018.09973463  6.522
 81 299.404867 -31.719537    26.976    33.669  3 55053.09973026 42.451
 82 299.401191 -31.721448    49.150    49.100  3 55088.09969260  5.973
 83 299.409460 -31.726825    61.211    56.800  9 55123.09966457  6.421
 84 299.401834 -31.719414    13.767    13.684  3 55158.09965291 25.465
 85 299.407141 -31.720362    15.361    15.621  5 55193.09965583 25.218
 86 299.402003 -31.721299    32.530    36.623  3 55228.09965456 24.916
 87 299.405821 -31.718774    14.624    14.566  5 55263.09965096 29.339
 88 299.402235 -31.718869    15.857    16.034  3 55298.09963859 48.137
 89 299.403132 -31.722095    48.941    48.941  2 55333.09963026  8.075
 90 299.403556 -31.717048    13.793    13.919  3 55368.09962253 34.733
 91 299.409103 -31.726563    52.757    52.867  8 55403.09963578 12.753
 92 299.404929 -31.719879    51.866    51.950  4 55438.09964009  6.116
 93 299.401580 -31.718237    11.652    11.652  2 55473.09958876 43.570
