# NaN NaN NaN ;Mean Elev.(m), Avg Gradient(m/km), RMS Gradient(m/km) - SRTM1     
#   41.698  -0.945   1.967 ;Mean Elev.(m), Avg Gradient(m/km), RMS Gradient(m/km) - ASTER GDEM
#   51.185  -0.777   1.452 ;Mean Elev.(m), Avg Gradient(m/km), RMS Gradient(m/km) - GMTED2010 
  8 302.076348 -27.280654    49.960    49.939 13 52498.56535186 47.169
 10 302.073887 -27.280319    53.369    54.342 13 52568.56536656 27.796
 11 302.072271 -27.279713    51.069    51.195 12 52603.56535781 41.708
 12 302.068570 -27.279671    51.437    51.482 12 52638.56533397 35.919
 13 302.073959 -27.279544    51.462    51.444 13 52673.56533248 26.123
 14 302.071098 -27.280710    52.148    51.812 13 52708.56534321 40.387
 15 302.068863 -27.279246    50.830    50.827 13 52743.56537270 46.651
 17 302.067418 -27.279431    50.666    50.628 12 52813.56539255 38.614
 18 302.070588 -27.279191    50.204    50.167 13 52848.56544591 29.453
 19 302.070500 -27.279081    50.151    50.153 12 52883.56548176 42.809
 20 302.076113 -27.281045    50.882    50.852 12 52918.56543866 49.428
 21 302.075180 -27.280771    50.659    50.675 13 52953.56540136 48.202
 22 302.081444 -27.282808    51.570    51.584 12 52988.56541041 46.997
 23 302.080765 -27.281621    50.915    50.913 13 53023.56539716 51.949
 24 302.079587 -27.282393    50.426    50.409 12 53058.56539302 31.405
 25 302.068415 -27.280598    50.339    50.312 13 53093.56543046 39.717
 26 302.076177 -27.279889    50.094    50.101 12 53128.56540114 41.586
 28 302.073711 -27.279655    51.202    51.215 12 53198.56546873 35.761
 29 302.082264 -27.281927    50.532    50.446 12 53233.56544141 30.158
 30 302.076860 -27.279781    50.432    50.457 12 53268.56540874 27.049
 31 302.063256 -27.280097    52.381    52.058 12 53303.56546804 40.058
 32 302.073572 -27.280505    51.947    51.774 13 53338.56543715 33.735
 33 302.078990 -27.281003    51.068    51.053 13 53373.56537018 51.087
 34 302.074996 -27.279349    53.214    53.318 13 53408.56541035 27.940
 35 302.077081 -27.280644    50.597    50.569 12 53443.56539460 28.106
 36 302.065888 -27.280759    50.764    50.572 13 53478.56547006 45.558
 37 302.073108 -27.279960    51.291    51.272 13 53513.56547897 30.494
 38 302.069573 -27.278742    53.151    52.104 13 53548.56549765 33.080
 39 302.075462 -27.280260    50.219    50.218 13 53583.56546342 32.530
 40 302.074450 -27.279200    50.247    50.228 13 53618.56541923 28.548
 41 302.071742 -27.279683    52.483    52.598 13 53653.56544225 38.831
 42 302.070841 -27.278658    46.992    46.981 13 53688.56544072 52.089
 43 302.079005 -27.281922    51.253    51.279 12 53723.56536590 39.071
 44 302.078079 -27.281300    51.199    51.218 12 53758.56530420 48.264
 45 302.078410 -27.280838    50.794    50.786 13 53793.56532546 47.269
 46 302.074294 -27.280211    51.646    51.687 12 53828.56529670 43.759
 47 302.068910 -27.279749    50.796    50.603 12 53863.56537946 29.319
 48 302.073391 -27.278338    52.827    53.294 13 53898.56540271 29.001
 49 302.063584 -27.280701    50.327    50.303 12 53933.56544935 39.742
 50 302.068945 -27.280332    50.485    50.469 13 53968.56542141 28.070
 51 302.072595 -27.279883    50.518    50.479 13 54003.56539095 30.504
 52 302.074979 -27.280672    50.603    50.615 12 54038.56542641 49.564
 53 302.075293 -27.279868    50.719    50.731 13 54073.56542060 36.681
 54 302.076215 -27.280710    51.056    51.059 13 54108.56536728 29.551
 55 302.072046 -27.278505    53.900    53.885 13 54143.56535684 33.403
 56 302.074949 -27.280799    51.590    51.580 13 54178.56535152 30.615
 58 302.072366 -27.279907    54.787    54.791 12 54248.56539241 29.261
 59 302.074614 -27.279463    50.552    50.529 13 54283.56540133 39.705
 60 302.075664 -27.280393    50.764    50.820 12 54318.56539895 31.927
 61 302.076743 -27.280346    50.405    50.417 12 54353.56536312 33.552
 62 302.074189 -27.280190    50.844    50.853 13 54388.56533914 46.009
 63 302.074841 -27.280370    52.407    52.433 13 54423.56531334 52.303
 64 302.072436 -27.279924    50.925    50.893 12 54458.56531381 28.397
 65 302.076042 -27.280021    50.677    50.658 13 54493.56531719 28.175
 66 302.074548 -27.279689    50.960    50.903 12 54528.56532639 27.072
 67 302.075731 -27.281277    50.985    50.981 13 54563.56532423 51.476
 68 302.073497 -27.279651    50.971    51.017 12 54598.56532186 37.770
 69 302.072397 -27.279121    50.756    50.773 13 54633.56533507 39.958
 70 302.072954 -27.279684    50.642    50.581 13 54668.56533988 29.672
 71 302.077092 -27.280698    51.331    51.373 13 54703.56530478 29.688
 72 302.071995 -27.280426    50.575    50.499 13 54738.56530237 28.521
 73 302.075864 -27.281108    52.473    52.466 13 54773.56528651 49.312
 74 302.071043 -27.279011    50.798    50.818 13 54808.56529507 32.833
 75 302.074716 -27.280712    50.428    50.457 13 54843.56528393 44.578
 76 302.071597 -27.278985    50.584    50.591 13 54878.56529868 32.110
 77 302.074598 -27.279022    50.219    50.236 13 54913.56528752 48.288
 78 302.071319 -27.279871    50.509    50.520 12 54948.56529017 46.898
 79 302.072063 -27.278579    50.773    50.805 13 54983.56531584 43.634
 80 302.074265 -27.280717    50.401    50.427 13 55018.56531345 31.522
 81 302.075757 -27.279570    51.718    51.745 13 55053.56530855 49.044
 82 302.075465 -27.280159    51.905    52.390 12 55088.56527078 39.982
 83 302.073841 -27.279097    53.173    53.205 13 55123.56524565 39.482
 84 302.074212 -27.279953    52.683    52.764 13 55158.56523141 26.645
 85 302.070918 -27.280745    54.231    54.239 13 55193.56523562 49.363
 86 302.074401 -27.280284    53.925    53.920 12 55228.56523381 27.800
 87 302.073863 -27.280538    51.866    51.888 13 55263.56523075 45.368
 88 302.076484 -27.280176    53.065    52.986 12 55298.56521613 30.636
 89 302.073097 -27.279613    52.161    51.901 13 55333.56520901 30.024
 90 302.075040 -27.280024    51.347    51.410 12 55368.56520071 24.975
 91 302.072835 -27.279868    51.459    51.455 12 55403.56521621 45.004
 92 302.076104 -27.280788    50.546    50.564 12 55438.56521860 47.272
 93 302.077022 -27.280772    50.797    50.777 12 55473.56516662 37.571
