# NaN NaN NaN ;Mean Elev.(m), Avg Gradient(m/km), RMS Gradient(m/km) - SRTM1     
#   35.644  -0.559   3.858 ;Mean Elev.(m), Avg Gradient(m/km), RMS Gradient(m/km) - ASTER GDEM
#   44.228  -0.430   2.397 ;Mean Elev.(m), Avg Gradient(m/km), RMS Gradient(m/km) - GMTED2010 
 12 301.193802 -27.689373    60.105    60.105  2 52632.09254865 23.538
 13 301.188066 -27.682961    44.855    44.880  9 52667.09257014 35.885
 15 301.191825 -27.686258    56.687    59.349  5 52737.09258204 19.381
 16 301.189858 -27.684924    43.688    43.687  7 52772.09255096 19.671
 17 301.191084 -27.685000    43.541    43.284  7 52807.09260588 18.380
 19 301.190237 -27.684434    43.785    43.784  7 52877.09270332 50.849
 23 301.187910 -27.683961    46.575    44.986  9 53017.09265137 25.130
 25 301.178910 -27.678697    44.400    43.264 14 53087.09266854 24.317
 26 301.192001 -27.686967    54.889    54.730  6 53122.09263675 16.645
 27 301.183678 -27.679625    44.845    44.920 12 53157.09269470 22.315
 30 301.183239 -27.680235    43.220    43.242 12 53262.09266157 22.419
 31 301.181210 -27.678019    43.416    43.473 13 53297.09269791 20.854
 32 301.190729 -27.684391    49.863    46.047  7 53332.09266834 28.107
 33 301.190677 -27.685126    45.114    45.108  8 53367.09261364 30.580
 35 301.190272 -27.685650    44.247    44.220  4 53437.09263059 28.275
 36 301.188380 -27.683215    60.135    60.095  9 53472.09268340 19.905
 37 301.187649 -27.684209    59.781    59.769 10 53507.09271406 20.496
 38 301.186174 -27.682451    48.817    44.973 11 53542.09272149 21.472
 39 301.186173 -27.682735    43.972    43.957 10 53577.09270856 52.734
 40 301.183723 -27.679886    43.024    43.067 12 53612.09266117 19.489
 42 301.183171 -27.680863    45.967    46.028 12 53682.09268144 25.647
 43 301.192358 -27.687503    59.175    59.200  3 53717.09260737 16.604
 46 301.189108 -27.683702    57.575    59.462  9 53822.09251224 21.708
 47 301.187646 -27.683969    50.035    44.744 10 53857.09260342 14.546
 49 301.178690 -27.678035    43.284    43.252 14 53927.09267867 23.055
 50 301.179994 -27.676932    43.267    43.253 14 53962.09266330 19.582
 53 301.193204 -27.688633    59.445    59.595  3 54067.09264943 14.599
 54 301.187660 -27.684158    45.334    45.387  9 54102.09261095 27.441
 55 301.192952 -27.687871    47.440    47.444  4 54137.09257794 46.679
 56 301.187908 -27.684653    46.589    46.692 10 54172.09258819 27.397
 57 301.192038 -27.686642    45.333    45.333  5 54207.09258299 30.481
 58 301.191460 -27.686266    45.862    45.901  7 54242.09261621 45.327
 59 301.191032 -27.685535    43.535    43.194  7 54277.09263091 15.642
 60 301.192618 -27.688169    44.295    44.295  5 54312.09263062 25.722
 61 301.188932 -27.685314    43.437    43.344  9 54347.09260394 20.690
 63 301.188663 -27.683288    50.409    51.504  9 54417.09255333 23.908
 65 301.192911 -27.687897    59.397    59.705  3 54487.09254954 14.849
 67 301.188918 -27.685158    44.659    44.646  9 54557.09256033 27.324
 68 301.190358 -27.683972    45.609    45.617  7 54592.09254744 35.387
 69 301.189841 -27.685069    57.764    59.772  8 54627.09256274 22.365
 70 301.188733 -27.684369    48.808    44.073  9 54662.09257025 26.834
 71 301.190267 -27.685788    55.795    55.043  8 54697.09254570 20.286
 72 301.193272 -27.688603    42.381    42.381  2 54732.09252621 22.061
 73 301.191057 -27.685005    60.260    60.266  7 54767.09252461 24.952
 74 301.192548 -27.687943    59.335    59.445  5 54802.09251933 20.099
 75 301.191850 -27.689672    43.118    43.104  5 54837.09251652 37.143
 76 301.193173 -27.688214    59.767    59.704  3 54872.09251850 24.267
 77 301.186095 -27.682995    43.991    43.874 10 54907.09252499 24.613
 78 301.192111 -27.688340    55.726    59.164  5 54942.09251119 17.612
 79 301.189094 -27.683098    43.344    43.314  8 54977.09254061 41.647
 80 301.189615 -27.685291    43.812    43.793  8 55012.09254796 48.857
 81 301.191948 -27.686828    44.846    44.912  5 55047.09253955 21.578
 82 301.187894 -27.683799    44.514    44.585 10 55082.09251257 21.058
 84 301.189009 -27.684034    60.115    60.240  9 55152.09246958 26.321
 85 301.192272 -27.686684    47.191    47.199  5 55187.09245830 50.695
 86 301.189103 -27.684032    49.953    47.840  9 55222.09246870 27.910
 87 301.193859 -27.689421    58.978    58.978  2 55257.09245325 23.371
 88 301.187481 -27.683451    57.643    58.955  9 55292.09245664 21.882
 89 301.188094 -27.682949    57.775    58.990  9 55327.09243990 25.017
 90 301.189120 -27.684525    44.267    44.221  9 55362.09243539 31.381
 91 301.192380 -27.686485    59.988    59.928  4 55397.09244201 25.734
 92 301.193124 -27.687681    44.380    44.377  3 55432.09244989 52.399
 93 301.188757 -27.684729    52.567    58.852  9 55467.09241002 28.273
