# NaN NaN NaN ;Mean Elev.(m), Avg Gradient(m/km), RMS Gradient(m/km) - SRTM1     
#    4.253   0.148   2.557 ;Mean Elev.(m), Avg Gradient(m/km), RMS Gradient(m/km) - ASTER GDEM
#    2.608  -0.014   0.924 ;Mean Elev.(m), Avg Gradient(m/km), RMS Gradient(m/km) - GMTED2010 
  7 299.717886 -33.249705   -11.030   -11.030  2 52447.56855272 36.075
  8 299.725201 -33.254268     5.880     5.880  2 52482.56854281 25.977
  9 299.732636 -33.256368     5.736     5.774  3 52517.56849894 26.675
 10 299.719182 -33.251431     7.533     7.533  2 52552.56854774 22.980
 11 299.731606 -33.256611     5.789     5.615  3 52587.56852667 32.220
 12 299.730230 -33.256131     5.959     6.021  3 52622.56848895 30.965
 13 299.728962 -33.257536     6.113     6.028  3 52657.56849964 24.728
 15 299.728900 -33.256732     8.821     6.409  3 52727.56852408 28.090
 16 299.722585 -33.251614     6.462     6.462  2 52762.56853654 40.042
 17 299.730003 -33.256106     6.028     5.910  3 52797.56850257 25.715
 18 299.728949 -33.257173     5.781     6.039  3 52832.56857423 27.752
 19 299.733421 -33.256915     4.571     4.534  3 52867.56861688 39.830
 20 299.727860 -33.255631     5.221     5.221  2 52902.56863598 30.941
 21 299.730446 -33.256816     5.775     6.022  3 52937.56857496 25.326
 22 299.724395 -33.253403     8.519     8.519  2 52972.56860578 19.585
 23 299.722969 -33.252914     5.838     5.838  2 53007.56861566 27.460
 24 299.721725 -33.251809     7.391     7.391  2 53042.56857110 24.070
 25 299.724224 -33.254810     8.044     8.044  2 53077.56860474 19.710
 27 299.723197 -33.253923    14.487    14.487  2 53147.56861871 18.892
 28 299.731616 -33.258171     5.075     5.074  3 53182.56862117 48.695
 29 299.726900 -33.254601     5.619     5.619  2 53217.56864448 34.379
 30 299.727187 -33.255601     6.125     6.125  2 53252.56862253 24.769
 31 299.718333 -33.250871     8.723     8.723  2 53287.56862059 25.305
 32 299.733820 -33.258284     5.393     5.228  3 53322.56859762 27.046
 33 299.735059 -33.258612     5.757     5.780  4 53357.56856366 36.152
 34 299.723201 -33.253409     5.630     5.630  2 53392.56857782 28.202
 35 299.733118 -33.256761     5.881     5.819  3 53427.56857327 35.720
 36 299.727655 -33.254564     5.687     5.400  3 53462.56858953 35.943
 37 299.720076 -33.252381     7.642     7.642  2 53497.56866215 20.320
 38 299.731786 -33.257156     5.781     5.987  3 53532.56864400 29.320
 40 299.732012 -33.256788     5.733     5.807  3 53602.56860944 31.221
 42 299.722022 -33.252510     5.926     5.926  2 53672.56862769 18.817
 43 299.735455 -33.259165     5.229     5.199  4 53707.56856015 28.709
 44 299.736024 -33.259443     4.758     4.719  3 53742.56847181 30.193
 45 299.731019 -33.258275     5.134     5.106  3 53777.56849745 26.430
 46 299.734250 -33.259426     5.752     5.998  3 53812.56847394 21.630
 47 299.722327 -33.252765     5.689     6.040  3 53847.56852675 22.677
 49 299.720467 -33.252525     4.506     4.506  2 53917.56860858 36.415
 50 299.720008 -33.251716     7.292     7.292  2 53952.56861303 20.572
 53 299.733532 -33.258517     5.524     5.569  4 54057.56858527 25.025
 54 299.731088 -33.256519     5.125     5.161  3 54092.56856655 33.719
 55 299.725198 -33.254123     5.796     5.592  3 54127.56850142 36.486
 56 299.727345 -33.254979     6.256     6.206  3 54162.56853575 36.591
 57 299.725512 -33.254158     7.360     7.360  2 54197.56850373 31.583
 58 299.727383 -33.255818     6.149     6.149  2 54232.56854834 28.187
 59 299.728542 -33.255522     6.202     6.228  3 54267.56856727 39.063
 60 299.728624 -33.256829     5.896     6.119  3 54302.56857166 23.736
 61 299.729569 -33.257275     5.840     6.107  3 54337.56855768 23.778
 62 299.727168 -33.254397     5.564     5.564  2 54372.56850422 25.709
 63 299.728001 -33.254775     5.733     5.860  3 54407.56850282 27.290
 64 299.724944 -33.253325     5.373     5.373  2 54442.56846397 23.394
 65 299.728929 -33.255399     5.195     5.045  3 54477.56849180 21.844
 66 299.725342 -33.254872     5.947     5.947  2 54512.56847969 24.508
 67 299.729535 -33.255033     5.289     5.289  2 54547.56850516 23.828
 68 299.728325 -33.256831     5.546     6.007  3 54582.56847514 22.116
 69 299.728025 -33.256872     5.246     5.122  3 54617.56849656 29.992
 70 299.726304 -33.255282     5.666     5.685  3 54652.56850828 34.002
 71 299.729211 -33.256026     5.557     5.772  3 54687.56849835 25.240
 72 299.725794 -33.253163     5.359     5.359  2 54722.56845482 23.627
 73 299.727755 -33.254776     5.480     5.735  3 54757.56847438 24.267
 74 299.723382 -33.253118     5.613     5.359  3 54792.56844816 36.426
 75 299.727215 -33.255912     5.762     5.991  3 54827.56847181 26.281
 76 299.725821 -33.254237     5.200     5.200  2 54862.56844279 20.086
 77 299.727605 -33.254908     5.503     5.493  3 54897.56847207 25.820
 78 299.725199 -33.254828     5.926     5.926  2 54932.56843739 23.144
 79 299.727978 -33.254628     5.465     5.853  3 54967.56847259 22.255
 80 299.725124 -33.253768     5.465     5.765  3 55002.56849282 23.557
 81 299.729273 -33.255301     5.483     5.686  3 55037.56847887 22.776
 82 299.729023 -33.258037     5.370     5.692  3 55072.56846606 26.522
 83 299.724810 -33.252931     5.347     5.347  2 55107.56841154 35.703
 84 299.727558 -33.255270     5.656     5.755  3 55142.56841670 39.901
 85 299.725022 -33.254400     6.504     6.510  3 55177.56838250 36.350
 86 299.727685 -33.254957     6.885     6.877  3 55212.56841154 35.170
 87 299.726370 -33.254208     7.932     8.037  3 55247.56838473 31.505
 88 299.728248 -33.255763     6.964     7.025  3 55282.56840452 26.441
 89 299.726791 -33.255470     6.383     6.383  2 55317.56837374 25.008
 90 299.728115 -33.257334     6.307     6.296  3 55352.56837803 29.754
 91 299.723972 -33.254052     5.657     5.657  2 55387.56837355 32.336
 92 299.728937 -33.255953     5.557     5.263  3 55422.56839498 36.611
 93 299.730194 -33.257140     5.722     5.920  3 55457.56836883 26.773
