-185407.233    53.101     0.00    2.66
-185031.076    52.803    -0.79    3.17
-184654.900    52.754    -0.13    3.51
-184278.705    53.319     1.50    3.36
-183902.489    52.791    -1.40    3.50
-183526.255    52.691    -0.26    3.20
-183150.001    52.763     0.19    3.08
-182773.727    52.922     0.42    2.85
-182397.434    53.869     2.52    3.01
-182021.121    55.490     4.31    3.06
-181644.788    56.536     2.78    3.23
-181268.436    57.869     3.54    2.98
-180892.065    59.536     4.43    3.28
-180515.674    60.869     3.54    3.02
-180139.263    61.967     2.92    2.59
-179762.833    61.602    -0.97    2.92
-179386.383    60.445    -3.07    3.14
-179009.913    58.803    -4.36    3.99
-178633.424    57.013    -4.75    4.10
-178256.915    54.354    -7.06    3.87
-177880.387    51.914    -6.48    3.54
-177503.839    50.973    -2.50    3.87
-177127.272    50.754    -0.58    3.83
-176750.684    49.240    -4.02    4.29
-176374.078    47.958    -3.40    4.04
-175997.451    46.058    -5.04    2.87
-175620.805    44.939    -2.97    2.29
-175244.139    44.354    -1.55    1.58
-174867.454    43.958    -1.05    1.41
-174490.749    44.136     0.47    1.37
-174114.024    44.740     1.60    1.92
-173737.279    45.331     1.57    1.96
-173360.515    46.380     2.79    2.12
-172983.732    47.383     2.66    1.87
-172606.928    48.604     3.24    2.06
-172230.105    49.558     2.53    2.19
-171853.262    50.714     3.07    2.70
-171476.399    51.922     3.21    2.84
-171099.517    53.308     3.68    2.92
-170722.615    54.536     3.26    2.68
-170345.693    55.753     3.23    2.69
-169972.135    56.825     2.87    3.34
-169599.077    58.558     4.65    3.42
-169226.000    59.854     3.47    3.74
-168852.904    61.406     4.16    3.84
-168479.788    63.136     4.64    3.40
-168106.653    63.928     2.12    3.12
-167733.499    64.463     1.43    3.29
-167360.325    64.291    -0.46    3.61
-166987.132    63.512    -2.09    3.80
-166613.920    64.025     1.37    3.44
-166240.688    65.003     2.62    3.23
-165867.437    66.167     3.12    3.34
-165494.167    66.691     1.41    3.81
-165120.878    65.945    -2.00    4.54
-164747.569    63.602    -6.28    5.64
-164374.240    61.698    -5.10    5.76
-164000.892    59.403    -6.15    5.55
-163627.525    56.691    -7.26    4.57
-163254.139    55.102    -4.26    3.86
-162880.733    54.158    -2.53    3.93
-162507.308    53.876    -0.75    4.70
-162133.863    52.841    -2.77    4.15
-161760.399    50.854    -5.32    3.31
-161386.916    48.869    -5.31    4.33
-161013.413    45.669    -8.57    4.35
-160639.891    43.331    -6.26    3.78
-160266.349    41.647    -4.51    2.39
-159892.788    40.990    -1.76    1.23
-159519.207    41.425     1.16    1.36
-159145.607    41.949     1.40    1.24
-158771.988    42.447     1.33    1.28
-158398.349    43.225     2.08    1.54
-158024.691    44.035     2.17    1.61
-157651.013    45.058     2.74    1.82
-157277.316    46.763     4.56    2.39
-156903.600    48.425     4.45    2.99
-156529.863    50.428     5.36    3.04
-156156.108    51.841     3.78    3.07
-155782.333    53.513     4.47    3.58
-155408.538    55.399     5.05    3.57
-155034.724    57.558     5.78    3.46
-154660.891    59.442     5.04    3.89
-154287.038    60.776     3.57    3.92
-153913.166    62.336     4.17    3.54
-153539.274    63.471     3.04    3.87
-153165.362    64.993     4.07    3.54
-152791.431    65.647     1.75    3.17
-152417.481    65.869     0.59    3.25
-152043.511    64.987    -2.36    3.98
-151669.521    65.123     0.37    3.90
-151295.512    65.649     1.41    3.81
-150921.483    65.776     0.34    3.94
-150547.435    64.717    -2.83    4.37
-150173.367    61.732    -7.98    5.76
-149799.280    56.967   -12.74    4.48
-149425.173    54.119    -7.61    3.31
-149051.047    52.717    -3.75    3.12
-148676.901    51.320    -3.73    2.98
-148302.735    51.336     0.04    2.28
-147928.550    52.195     2.29    3.13
-147554.345    54.081     5.04    3.68
-147180.121    56.403     6.20    3.55
-146805.877    58.837     6.50    3.63
-146431.614    60.376     4.11    3.90
-146057.331    61.130     2.01    3.81
-145683.028    60.380    -2.00    4.41
-145308.706    59.091    -3.44    4.64
-144934.364    57.967    -3.00    3.77
-144560.002    57.869    -0.26    3.62
-144185.621    59.749     5.02    4.61
-143811.220    60.081     0.89    5.40
-143436.800    59.744    -0.90    5.78
-143062.360    58.136    -4.29    4.51
-142687.900    57.035    -2.94    2.58
-142313.420    58.240     3.22    2.81
-141938.921    60.319     5.55    3.24
-141564.403    62.534     5.91    3.37
-141189.864    64.780     6.00    3.87
-140815.306    66.606     4.87    4.25
-140440.728    68.091     3.97    4.41
-140066.131    69.847     4.69    4.66
-139691.514    70.971     3.00    4.13
-139316.877    70.891    -0.21    3.76
-138942.221    71.808     2.45    3.18
-138567.544    72.645     2.23    3.10
-138192.848    72.535    -0.29    4.02
-137818.133    71.847    -1.84    4.64
-137443.398    69.669    -5.81    4.56
-137068.642    67.493    -5.81    4.55
-136693.868    65.358    -5.70    4.98
-136319.073    62.967    -6.38    4.61
-135944.259    60.667    -6.14    4.46
-135569.425    58.445    -5.93    3.51
-135194.571    58.158    -0.76    3.51
-134819.698    58.314     0.41    3.82
-134444.804    59.136     2.19    4.10
-134069.891    59.750     1.64    3.99
-133694.959    60.035     0.76    3.90
-133320.006    59.758    -0.74    3.70
-132945.034    59.080    -1.81    4.18
-132570.041    57.899    -3.15    4.68
-132195.030    55.758    -5.71    3.71
-131819.998    55.272    -1.29    3.06
-131444.946    56.515     3.31    4.12
-131069.875    57.240     1.93    4.53
-130694.784    56.841    -1.06    4.60
-130319.673    54.971    -4.98    4.83
-129944.542    52.884    -5.56    4.64
-129569.392    51.491    -3.71    3.32
-129194.221    50.630    -2.30    2.43
-128819.031    50.862     0.62    3.19
-128443.821    51.391     1.41    3.68
-128068.591    50.958    -1.15    3.66
-127693.341    50.647    -0.83    3.53
-127318.072    49.695    -2.54    2.24
-126942.782    49.354    -0.91    1.72
-126567.473    49.320    -0.09    1.66
-126192.143    48.854    -1.24    1.50
-125816.794    49.326     1.26    2.22
-125441.425    50.136     2.16    2.94
-125066.037    51.980     4.91    4.17
-124690.628    52.930     2.53    4.62
-124315.199    52.847    -0.22    4.66
-123939.751    52.108    -1.97    4.25
-123564.282    51.331    -2.07    2.44
-123188.794    51.625     0.78    2.15
-122813.286    52.422     2.12    3.51
-122437.757    52.803     1.01    4.23
-122062.209    52.869     0.18    4.49
-121686.641    53.189     0.85    3.86
-121311.053    53.987     2.12    3.42
-120935.445    55.536     4.12    3.76
-120559.817    56.669     3.02    3.61
-120184.170    56.428    -0.64    4.53
-119808.502    54.825    -4.27    4.39
-119432.814    54.104    -1.92    3.25
-119057.106    55.884     4.74    3.57
-118681.379    57.263     3.67    3.57
-118305.631    57.558     0.79    4.30
-117929.863    55.980    -4.20    5.47
-117554.076    53.899    -5.54    5.26
-117178.268    52.232    -4.44    3.24
-116802.441    53.490     3.35    3.79
-116426.593    56.514     8.04    5.05
-116050.725    59.536     8.04    4.37
-115674.838    61.104     4.17    3.76
-115298.930    59.580    -4.05    4.77
-114923.002    56.796    -7.41    5.60
-114547.055    52.754   -10.75    5.36
-114171.087    50.047    -7.20    3.66
-113795.099    49.471    -1.53    3.69
-113419.091    51.114     4.37    4.80
-113043.064    54.493     8.99    5.26
-112667.016    56.114     4.31    4.47
-112290.948    55.217    -2.39    5.50
-111914.860    51.180   -10.73    6.22
-111538.752    47.372   -10.12    4.54
-111162.624    45.469    -5.06    3.31
-110786.475    46.091     1.65    3.97
-110410.307    46.837     1.98    4.29
-110034.119    47.535     1.86    4.12
-109657.910    47.939     1.07    3.49
-109281.681    49.013     2.85    4.11
-108905.433    52.785    10.03    6.20
-108529.164    56.069     8.73    5.23
-108152.875    57.669     4.25    4.42
-107776.566    57.058    -1.62    6.08
-107400.237    55.003    -5.46    6.04
-107023.887    51.106   -10.35    5.69
-106647.518    48.114    -7.95    5.36
-106271.128    45.728    -6.34    3.65
-105894.719    45.928     0.53    3.58
-105518.289    47.754     4.85    4.62
-105141.839    49.945     5.82    4.48
-104765.369    49.580    -0.97    5.10
-104388.878    47.785    -4.77    5.16
-104012.368    47.447    -0.90    3.94
-103635.837    49.491     5.43    5.18
-103259.286    53.036     9.41    5.19
-102882.715    55.196     5.74    4.64
-102506.124    55.247     0.13    5.31
-102129.512    54.797    -1.19    5.21
-101752.881    55.491     1.84    4.61
-101376.229    55.967     1.26    3.80
-100999.557    54.493    -3.91    4.61
-100622.864    52.285    -5.86    5.74
-100246.152    47.452   -12.83    5.83
 -99869.419    43.276   -11.08    4.43
 -99492.666    41.015    -6.00    3.05
 -99115.893    40.180    -2.21    2.18
 -98739.099    40.630     1.19    2.38
 -98362.286    42.158     4.06    2.37
 -97985.452    44.439     6.05    3.61
 -97608.597    47.180     7.27    4.57
 -97231.723    50.203     8.02    4.57
 -96854.828    52.488     6.06    4.27
 -96477.913    53.603     2.96    3.80
 -96100.978    52.463    -3.02    3.89
 -95724.022    48.899    -9.45    5.50
 -95348.398    44.717   -11.13    5.10
 -94975.419    42.047    -7.16    3.62
 -94602.420    40.936    -2.98    2.92
 -94229.401    40.217    -1.93    2.82
 -93856.362    40.891     1.81    2.71
 -93483.304    42.461     4.21    3.13
 -93110.226    44.740     6.11    3.93
 -92737.127    46.884     5.75    3.81
 -92364.009    47.422     1.44    3.29
 -91990.871    45.406    -5.40    4.93
 -91617.713    42.285    -8.36    5.31
 -91244.536    38.645    -9.75    4.41
 -90871.338    36.302    -6.28    3.59
 -90498.120    35.667    -1.70    3.55
 -90124.883    36.487     2.20    4.58
 -89751.626    38.691     5.91    5.50
 -89378.348    41.819     8.38    5.11
 -89005.051    41.841     0.06    4.74
 -88631.734    39.232    -6.99    5.98
 -88258.397    34.980   -11.39    5.95
 -87885.040    31.602    -9.05    4.13
 -87511.663    28.990    -6.99    2.82
 -87138.266    28.714    -0.74    2.95
 -86764.849    28.914     0.54    3.56
 -86391.413    29.331     1.12    3.91
 -86017.956    29.819     1.31    3.93
 -85644.479    29.776    -0.12    3.99
 -85270.983    28.914    -2.31    3.56
 -84897.466    27.626    -3.45    3.42
 -84523.929    26.667    -2.57    3.04
 -84150.373    25.376    -3.45    2.95
 -83776.796    24.558    -2.19    2.35
 -83403.200    23.669    -2.38    2.14
 -83029.583    23.314    -0.95    2.13
 -82655.946    23.037    -0.74    3.16
 -82282.290    22.149    -2.38    1.37
 -81908.613    21.536    -1.64    1.06
 -81534.917    21.406    -0.35    1.09
 -81161.200    21.102    -0.81    1.05
 -80787.463    20.891    -0.56    1.00
 -80413.707    20.767    -0.33    1.36
 -80039.930    20.406    -0.97    1.32
 -79666.133    20.126    -0.75    1.40
 -79292.316    19.971    -0.41    1.51
 -78918.479    19.558    -1.10    1.25
 -78544.622    19.471    -0.23    1.17
 -78170.745    19.247    -0.60    1.26
 -77796.848    19.104    -0.38    1.28
 -77422.931    18.825    -0.75    1.29
 -77048.994    18.749    -0.20    1.33
 -76675.036    18.710    -0.10    1.21
 -76301.059    18.626    -0.22    1.17
 -75927.061    18.780     0.41    1.38
 -75553.043    19.003     0.59    1.56
 -75179.006    18.672    -0.88    1.81
 -74804.948    18.445    -0.61    1.92
 -74430.870    17.630    -2.18    1.57
 -74056.772    17.358    -0.73    1.46
 -73682.653    17.140    -0.58    1.40
 -73308.515    17.158     0.05    1.60
 -72934.357    17.158     0.00    1.72
 -72560.178    17.070    -0.24    1.86
 -72185.979    16.647    -1.13    1.65
 -71811.760    16.133    -1.37    1.15
 -71437.521    15.876    -0.69    1.14
 -71063.262    15.558    -0.85    1.14
 -70688.982    15.625     0.18    1.12
 -70314.683    15.580    -0.12    1.14
 -69940.363    15.626     0.12    1.17
 -69566.023    15.776     0.40    1.09
 -69191.663    15.820     0.12    0.91
 -68817.282    15.780    -0.11    0.82
 -68442.882    15.884     0.28    0.87
 -68068.461    16.025     0.38    0.87
 -67694.020    15.906    -0.32    0.92
 -67319.559    16.036     0.35    0.91
 -66945.077    15.920    -0.31    1.28
 -66570.576    15.149    -2.06    1.44
 -66196.054    14.707    -1.18    1.38
 -65821.512    14.149    -1.49    1.23
 -65446.949    13.691    -1.22    1.29
 -65072.367    13.058    -1.69    1.33
 -64697.764    12.210    -2.26    1.32
 -64323.141    11.602    -1.62    1.25
 -63948.497    11.172    -1.15    1.19
 -63573.834    10.993    -0.48    1.07
 -63199.150    10.776    -0.58    1.15
 -62824.445    10.780     0.01    1.20
 -62449.721    10.469    -0.83    1.20
 -62074.976    10.445    -0.07    1.08
 -61700.211    10.189    -0.68    1.08
 -61325.426     9.899    -0.77    0.96
 -60950.620     9.993     0.25    1.20
 -60575.794     9.971    -0.06    1.22
 -60200.948     9.984     0.03    1.21
 -59826.081     9.580    -1.08    1.25
 -59451.194     9.415    -0.44    1.39
 -59076.287     8.949    -1.24    1.29
 -58701.359     8.439    -1.36    1.21
 -58326.411     8.167    -0.73    1.26
 -57951.443     7.740    -1.14    1.06
 -57576.454     7.535    -0.55    1.17
 -57201.445     7.403    -0.35    1.21
 -56826.416     7.442     0.10    1.26
 -56451.366     7.331    -0.30    1.14
 -56076.296     7.302    -0.08    1.05
 -55701.206     7.136    -0.44    0.97
 -55326.095     7.180     0.12    1.01
 -54950.964     6.785    -1.05    1.16
 -54575.812     5.914    -2.32    1.58
 -54200.640     4.997    -2.44    1.70
 -53825.448     4.380    -1.64    1.39
 -53450.235     4.070    -0.83    0.80
 -53075.001     3.971    -0.26    0.83
 -52699.748     3.993     0.06    1.00
 -52324.474     3.971    -0.06    1.02
 -51949.179     3.813    -0.42    0.94
 -51573.864     3.695    -0.32    1.03
 -51198.529     3.645    -0.13    0.91
 -50823.173     3.308    -0.90    1.08
 -50447.796     3.225    -0.22    0.98
 -50072.400     2.993    -0.62    1.03
 -49696.983     2.776    -0.58    1.05
 -49321.545     2.714    -0.16    1.45
 -48946.087     2.558    -0.41    1.83
 -48570.608     3.133     1.53    1.99
 -48195.109     3.331     0.53    1.92
 -47819.589     3.536     0.55    1.50
 -47444.049     3.847     0.83    1.24
 -47068.489     3.695    -0.41    1.17
 -46692.907     3.406    -0.77    1.09
 -46317.306     3.536     0.35    0.99
 -45941.684     3.384    -0.40    1.04
 -45566.041     3.319    -0.17    1.10
 -45190.378     3.515     0.52    1.26
 -44814.694     3.691     0.47    1.24
 -44438.990     3.851     0.42    1.17
 -44063.265     4.254     1.07    1.03
 -43687.520     4.535     0.75    0.85
 -43311.754     4.514    -0.06    0.88
 -42935.968     4.514     0.00    1.09
 -42560.161     4.490    -0.06    1.02
 -42184.333     4.399    -0.24    1.10
 -41808.485     4.558     0.42    1.17
 -41432.616     4.225    -0.89    1.00
 -41056.727     4.158    -0.18    1.05
 -40680.817     4.291     0.35    1.05
 -40304.887     4.254    -0.10    1.01
 -39928.936     4.395     0.38    1.11
 -39552.964     4.536     0.38    1.18
 -39176.972     4.439    -0.26    1.17
 -38800.959     4.514     0.20    1.11
 -38424.925     4.297    -0.58    0.80
 -38048.871     4.145    -0.40    0.78
 -37672.796     4.080    -0.17    0.84
 -37296.701     3.945    -0.36    0.84
 -36920.585     4.015     0.19    0.89
 -36544.448     3.876    -0.37    0.88
 -36168.291     3.669    -0.55    0.91
 -35792.113     3.647    -0.06    0.90
 -35415.914     3.514    -0.35    1.04
 -35039.695     3.204    -0.82    1.28
 -34663.455     3.104    -0.27    1.37
 -34287.194     2.993    -0.29    1.24
 -33910.913     3.254     0.69    0.94
 -33534.611     3.145    -0.29    1.05
 -33158.288     2.980    -0.44    1.03
 -32781.944     2.963    -0.05    1.21
 -32405.580     3.036     0.20    1.17
 -32029.195     3.013    -0.06    1.13
 -31652.790     2.906    -0.28    1.08
 -31276.364     2.914     0.02    0.98
 -30899.917     2.920     0.02    1.19
 -30523.449     2.899    -0.06    1.01
 -30146.960     2.868    -0.08    1.00
 -29770.451     2.691    -0.47    1.04
 -29393.921     2.116    -1.53    1.52
 -29017.370     1.336    -2.07    1.68
 -28640.799     1.269    -0.18    1.79
 -28264.207     1.844     1.53    1.89
 -27887.594     2.493     1.72    1.73
 -27510.960     3.047     1.47    1.08
 -27134.305     3.025    -0.06    1.14
 -26757.630     2.835    -0.50    1.30
 -26380.934     2.797    -0.10    1.14
 -26004.217     2.707    -0.24    1.02
 -25627.479     2.785     0.21    0.94
 -25250.720     2.645    -0.37    0.78
 -24873.941     2.535    -0.29    0.82
 -24497.141     2.514    -0.06    0.77
 -24120.320     2.232    -0.75    1.08
 -23743.478     2.384     0.40    1.18
 -23366.615     2.204    -0.48    1.18
 -22989.732     2.331     0.34    1.14
 -22612.827     2.515     0.49    1.07
 -22235.902     2.399    -0.31    0.91
 -21858.956     2.422     0.06    0.90
 -21481.989     2.358    -0.17    0.84
 -21105.001     2.391     0.09    0.88
 -20727.993     2.493     0.27    0.88
 -20354.291     2.469    -0.06    0.82
 -19981.366     2.516     0.12    0.98
 -19608.421     2.514    -0.01    0.98
 -19235.455     2.707     0.52    0.83
 -18862.469     2.672    -0.09    0.84
 -18489.463     2.820     0.40    0.83
 -18116.436     2.691    -0.34    1.12
 -17743.389     2.487    -0.55    1.22
 -17370.321     2.469    -0.05    1.26
 -16997.233     2.425    -0.12    1.27
 -16624.125     2.403    -0.06    1.24
 -16250.996     2.380    -0.06    1.23
 -15877.846     2.535     0.41    1.22
 -15504.676     2.581     0.12    1.17
 -15131.486     2.651     0.19    1.59
 -14758.275     2.425    -0.61    1.52
 -14385.044     2.869     1.19    1.74
 -14011.792     3.158     0.77    1.72
 -13638.520     3.123    -0.09    1.42
 -13265.227     3.081    -0.11    1.17
 -12891.914     2.667    -1.11    1.23
 -12518.580     2.729     0.17    1.30
 -12145.225     2.514    -0.58    1.13
 -11771.851     2.667     0.41    1.25
 -11398.455     2.808     0.38    1.50
 -11025.039     2.971     0.44    1.47
 -10651.603     3.254     0.76    1.44
 -10278.146     3.225    -0.08    1.40
  -9904.669     3.308     0.22    1.38
  -9531.171     3.319     0.03    1.32
  -9157.652     3.695     1.01    1.29
  -8784.113     3.758     0.17    1.41
  -8410.553     3.928     0.45    1.47
  -8036.973     4.254     0.87    1.55
  -7663.372     3.971    -0.76    1.29
  -7289.751     3.876    -0.25    0.98
  -6916.109     3.808    -0.18    0.91
  -6542.446     3.667    -0.38    1.08
  -6168.763     3.536    -0.35    1.09
  -5795.059     3.514    -0.06    1.13
  -5421.335     3.695     0.48    1.19
  -5047.590     3.813     0.32    1.26
  -4673.824     3.808    -0.01    1.51
  -4300.038     3.850     0.11    1.50
  -3926.231     3.558    -0.78    1.45
  -3552.404     3.707     0.40    1.44
  -3178.556     3.825     0.31    1.44
  -2804.687     4.091     0.71    1.42
  -2430.798     4.314     0.59    1.23
  -2056.888     4.296    -0.05    1.13
  -1682.957     4.058    -0.64    1.13
  -1309.006     3.535    -1.40    1.62
   -935.034     2.428    -2.96    2.14
   -561.041     1.172    -3.36    1.99
   -187.028     0.471    -1.87    1.74
    187.006    -0.397    -2.32    0.30
    561.061    -0.093     0.81    1.60
    935.137     0.808     2.41    2.20
   1309.233     1.512     1.88    2.29
   1683.350     2.167     1.75    2.17
   2057.487     2.669     1.34    1.93
   2431.645     2.803     0.36    1.76
   2805.824     2.602    -0.54    1.95
   3180.024     2.772     0.46    2.05
   3554.245     2.172    -1.61    2.20
   3928.486     1.785    -1.03    2.35
   4302.748     2.536     2.01    2.81
   4677.030     7.665    13.70    9.81
   5051.334    14.003    16.93   12.18
   5425.658    21.771    20.75   10.90
   5800.003    27.425    15.10    5.46
   6174.369    28.862     3.84    2.00
   6548.755    28.279    -1.56    2.09
   6923.162    28.102    -0.47    2.05
   7297.590    27.758    -0.92    1.79
   7672.039    27.780     0.06    1.70
   8046.509    27.384    -1.06    1.80
   8420.999    27.263    -0.32    1.62
   8795.511    27.121    -0.38    1.58
   9170.043    26.936    -0.49    1.48
   9544.596    27.276     0.91    1.76
   9919.169    27.980     1.88    2.03
  10293.764    29.195     3.24    2.44
  10668.379    30.058     2.31    2.37
  11043.015    31.035     2.61    2.61
  11417.672    32.069     2.76    2.04
  11792.350    32.232     0.44    1.83
  12167.049    32.622     1.04    1.92
  12541.769    32.971     0.93    1.97
  12916.509    33.175     0.54    1.96
  13291.271    33.603     1.14    2.08
  13666.053    33.973     0.99    1.83
  14040.856    34.754     2.08    1.96
  14415.680    34.763     0.02    1.58
  14790.525    35.297     1.43    1.76
  15165.391    35.469     0.46    2.00
  15540.277    35.647     0.47    1.88
  15915.185    35.269    -1.01    1.74
  16290.113    34.677    -1.58    1.84
  16665.063    33.695    -2.62    1.76
  17040.033    32.763    -2.49    2.31
  17415.024    32.025    -1.97    2.87
  17790.037    31.319    -1.88    2.93
  18165.070    30.490    -2.21    3.32
  18540.124    29.276    -3.24    4.43
  18915.199    27.463    -4.83    4.70
  19290.295    26.358    -2.95    4.73
  19665.412    24.126    -5.95    4.61
  20040.550    22.949    -3.14    4.43
  20415.709    22.962     0.03    4.43
  20790.889    22.015    -2.53    4.70
  21166.090    20.704    -3.49    4.96
  21541.312    18.331    -6.32    6.15
  21916.554    15.324    -8.01    5.79
  22291.818    13.217    -5.61    4.02
  22667.103    12.580    -1.70    2.97
  23042.409    13.558     2.61    2.74
  23417.736    14.232     1.80    2.78
  23793.084    15.641     3.76    2.98
  24168.453    16.763     2.99    2.99
  24543.843    18.813     5.46    3.42
  24919.254    21.210     6.38    3.18
  25294.686    23.319     5.62    3.02
  25670.139    25.403     5.55    3.01
  26045.613    26.558     3.08    3.10
  26421.109    28.210     4.40    2.72
  26796.625    29.513     3.47    2.90
  27172.162    30.602     2.90    3.33
  27547.721    32.269     4.44    3.96
  27923.300    33.691     3.79    3.68
  28298.901    34.580     2.37    4.09
  28674.523    35.249     1.78    4.86
  29050.166    35.945     1.85    4.59
  29425.829    36.240     0.79    4.45
  29801.515    36.980     1.97    3.38
  30177.221    36.036    -2.51    3.85
  30552.948    34.013    -5.39    5.07
  30928.696    29.819   -11.16    5.72
  31304.466    25.153   -12.42    4.34
  31680.257    21.603    -9.45    3.90
  32056.068    19.714    -5.03    3.55
  32431.901    18.336    -3.67    2.75
  32807.756    17.920    -1.11    2.62
  33183.631    17.841    -0.21    2.55
  33559.527    18.079     0.63    2.52
  33935.445    19.003     2.46    2.64
  34311.384    19.862     2.29    3.51
  34687.344    21.936     5.52    4.11
  35063.325    23.535     4.25    4.44
  35439.327    26.471     7.81    4.98
  35815.351    28.126     4.40    4.43
  36191.396    29.662     4.08    4.53
  36567.461    31.167     4.00    5.52
  36943.549    31.345     0.47    6.21
  37319.657    29.319    -5.39    7.43
  37695.787    27.847    -3.91    7.35
  38071.938    25.269    -6.85    6.88
  38448.110    20.653   -12.27    5.88
  38824.303    17.036    -9.62    5.80
  39200.518    14.422    -6.95    3.62
  39576.753    14.914     1.31    3.28
  39953.011    16.862     5.18    3.53
  40329.289    19.233     6.30    3.27
  40705.589    21.399     5.76    3.53
  41081.910    23.814     6.42    3.16
  41458.252    24.803     2.63    3.37
  41834.615    25.941     3.03    3.63
  42211.000    25.058    -2.35    4.58
  42587.406    22.665    -6.36    5.97
  42963.833    20.035    -6.98    6.04
  43340.282    17.080    -7.85    6.00
  43716.752    14.467    -6.94    4.53
  44093.243    13.091    -3.65    3.35
  44469.756    13.175     0.22    2.47
  44846.290    14.145     2.58    2.80
  45222.845    15.975     4.86    3.25
  45599.422    17.945     5.23    3.65
  45976.020    19.710     4.69    4.25
  46352.639    21.847     5.67    3.93
  46729.280    22.906     2.81    3.90
  47105.942    23.689     2.08    3.08
  47482.626    24.967     3.39    2.82
  47859.331    26.710     4.63    3.36
  48236.057    29.623     7.73    4.36
  48612.804    32.899     8.69    5.83
  48989.573    35.825     7.77    6.69
  49366.364    36.580     2.00    6.95
  49743.175    37.126     1.45    6.88
  50120.009    35.463    -4.41    6.41
  50496.863    36.025     1.49    4.75
  50873.739    37.491     3.89    5.44
  51250.637    38.603     2.95    5.57
  51627.556    39.645     2.77    5.15
  52004.496    40.854     3.21    3.94
  52381.458    41.515     1.75    3.46
  52758.441    42.344     2.20    3.57
  53135.446    42.580     0.63    2.87
  53512.472    42.239    -0.90    2.40
  53889.519    41.602    -1.69    2.82
  54265.404    39.776    -4.86    3.20
  54638.250    37.854    -5.16    3.43
  55011.116    36.141    -4.59    4.04
  55384.004    34.906    -3.31    3.58
  55756.912    35.362     1.22    3.72
  56129.841    37.358     5.35    4.83
  56502.792    40.217     7.67    4.08
  56875.763    42.319     5.64    3.14
  57248.756    42.445     0.34    3.72
  57621.769    40.766    -4.50    4.17
  57994.803    41.015     0.67    4.44
  58367.859    41.558     1.46    4.49
  58740.935    43.167     4.31    3.77
  59114.033    43.406     0.64    3.84
  59487.151    43.276    -0.35    4.03
  59860.291    44.011     1.97    4.64
  60233.451    44.558     1.47    4.62
  60606.633    45.930     3.68    4.09
  60979.836    46.750     2.20    3.16
  61353.060    47.899     3.08    2.58
  61726.304    48.856     2.56    2.46
  62099.570    50.102     3.34    2.29
  62472.857    50.203     0.27    2.22
  62846.165    50.126    -0.20    3.07
  63219.495    49.725    -1.08    3.39
  63592.845    49.736     0.03    2.96
  63966.216    49.695    -0.11    3.17
  64339.609    49.336    -0.96    2.94
  64713.022    50.047     1.90    2.33
  65086.457    50.354     0.82    1.96
  65459.913    51.319     2.59    1.85
  65833.390    51.680     0.97    1.45
  66206.888    52.314     1.70    1.52
  66580.407    52.626     0.84    1.56
  66953.947    53.123     1.33    1.28
  67327.509    53.665     1.45    1.31
  67701.092    53.862     0.53    1.35
  68074.695    54.048     0.50    1.41
  68448.320    53.990    -0.15    1.53
  68821.967    54.058     0.18    1.53
  69195.634    53.672    -1.03    1.32
  69569.322    53.403    -0.72    1.24
  69943.032    53.603     0.54    1.30
  70316.763    53.403    -0.54    1.33
  70690.515    53.005    -1.06    1.47
  71064.288    52.514    -1.31    1.45
  71438.083    51.640    -2.34    1.47
  71811.899    50.854    -2.10    1.56
  72185.736    49.707    -3.07    1.97
  72559.594    48.580    -3.01    1.95
  72933.473    48.025    -1.49    1.82
  73307.374    47.914    -0.30    1.88
  73681.296    48.217     0.81    2.01
  74055.239    49.167     2.54    2.04
  74429.203    49.422     0.68    1.81
  74803.189    50.026     1.62    1.57
  75177.196    50.362     0.90    1.60
  75551.224    50.835     1.26    1.39
  75925.274    51.145     0.83    1.54
  76299.344    51.467     0.86    1.54
  76673.436    52.225     2.03    2.02
  77047.550    53.344     2.99    2.37
  77421.684    53.647     0.81    2.20
  77795.840    53.240    -1.09    2.38
  78170.017    52.425    -2.18    2.31
  78544.216    51.691    -1.96    1.42
  78918.436    50.963    -1.95    1.21
  79292.677    50.336    -1.68    1.57
  79666.940    49.249    -2.91    1.54
  80041.224    48.225    -2.74    1.67
  80415.529    47.026    -3.20    1.89
  80789.855    45.847    -3.15    1.90
  81164.203    44.835    -2.70    2.30
  81538.572    43.645    -3.18    2.17
  81912.963    42.899    -1.99    2.10
  82287.375    42.763    -0.36    2.13
  82661.809    43.324     1.50    1.86
  83036.263    44.445     2.99    2.65
  83410.739    44.203    -0.65    2.99
  83785.237    43.218    -2.63    3.49
  84159.756    42.123    -2.92    3.73
  84534.296    40.975    -3.07    2.40
  84908.858    40.672    -0.81    1.74
  85283.441    41.750     2.88    1.83
  85658.046    42.797     2.80    2.25
  86032.672    44.154     3.62    2.45
  86407.319    45.647     3.99    2.04
  86781.988    46.445     2.13    1.93
  87156.679    47.558     2.97    2.17
  87531.390    48.172     1.64    2.10
  87906.124    48.622     1.20    2.38
  88280.878    48.819     0.53    2.37
  88655.654    48.899     0.21    2.45
  89030.452    48.471    -1.14    2.34
  89405.271    48.491     0.05    1.91
  89780.112    48.535     0.12    1.75
  90154.974    49.209     1.80    2.45
  90529.857    49.314     0.28    2.24
  90904.763    49.319     0.01    1.86
  91279.689    48.803    -1.38    1.52
  91654.637    48.515    -0.77    1.83
  92029.607    48.628     0.30    1.98
  92404.598    48.341    -0.77    2.15
  92779.611    48.126    -0.57    1.87
  93154.645    48.225     0.26    1.81
  93529.700    47.920    -0.81    1.90
  93904.778    47.928     0.02    1.69
  94279.877    48.239     0.83    1.84
  94654.997    48.603     0.97    1.98
  95030.139    49.516     2.43    2.01
  95405.302    50.403     2.36    1.91
  95780.487    51.449     2.79    2.44
  96155.694    53.203     4.67    3.57
  96530.922    54.604     3.73    4.70
  96906.172    55.303     1.86    4.58
  97281.444    55.058    -0.65    4.21
  97656.737    54.829    -0.61    3.44
  98032.051    54.080    -2.00    1.49
  98407.387    54.239     0.42    1.34
  98782.745    54.297     0.16    1.45
  99158.125    54.452     0.41    1.52
  99533.526    54.558     0.28    1.51
  99908.949    54.860     0.81    1.55
 100284.393    54.862     0.01    1.47
 100659.859    54.649    -0.57    1.52
 101035.347    54.247    -1.07    1.49
 101410.856    54.091    -0.41    1.50
 101786.387    53.936    -0.41    1.63
 102161.940    54.491     1.48    1.84
 102537.514    55.177     1.83    1.92
 102913.110    56.025     2.26    2.52
 103288.728    56.707     1.82    2.27
 103664.367    57.647     2.50    2.11
 104040.028    57.920     0.73    2.09
 104415.711    57.993     0.19    2.03
 104791.416    57.707    -0.76    1.08
 105167.142    57.967     0.69    1.11
 105542.890    58.239     0.72    1.07
 105918.659    58.514     0.73    0.90
 106294.451    58.695     0.48    0.88
 106670.264    58.877     0.49    1.09
 107046.099    59.035     0.42    0.98
 107421.955    59.329     0.78    1.02
 107797.834    59.580     0.67    1.56
 108173.734    60.324     1.98    2.79
 108549.656    60.425     0.27    2.86
 108925.599    61.406     2.61    4.58
 109301.565    61.269    -0.36    3.22
 109677.552    60.582    -1.83    2.25
 110053.561    60.623     0.11    2.15
 110429.592    60.149    -1.26    0.97
 110805.645    60.058    -0.24    1.03
 111181.719    59.825    -0.62    0.89
 111557.815    59.625    -0.53    0.99
 111933.933    59.958     0.89    1.03
 112310.073    60.106     0.39    1.02
 112686.235    60.276     0.45    1.09
 113062.418    60.430     0.41    1.19
 113438.624    60.580     0.40    1.22
 113814.851    60.813     0.62    1.41
 114191.100    61.425     1.63    2.42
 114567.371    61.282    -0.38    2.41
 114943.664    61.013    -0.71    2.52
 115319.978    60.536    -1.27    2.37
 115696.315    59.623    -2.43    0.95
 116072.673    59.319    -0.81    0.99
 116449.053    59.239    -0.21    1.27
 116825.456    59.195    -0.12    1.30
 117201.880    58.975    -0.58    1.35
 117578.326    58.710    -0.70    0.99
 117954.794    58.367    -0.91    1.14
 118331.283    58.210    -0.42    1.12
 118707.795    57.990    -0.59    1.11
 119084.329    57.862    -0.34    1.26
 119460.884    57.977     0.30    1.26
 119837.462    57.196    -2.07    1.69
 120214.061    56.490    -1.88    1.87
 120590.683    55.884    -1.61    1.76
 120967.326    54.847    -2.75    1.08
 121343.991    54.240    -1.61    1.23
 121720.679    53.403    -2.22    1.43
 122097.388    52.803    -1.59    1.23
 122474.119    52.754    -0.13    1.36
 122850.872    52.686    -0.18    1.57
 123227.647    52.928     0.64    1.79
 123604.445    53.183     0.68    1.62
 123981.264    53.445     0.69    1.60
 124358.105    53.537     0.25    1.45
 124734.968    53.490    -0.12    1.45
 125111.854    53.425    -0.17    1.49
 125488.761    53.324    -0.27    1.25
 125865.690    53.091    -0.62    1.27
 126242.641    53.350     0.69    1.07
 126619.615    53.254    -0.25    1.01
 126996.610    53.239    -0.04    1.07
 127373.628    53.145    -0.25    1.07
 127750.667    53.428     0.75    1.28
 128127.729    53.714     0.76    1.35
 128504.813    54.240     1.40    1.49
 128881.918    54.623     1.02    1.65
 129255.761    54.717     0.25    1.94
 129628.545    54.869     0.41    1.65
 130001.351    55.291     1.13    1.98
 130374.178    55.780     1.31    1.85
 130747.027    55.936     0.42    1.51
 131119.898    56.116     0.48    1.58
 131492.790    56.647     1.42    1.38
 131865.704    56.403    -0.66    1.15
 132238.639    56.602     0.53    1.11
 132611.596    56.686     0.23    1.19
 132984.574    56.580    -0.28    1.20
 133357.574    56.345    -0.63    1.02
 133730.596    56.669     0.87    1.27
 134103.639    56.792     0.33    1.25
 134476.704    56.736    -0.15    1.37
 134849.791    56.643    -0.25    1.33
 135222.899    56.515    -0.34    1.17
 135596.029    56.536     0.06    1.34
 135969.180    56.750     0.57    1.33
 136342.353    56.623    -0.34    1.31
 136715.548    56.374    -0.67    1.22
 137088.764    56.058    -0.85    0.85
 137462.003    55.850    -0.56    0.92
 137835.262    55.797    -0.14    0.97
 138208.544    55.622    -0.47    1.07
 138581.847    55.691     0.19    1.10
 138955.172    55.649    -0.11    1.36
 139328.518    55.623    -0.07    1.40
 139701.886    55.513    -0.30    1.38
 140075.276    55.048    -1.25    1.33
 140448.688    54.862    -0.50    1.15
 140822.121    54.558    -0.82    1.35
 141195.576    53.936    -1.67    1.47
 141569.053    53.856    -0.21    1.65
 141942.551    53.254    -1.61    1.74
 142316.072    52.721    -1.43    1.91
 142689.614    52.914     0.52    2.25
 143063.177    52.217    -1.86    2.28
 143436.763    51.732    -1.30    1.73
 143810.370    51.949     0.58    2.03
 144183.999    52.247     0.80    2.26
 144557.650    53.080     2.23    2.36
 144931.322    53.467     1.04    2.48
 145305.017    53.276    -0.51    2.61
 145678.733    52.967    -0.83    2.63
 146052.471    52.447    -1.39    2.17
 146426.231    52.005    -1.18    2.12
 146800.012    51.776    -0.61    2.22
 147173.815    51.367    -1.09    2.24
 147547.641    50.689    -1.81    2.41
 147921.488    49.829    -2.30    2.50
 148295.356    49.331    -1.33    2.78
 148669.247    48.725    -1.62    2.83
 149043.160    48.172    -1.48    2.53
 149417.094    48.003    -0.45    2.50
 149791.050    47.319    -1.83    2.39
 150165.028    46.384    -2.50    2.06
 150539.028    45.808    -1.54    1.91
 150913.050    45.308    -1.34    1.14
 151287.094    45.984     1.81    2.31
 151661.159    46.754     2.06    2.30
 152035.247    47.686     2.49    2.30
 152409.356    48.367     1.82    2.15
 152783.487    48.841     1.27    1.96
 153157.640    49.247     1.09    1.72
 153531.815    49.854     1.62    1.82
 153906.012    49.862     0.02    1.23
 154280.231    50.263     1.07    1.19
 154654.472    50.669     1.09    1.45
 155028.735    50.714     0.12    1.46
 155403.019    50.958     0.65    1.84
 155777.326    50.819    -0.37    1.96
 156151.655    50.354    -1.24    1.84
 156526.005    50.403     0.13    1.88
 156900.378    50.091    -0.83    1.32
 157274.772    49.754    -0.90    1.38
 157649.189    49.048    -1.89    1.65
 158023.627    48.776    -0.73    1.65
 158398.087    48.558    -0.58    1.57
 158772.570    48.763     0.55    1.32
 159147.074    48.496    -0.71    1.29
 159521.601    48.493    -0.01    1.24
 159896.149    48.319    -0.46    1.20
 160270.719    48.406     0.23    1.09
 160645.312    48.362    -0.12    1.19
 161019.926    48.704     0.91    1.50
 161394.563    48.990     0.76    1.53
 161769.221    49.350     0.96    2.00
 162143.902    49.645     0.79    2.01
 162518.604    49.516    -0.35    1.99
 162893.329    49.232    -0.76    1.80
 163268.076    48.841    -1.04    1.36
 163642.845    48.691    -0.40    1.29
 164017.635    48.808     0.31    1.60
 164392.448    48.536    -0.73    1.74
 164767.283    48.308    -0.61    1.97
 165142.141    48.180    -0.34    2.27
 165517.020    47.425    -2.02    2.58
 165891.921    46.514    -2.43    2.89
 166266.844    44.906    -4.29    2.73
 166641.790    43.604    -3.47    2.64
 167016.758    42.714    -2.37    2.32
 167391.747    41.971    -1.98    1.26
 167766.759    42.367     1.05    2.09
 168141.793    43.005     1.70    2.26
 168516.850    43.710     1.88    2.34
 168891.928    44.725     2.71    2.61
 169267.028    45.490     2.04    2.47
 169642.151    46.016     1.40    2.41
 170017.296    46.558     1.44    1.75
 170392.463    47.025     1.24    1.78
 170767.652    47.776     2.00    1.72
 171142.863    48.362     1.56    1.61
 171518.097    48.996     1.69    1.56
 171893.353    49.399     1.08    1.33
 172268.630    49.622     0.59    1.21
 172643.931    49.928     0.81    1.25
 173019.253    50.430     1.34    1.10
 173394.597    50.623     0.51    1.02
 173769.964    50.831     0.55    1.11
 174145.353    51.145     0.84    1.73
 174520.765    51.240     0.25    1.84
 174896.198    51.167    -0.19    1.86
 175271.654    50.797    -0.98    1.30
 175647.132    50.803     0.01    1.17
 176022.632    51.005     0.54    1.35
 176398.154    51.558     1.47    1.45
 176773.699    52.449     2.37    1.65
 177149.266    53.967     4.04    3.10
 177524.856    54.403     1.16    3.05
 177900.467    55.622     3.25    3.40
 178276.101    55.623     0.00    3.53
 178651.757    54.996    -1.67    2.62
 179027.436    54.831    -0.44    2.64
 179403.137    54.225    -1.61    1.31
 179778.860    53.906    -0.85    1.39
 180154.605    53.813    -0.25    1.44
 180530.373    54.647     2.22    3.06
 180906.163    55.922     3.39    3.95
 181281.976    56.005     0.22    3.73
 181657.811    55.740    -0.71    4.08
 182033.668    54.579    -3.09    3.45
 182409.548    52.754    -4.86    1.31
 182785.449    52.183    -1.52    1.28
 183161.374    51.665    -1.38    1.29
 183537.320    51.491    -0.46    1.21
 183913.289    51.808     0.84    1.16
 184289.281    52.415     1.62    1.97
 184665.295    52.447     0.08    1.57
 185041.331    52.621     0.46    1.62
 185417.390    52.647     0.07    1.74
 185793.471    52.367    -0.75    1.54
 186169.574    52.269    -0.26    1.53
 186545.700    52.282     0.03    1.51
 186921.848    52.513     0.61    1.49
 187298.019    52.862     0.93    1.44
 187674.212    53.367     1.34    1.35
 188050.428    53.732     0.97    1.08
 188426.666    53.856     0.33    1.18
 188802.927    54.126     0.72    1.09
 189179.210    54.028    -0.26    1.36
 189555.515    54.167     0.37    1.32
 189931.843    54.154    -0.03    1.44
 190308.194    54.579     1.13    1.55
 190684.567    54.825     0.65    1.48
 191060.962    54.862     0.10    1.47
 191437.380    55.149     0.76    1.98
 191813.820    54.643    -1.34    1.94
 192190.283    54.035    -1.61    2.05
 192566.769    53.736    -0.80    2.01
 192943.277    52.920    -2.17    1.39
 193319.808    52.336    -1.55    1.18
 193696.361    51.906    -1.14    1.23
 194072.936    51.535    -0.98    1.23
 194449.534    51.384    -0.40    1.40
 194826.155    50.856    -1.40    1.56
 195202.798    50.493    -0.96    1.57
 195579.464    50.371    -0.32    1.62
 195956.153    50.081    -0.77    1.64
 196332.864    49.954    -0.34    1.66
 196709.597    49.754    -0.53    1.44
 197086.354    49.239    -1.37    1.58
 197463.132    48.514    -1.93    1.31
 197839.934    48.425    -0.24    1.41
 198216.758    48.145    -0.74    1.36
 198593.604    48.225     0.21    1.22
 198970.474    48.324     0.26    1.27
 199347.366    48.358     0.09    1.25
 199724.280    48.391     0.09    1.37
 200101.217    48.269    -0.32    1.38
 200478.177    48.163    -0.28    1.43
 200855.160    48.195     0.08    1.53
 201232.165    47.914    -0.74    1.51
 201609.192    47.750    -0.44    1.38
 201986.243    47.537    -0.56    1.38
 202363.316    47.428    -0.29    1.38
 202740.412    47.766     0.90    1.47
 203117.530    48.376     1.62    1.43
 203494.671    48.808     1.15    1.41
 203870.825    49.269     1.23    1.32
 204243.530    49.736     1.25    2.36
 204616.257    50.537     2.15    2.51
 204989.007    51.297     2.04    2.66
 205361.778    51.871     1.54    2.35
 205734.572    52.263     1.05    1.84
 206107.388    52.350     0.23    1.97
 206480.226    52.862     1.38    1.99
 206853.086    52.579    -0.76    2.19
 207225.968    52.384    -0.52    2.21
 207598.873    51.835    -1.47    2.08
 207971.800    51.003    -2.23    2.24
 208344.749    50.354    -1.74    2.05
 208717.720    49.906    -1.20    1.92
 209090.713    49.831    -0.20    1.82
 209463.729    50.536     1.89    1.72
 209836.766    50.780     0.65    1.85
 210209.826    51.297     1.39    1.68
 210582.909    51.645     0.93    1.95
 210956.013    51.936     0.78    1.80
 211329.140    51.884    -0.14    1.97
 211702.289    51.837    -0.13    1.78
 212075.460    51.602    -0.63    1.70
 212448.654    51.941     0.91    1.78
 212821.870    52.579     1.71    1.51
 213195.108    53.037     1.23    1.88
 213568.368    53.254     0.58    1.95
 213941.651    53.246    -0.02    1.85
 214314.955    53.240    -0.02    1.97
 214688.283    52.933    -0.82    1.55
 215061.632    52.776    -0.42    1.35
 215435.004    52.776     0.00    1.53
 215808.398    52.579    -0.53    1.70
 216181.815    52.203    -1.01    1.81
 216555.253    51.835    -0.99    1.53
 216928.715    51.649    -0.50    1.29
 217302.198    52.246     1.60    1.37
 217675.704    52.971     1.94    1.89
 218049.232    53.433     1.24    1.75
 218422.783    53.449     0.04    1.77
 218796.356    52.835    -1.65    2.17
 219169.951    51.776    -2.84    1.87
 219543.568    51.035    -1.98    1.58
 219917.208    50.536    -1.34    1.54
 220290.871    50.167    -0.99    1.44
 220664.556    49.899    -0.72    1.63
 221038.263    50.180     0.75    1.66
 221411.992    50.225     0.12    1.51
 221785.744    50.602     1.01    1.58
 222159.519    50.899     0.80    1.48
 222533.316    50.906     0.02    1.54
 222907.135    50.649    -0.69    1.54
 223280.977    50.958     0.83    1.34
 223654.841    50.877    -0.22    1.37
 224028.727    51.409     1.42    1.72
 224402.637    52.260     2.28    2.16
 224776.568    52.515     0.68    1.94
 225150.522    52.721     0.55    1.82
 225524.498    53.172     1.20    3.11
 225898.497    52.808    -0.97    2.84
 226272.519    53.058     0.67    2.85
 226646.563    52.643    -1.11    1.83
 227020.629    52.291    -0.94    1.59
 227394.718    52.308     0.04    1.59
 227768.829    51.912    -1.06    1.66
 228142.963    51.763    -0.40    1.77
 228517.120    51.558    -0.55    1.61
 228891.299    51.515    -0.12    1.63
 229265.500    51.537     0.06    1.52
 229639.724    51.254    -0.76    1.46
 230013.971    50.920    -0.89    1.44
 230388.240    50.862    -0.15    1.58
 230762.531    50.930     0.18    1.43
 231136.846    50.825    -0.28    1.51
 231511.182    51.285     1.23    1.77
 231885.542    51.928     1.72    1.91
 232259.924    52.856     2.48    2.35
 232634.328    53.847     2.65    1.90
 233008.755    53.933     0.23    1.72
 233383.205    53.899    -0.09    1.55
 233757.677    53.841    -0.16    1.47
 234132.172    54.069     0.61    1.62
 234506.690    54.102     0.09    1.59
 234881.230    54.621     1.39    1.59
 235255.793    55.254     1.69    1.58
 235630.378    55.808     1.48    1.52
 236004.986    56.217     1.09    1.29
 236379.617    56.205    -0.03    1.37
 236754.270    56.167    -0.10    1.51
 237128.946    55.933    -0.62    1.62
 237503.645    55.993     0.16    1.61
 237878.366    56.204     0.56    1.63
 238253.110    56.358     0.41    1.39
 238627.877    56.558     0.53    1.32
 239002.666    56.384    -0.46    1.29
 239377.478    56.399     0.04    1.40
 239752.313    56.728     0.88    1.67
 240127.170    56.803     0.20    1.82
 240502.050    56.623    -0.48    2.00
 240876.953    56.452    -0.46    1.86
 241251.879    55.674    -2.07    1.66
 241626.827    55.210    -1.24    1.40
 242001.798    55.263     0.14    1.37
 242376.792    55.319     0.15    1.40
 242751.809    55.984     1.77    1.61
 243126.848    56.645     1.76    1.60
 243501.910    56.746     0.27    1.50
 243876.995    56.967     0.59    1.48
 244252.102    57.225     0.69    1.49
 244627.233    57.362     0.37    1.36
 245002.386    57.409     0.12    1.43
 245377.562    57.669     0.69    1.39
 245752.760    58.136     1.24    2.29
 246127.982    58.350     0.57    2.53
 246503.226    58.672     0.86    2.70
 246878.493    58.433    -0.64    2.89
 247253.783    58.623     0.51    2.17
 247629.096    58.850     0.60    1.96
 248004.432    59.276     1.13    1.67
 248379.790    59.319     0.12    1.75
 248755.172    58.884    -1.16    2.32
 249130.576    58.891     0.02    2.48
 249506.003    58.580    -0.83    2.49
 249881.453    58.949     0.98    2.43
 250256.925    58.754    -0.52    2.32
 250632.421    58.121    -1.69    2.07
 251007.940    58.036    -0.22    2.12
 251383.481    57.975    -0.16    1.89
 251759.045    58.354     1.01    2.09
 252134.632    58.766     1.10    2.00
 252510.242    58.967     0.53    1.76
 252885.875    59.469     1.34    1.87
 253261.531    60.090     1.65    1.93
 253637.210    60.449     0.96    2.17
 254012.912    60.704     0.68    2.64
 254388.637    61.376     1.79    2.76
 254764.384    61.162    -0.57    2.84
 255140.155    61.254     0.24    2.76
 255515.948    61.282     0.07    2.36
 255891.765    60.906    -1.00    2.93
 256267.604    60.922     0.04    3.25
 256643.467    61.384     1.23    3.16
 257019.352    61.922     1.43    3.31
 257395.261    61.689    -0.62    2.79
 257771.192    62.371     1.81    3.37
 258147.146    62.580     0.56    3.70
 258523.124    62.391    -0.50    3.74
 258899.124    62.172    -0.58    2.95
 259275.147    61.949    -0.59    2.85
 259651.194    62.314     0.97    2.67
 260027.263    62.358     0.12    3.32
 260403.356    62.308    -0.13    3.30
 260779.471    62.884     1.53    3.30
 261155.610    62.987     0.27    3.45
 261531.772    63.058     0.19    3.11
 261907.956    62.293    -2.03    2.78
 262284.164    62.297     0.01    2.14
 262660.395    62.579     0.75    2.20
 263036.649    62.516    -0.17    2.58
 263412.926    62.967     1.20    2.44
 263789.226    63.167     0.53    2.59
 264165.549    63.449     0.75    2.80
 264541.895    63.430    -0.05    2.35
 264918.265    62.792    -1.70    2.28
 265294.657    62.803     0.03    2.00
 265671.073    62.829     0.07    2.08
 266047.511    63.341     1.36    2.05
 266423.973    63.841     1.33    2.62
 266800.458    64.136     0.78    2.65
 267176.966    63.797    -0.90    2.80
 267553.498    63.350    -1.19    2.95
 267930.052    62.993    -0.95    2.41
 268306.630    63.558     1.50    2.51
 268683.230    63.876     0.85    2.41
 269059.854    64.599     1.92    2.77
 269436.502    64.797     0.53    2.44
 269813.172    65.246     1.19    2.57
 270189.865    65.813     1.51    3.06
 270566.582    66.025     0.56    2.96
 270943.322    65.701    -0.86    3.13
 271320.085    65.623    -0.21    3.43
