-143604.869    89.059     0.00    3.49
-143228.656    88.154    -2.40    3.86
-142852.423    85.857    -6.10    4.62
-142476.171    82.903    -7.85    5.45
-142099.899    78.574   -11.50    5.51
-141723.608    75.756    -7.49    4.20
-141347.297    73.925    -4.86    3.25
-140970.966    73.233    -1.84    3.31
-140594.616    73.525     0.78    3.97
-140218.247    74.197     1.78    4.44
-139841.858    73.756    -1.17    3.80
-139465.449    73.437    -0.85    3.36
-139089.021    72.801    -1.69    2.71
-138712.573    73.066     0.70    2.34
-138336.105    73.506     1.17    2.94
-137959.618    75.192     4.48    3.79
-137583.112    77.066     4.98    4.43
-137206.585    79.142     5.51    4.13
-136830.039    81.548     6.39    3.56
-136453.474    83.202     4.39    3.23
-136076.889    83.892     1.83    3.32
-135700.284    84.688     2.11    3.12
-135323.660    84.748     0.16    3.69
-134947.016    84.214    -1.42    3.89
-134570.352    83.578    -1.69    4.01
-134193.669    83.438    -0.37    3.50
-133816.966    83.292    -0.39    2.96
-133440.243    84.770     3.92    3.49
-133063.501    86.206     3.81    3.06
-132686.739    87.481     3.38    3.26
-132309.958    89.370     5.01    2.89
-131933.156    90.538     3.10    3.21
-131556.335    91.733     3.17    2.95
-131179.495    92.927     3.17    2.55
-130802.635    93.688     2.02    2.08
-130425.755    94.801     2.95    1.74
-130048.855    95.574     2.05    1.59
-129671.935    95.110    -1.23    2.49
-129294.996    94.246    -2.29    2.94
-128921.340    92.703    -4.13    4.20
-128548.265    90.460    -6.01    4.92
-128175.172    88.276    -5.85    5.31
-127802.060    84.697    -9.59    5.47
-127428.928    81.131    -9.55    5.16
-127055.777    78.870    -6.06    4.53
-126682.606    76.511    -6.32    4.92
-126309.416    74.948    -4.19    4.88
-125936.207    73.160    -4.79    4.35
-125562.979    71.481    -4.50    4.19
-125189.731    69.175    -6.18    4.12
-124816.464    66.653    -6.76    3.67
-124443.177    65.014    -4.39    2.62
-124069.871    64.324    -1.85    3.10
-123696.546    65.479     3.09    4.44
-123323.201    65.142    -0.90    5.22
-122949.838    64.392    -2.01    5.58
-122576.454    61.847    -6.82    4.95
-122203.052    59.779    -5.54    3.58
-121829.630    57.659    -5.68    1.88
-121456.188    56.551    -2.97    1.24
-121082.727    55.914    -1.71    1.26
-120709.247    55.503    -1.10    1.15
-120335.748    55.081    -1.13    1.10
-119962.229    55.170     0.24    1.08
-119588.690    56.051     2.36    2.07
-119215.133    58.125     5.55    3.89
-118841.555    60.324     5.88    3.95
-118467.959    62.525     5.89    3.45
-118094.343    63.262     1.97    3.54
-117720.707    62.325    -2.51    3.86
-117347.052    61.347    -2.62    3.94
-116973.378    60.303    -2.79    3.12
-116599.684    60.125    -0.48    2.06
-116225.971    60.801     1.81    2.19
-115852.238    62.827     5.42    2.87
-115478.486    64.814     5.32    3.35
-115104.714    66.992     5.83    4.01
-114730.923    69.847     7.64    4.02
-114357.113    72.824     7.96    4.14
-113983.283    75.014     5.86    3.14
-113609.433    75.773     2.03    2.75
-113235.564    75.805     0.09    3.36
-112861.676    74.824    -2.62    4.51
-112487.768    73.748    -2.88    5.53
-112113.840    71.957    -4.79    6.32
-111739.893    69.718    -5.99    6.26
-111365.927    67.814    -5.09    4.69
-110991.941    66.606    -3.23    2.82
-110617.935    67.283     1.81    2.50
-110243.910    68.916     4.36    2.98
-109869.865    70.653     4.64    3.52
-109495.801    72.347     4.53    3.69
-109121.717    73.979     4.36    3.93
-108747.614    75.869     5.05    4.08
-108373.491    77.987     5.66    3.65
-107999.349    80.779     7.46    4.00
-107625.187    83.630     7.62    4.33
-107251.005    86.237     6.96    4.59
-106876.804    89.256     8.07    4.31
-106502.584    92.529     8.74    3.83
-106128.343    94.792     6.05    3.10
-105754.084    96.416     4.34    2.88
-105379.804    96.415    -0.00    2.99
-105005.505    95.246    -3.12    3.98
-104631.186    93.503    -4.65    5.85
-104256.848    91.051    -6.55    5.49
-103882.490    91.006    -0.12    4.76
-103508.113    92.148     3.05    4.72
-103133.716    93.202     2.81    4.38
-102759.299    94.983     4.76    4.09
-102384.863    94.773    -0.56    4.06
-102010.407    92.733    -5.45    5.31
-101635.931    89.153    -9.56    6.31
-101261.436    86.960    -5.85    6.07
-100886.921    87.349     1.04    6.24
-100512.386    88.725     3.68    6.69
-100137.832    90.544     4.86    6.35
 -99763.258    90.654     0.29    6.06
 -99388.665    87.681    -7.94    7.85
 -99014.051    80.566   -18.99    8.86
 -98639.418    74.327   -16.65    7.33
 -98264.766    70.283   -10.79    4.47
 -97890.093    68.574    -4.56    3.87
 -97515.401    70.653     5.55    4.86
 -97140.690    73.067     6.44    6.12
 -96765.958    75.881     7.51    6.75
 -96391.207    78.869     7.97    6.93
 -96016.436    82.414     9.46    6.41
 -95641.646    85.259     7.59    6.84
 -95266.835    89.324    10.84    6.12
 -94892.005    90.370     2.79    4.93
 -94517.156    87.756    -6.97    7.50
 -94142.286    83.014   -12.65    8.36
 -93767.397    76.614   -17.07    6.93
 -93392.488    73.074    -9.44    6.27
 -93017.559    70.073    -8.00    6.15
 -92642.610    68.369    -4.54    6.46
 -92267.642    65.748    -6.99    6.50
 -91892.654    63.414    -6.22    6.10
 -91517.646    59.814    -9.60    4.98
 -91142.618    56.970    -7.58    4.41
 -90767.571    54.464    -6.68    3.56
 -90392.504    52.544    -5.12    3.58
 -90017.417    51.183    -3.63    3.11
 -89642.310    50.037    -3.06    2.79
 -89267.183    50.214     0.47    3.87
 -88892.037    51.023     2.15    5.61
 -88516.871    52.192     3.12    6.39
 -88141.684    52.606     1.10    6.21
 -87766.479    53.610     2.67    5.86
 -87391.253    55.583     5.26    6.76
 -87016.007    57.948     6.30    6.23
 -86640.742    60.415     6.57    5.78
 -86265.456    62.210     4.78    5.39
 -85890.151    65.301     8.24    6.30
 -85514.826    69.106    10.14    6.88
 -85139.481    72.256     8.39    7.03
 -84764.117    74.416     5.75    6.15
 -84388.732    73.014    -3.73    5.85
 -84013.328    69.992    -8.05    7.32
 -83637.903    67.299    -7.17    7.62
 -83262.459    61.659   -15.02    8.06
 -82886.995    56.392   -14.03    6.39
 -82511.511    53.369    -8.05    6.51
 -82136.007    51.307    -5.49    6.75
 -81760.483    49.619    -4.49    6.86
 -81384.939    47.859    -4.69    6.61
 -81009.376    46.903    -2.54    6.55
 -80633.792    44.805    -5.59    5.16
 -80258.188    43.538    -3.37    5.11
 -79882.565    44.792     3.34    6.00
 -79506.921    47.619     7.53    7.57
 -79131.258    52.438    12.82    7.80
 -78755.575    55.970     9.40    6.65
 -78379.871    56.097     0.34    6.68
 -78004.148    54.370    -4.59    6.89
 -77628.405    52.059    -6.15    5.79
 -77252.642    52.592     1.42    5.10
 -76876.859    55.459     7.63    6.33
 -76501.056    59.597    11.01    7.75
 -76125.232    65.870    16.69    7.96
 -75749.389    70.869    13.30    6.54
 -75373.526    72.214     3.58    5.63
 -74997.643    70.457    -4.67    6.67
 -74621.740    66.148   -11.46    7.30
 -74245.817    61.525   -12.29    6.21
 -73869.874    57.927    -9.57    6.38
 -73493.911    54.110   -10.15    6.40
 -73117.927    50.090   -10.69    7.41
 -72741.924    44.281   -15.45    8.05
 -72365.901    40.748    -9.40    6.07
 -71989.858    40.711    -0.10    5.70
 -71613.794    44.506    10.09    7.63
 -71237.711    49.026    12.02    6.90
 -70861.607    53.059    10.72    5.77
 -70485.484    55.297     5.95    5.44
 -70109.340    56.303     2.68    5.51
 -69733.177    54.259    -5.43    7.55
 -69356.993    50.113   -11.02    9.31
 -68980.789    42.506   -20.22    9.76
 -68604.565    35.773   -17.89    9.07
 -68228.321    27.210   -22.76   10.76
 -67852.057    17.529   -25.73   10.13
 -67475.773    10.014   -19.97    6.94
 -67099.469     5.170   -12.87    4.13
 -66723.144     2.416    -7.32    2.50
 -66346.800     1.131    -3.41    1.20
 -65970.435     0.535    -1.58    0.57
 -65594.050     0.392    -0.38    0.00
 -65217.645     0.392     0.00    0.00
 -64841.220     0.436     0.12    0.29
 -64464.775     0.436     0.00    0.29
 -64088.310     0.392    -0.12    0.00
 -63711.824     0.392     0.00    0.00
 -63335.318     0.392     0.00    0.00
 -62958.793     0.392     0.00    0.00
 -62582.247     0.748     0.94    1.00
 -62205.680     1.305     1.48    1.36
 -61829.094     2.110     2.14    1.54
 -61452.487     3.006     2.38    1.26
 -61075.861     3.436     1.14    0.89
 -60699.214     3.438     0.01    0.78
 -60322.547     3.369    -0.18    0.80
 -59945.859     3.259    -0.29    0.89
 -59569.152     3.183    -0.20    0.97
 -59192.424     3.222     0.10    1.01
 -58815.676     3.544     0.86    1.13
 -58438.908     3.805     0.69    1.20
 -58062.119     3.903     0.26    1.12
 -57685.310     3.834    -0.18    1.05
 -57308.481     3.597    -0.63    1.07
 -56931.632     3.416    -0.48    1.12
 -56554.763     3.370    -0.12    1.23
 -56177.873     3.214    -0.41    1.13
 -55800.963     3.188    -0.07    1.13
 -55424.033     3.214     0.07    1.17
 -55047.082     3.083    -0.35    1.14
 -54670.112     3.165     0.22    1.31
 -54294.365     3.165     0.00    1.14
 -53921.367     2.570    -1.59    1.53
 -53548.349     1.665    -2.43    1.85
 -53175.311     1.097    -1.52    1.66
 -52802.254     1.175     0.21    1.65
 -52429.176     1.221     0.13    1.51
 -52056.079     1.703     1.29    1.35
 -51682.962     1.904     0.54    1.14
 -51309.825     1.948     0.12    1.01
 -50936.668     1.327    -1.66    1.36
 -50563.491     0.847    -1.29    1.42
 -50190.295     0.305    -1.45    1.28
 -49817.078     0.051    -0.68    0.99
 -49443.842     0.327     0.74    1.10
 -49070.586     0.821     1.32    1.17
 -48697.309     1.259     1.17    1.16
 -48324.013     2.103     2.26    1.32
 -47950.697     2.792     1.85    1.21
 -47577.361     3.103     0.83    1.06
 -47204.005     3.283     0.48    0.85
 -46830.630     3.349     0.17    0.89
 -46457.234     3.460     0.30    0.90
 -46083.818     3.653     0.52    0.85
 -45710.383     3.938     0.76    0.82
 -45336.927     3.925    -0.03    0.79
 -44963.452     4.081     0.42    0.82
 -44589.956     3.914    -0.45    0.72
 -44216.441     3.948     0.09    0.89
 -43842.905     4.074     0.34    0.93
 -43469.350     4.175     0.27    0.96
 -43095.775     4.369     0.52    0.93
 -42722.179     4.348    -0.06    0.82
 -42348.564     4.281    -0.18    0.78
 -41974.929     4.029    -0.68    0.97
 -41601.273     4.030     0.01    1.11
 -41227.598     3.915    -0.31    1.13
 -40853.903     3.814    -0.27    1.10
 -40480.187     3.718    -0.26    1.03
 -40106.452     3.088    -1.69    1.53
 -39732.697     2.303    -2.10    1.64
 -39358.921     2.043    -0.70    1.48
 -38985.126     2.262     0.58    1.51
 -38611.310     2.678     1.11    1.40
 -38237.475     3.137     1.23    1.11
 -37863.619     3.153     0.04    1.02
 -37489.743     3.066    -0.23    1.10
 -37115.848     2.824    -0.65    0.93
 -36741.932     2.710    -0.30    0.96
 -36367.996     2.903     0.52    1.08
 -35994.040     2.953     0.13    1.07
 -35620.064     3.001     0.13    1.20
 -35246.068     2.665    -0.90    1.35
 -34872.052     2.659    -0.02    1.36
 -34498.015     2.592    -0.18    1.27
 -34123.959     2.483    -0.29    1.03
 -33749.883     2.869     1.03    0.88
 -33375.786     2.916     0.12    0.83
 -33001.669     2.847    -0.19    0.87
 -32627.532     3.043     0.53    0.97
 -32253.375     2.970    -0.20    0.94
 -31879.198     3.103     0.36    0.94
 -31505.001     3.097    -0.02    0.85
 -31130.784     3.081    -0.04    0.85
 -30756.546     2.942    -0.37    0.78
 -30382.288     2.756    -0.50    0.92
 -30008.011     2.847     0.24    0.90
 -29633.712     2.915     0.18    0.95
 -29259.394     2.979     0.17    0.93
 -28885.056     3.165     0.50    0.74
 -28510.697     3.153    -0.03    0.95
 -28136.319     3.106    -0.12    0.97
 -27761.920     3.014    -0.25    1.03
 -27387.501     3.136     0.33    1.07
 -27013.061     3.259     0.33    1.04
 -26638.602     3.349     0.24    1.01
 -26264.122     3.414     0.17    1.02
 -25889.622     3.523     0.29    0.91
 -25515.102     3.619     0.26    0.96
 -25140.562     3.520    -0.27    1.08
 -24766.001     3.369    -0.40    1.17
 -24391.420     3.148    -0.59    1.40
 -24016.819     2.881    -0.71    1.36
 -23642.198     3.110     0.61    1.52
 -23267.556     3.262     0.41    1.53
 -22892.894     3.529     0.71    1.27
 -22518.212     3.849     0.85    1.05
 -22143.510     3.827    -0.06    1.20
 -21768.787     3.837     0.03    1.22
 -21394.044     3.703    -0.36    1.20
 -21019.281     3.574    -0.34    1.23
 -20644.497     3.675     0.27    1.11
 -20269.693     3.619    -0.15    0.99
 -19894.869     3.711     0.25    1.14
 -19520.025     3.675    -0.10    1.34
 -19145.160     3.775     0.27    1.42
 -18770.275     3.814     0.10    1.48
 -18395.370     3.773    -0.11    1.48
 -18020.444     3.859     0.23    1.14
 -17645.498     4.011     0.41    1.27
 -17270.532     3.805    -0.55    1.27
 -16895.545     3.847     0.11    1.32
 -16520.538     3.801    -0.12    1.15
 -16145.511     4.125     0.86    1.01
 -15770.463     4.322     0.52    0.94
 -15395.395     4.210    -0.30    0.97
 -15020.306     4.301     0.24    0.96
 -14645.198     4.103    -0.53    1.22
 -14270.068     4.237     0.36    1.28
 -13894.919     4.483     0.66    1.27
 -13519.749     4.718     0.63    1.23
 -13144.558     4.856     0.37    1.10
 -12769.348     4.837    -0.05    1.27
 -12394.116     4.671    -0.44    1.26
 -12018.865     4.614    -0.15    1.26
 -11643.593     4.733     0.31    1.15
 -11268.300     4.414    -0.85    1.06
 -10892.988     4.349    -0.17    1.25
 -10517.654     4.051    -0.79    1.61
 -10142.301     4.283     0.62    1.66
  -9766.926     4.483     0.53    1.29
  -9391.532     4.570     0.23    1.23
  -9016.117     4.523    -0.13    1.26
  -8640.681     4.327    -0.52    1.22
  -8265.225     4.637     0.82    1.11
  -7889.749     4.460    -0.47    1.48
  -7514.252     4.001    -1.22    1.99
  -7138.735     3.642    -0.96    2.25
  -6763.197     3.237    -1.08    2.32
  -6387.639     3.370     0.36    2.65
  -6012.060     3.915     1.45    2.58
  -5636.460     3.957     0.11    2.60
  -5260.841     3.837    -0.32    2.71
  -4885.200     3.414    -1.13    2.38
  -4509.539     3.110    -0.81    2.06
  -4133.858     3.094    -0.04    2.07
  -3758.156     3.392     0.79    1.87
  -3382.434     3.880     1.30    1.55
  -3006.691     4.131     0.67    1.36
  -2630.927     4.415     0.75    0.93
  -2255.143     4.392    -0.06    1.35
  -1879.338     4.414     0.06    1.29
  -1503.513     4.279    -0.36    1.43
  -1127.668     3.824    -1.21    1.80
   -751.801     2.845    -2.61    2.45
   -375.914     1.324    -4.05    2.49
     -0.007     0.642    -1.81    2.11
    375.921     1.748     2.94    3.36
    751.870     5.610    10.27    8.11
   1127.839    10.462    12.91   10.05
   1503.829    13.436     7.91    9.75
   1879.839    16.321     7.67    8.56
   2255.870    17.592     3.38    6.95
   2631.922    18.892     3.46    3.91
   3007.994    18.588    -0.81    3.70
   3384.087    17.957    -1.68    4.24
   3760.200    17.892    -0.17    4.28
   4136.334    17.718    -0.46    4.04
   4512.489    17.881     0.43    3.88
   4888.665    17.770    -0.30    3.38
   5264.861    17.859     0.24    3.67
   5641.077    18.037     0.47    2.96
   6017.315    17.809    -0.61    3.00
   6393.573    17.665    -0.38    2.49
   6769.852    17.792     0.34    2.35
   7146.151    18.153     0.96    2.30
   7522.471    18.631     1.27    1.58
   7898.812    18.881     0.66    1.39
   8275.173    19.083     0.54    1.42
   8651.555    19.566     1.28    1.16
   9027.958    19.938     0.99    1.19
   9404.382    19.979     0.11    1.27
   9780.826    20.570     1.57    1.25
  10157.291    20.881     0.83    1.27
  10533.777    21.915     2.75    1.85
  10910.284    23.154     3.29    1.64
  11286.811    24.592     3.82    2.05
  11663.359    25.950     3.61    1.79
  12039.927    26.637     1.82    1.80
  12416.517    27.303     1.77    1.62
  12793.127    27.559     0.68    1.54
  13169.758    28.088     1.40    1.44
  13546.410    28.940     2.26    1.23
  13923.082    29.192     0.67    1.25
  14299.776    29.690     1.32    1.12
  14676.490    30.088     1.06    1.17
  15053.225    30.392     0.81    1.41
  15429.980    30.824     1.15    1.63
  15806.757    31.283     1.22    1.66
  16183.554    31.983     1.86    1.60
  16560.372    32.192     0.55    1.44
  16937.211    32.610     1.11    1.33
  17314.071    32.827     0.58    1.81
  17690.952    32.871     0.12    2.45
  18067.853    33.392     1.38    2.69
  18444.775    34.457     2.83    3.07
  18821.718    35.014     1.48    2.95
  19198.682    35.503     1.30    3.01
  19575.667    35.681     0.47    2.83
  19952.673    36.559     2.33    2.99
  20329.699    37.610     2.79    2.98
  20703.547    39.437     4.89    3.06
  21076.490    40.979     4.14    3.11
  21449.453    42.437     3.91    2.31
  21822.437    42.988     1.48    1.90
  22195.442    44.006     2.73    1.51
  22568.467    44.440     1.16    1.36
  22941.512    44.903     1.24    1.24
  23314.578    45.678     2.08    1.07
  23687.664    45.481    -0.53    1.79
  24060.770    45.170    -0.83    2.37
  24433.897    44.770    -1.07    3.13
  24807.045    45.214     1.19    3.32
  25180.213    45.811     1.60    3.04
  25553.401    46.551     1.98    2.67
  25926.610    47.508     2.56    2.26
  26299.839    48.281     2.07    1.84
  26673.089    49.348     2.86    1.48
  27046.359    49.970     1.67    1.27
  27419.650    50.283     0.84    1.16
  27792.961    50.551     0.72    1.01
  28166.293    50.892     0.91    1.30
  28539.645    51.051     0.42    1.28
  28913.017    51.525     1.27    1.52
  29286.411    51.792     0.71    1.48
  29659.824    51.859     0.18    1.32
  30033.258    51.988     0.35    1.25
  30406.713    52.175     0.50    0.92
  30780.189    52.309     0.36    1.05
  31153.684    52.506     0.53    1.06
  31527.201    52.762     0.69    1.08
  31900.738    53.006     0.65    0.92
  32274.295    53.059     0.14    0.98
  32647.873    53.392     0.89    1.18
  33021.472    53.588     0.52    1.22
  33395.091    53.849     0.70    1.03
  33768.730    54.233     1.03    1.08
  34142.391    54.434     0.54    1.07
  34516.072    54.740     0.82    1.10
  34889.773    55.131     1.05    1.32
  35263.495    55.281     0.40    1.60
  35637.238    55.733     1.21    1.31
  36011.001    55.936     0.54    1.33
  36384.785    55.915    -0.06    1.47
  36758.589    55.809    -0.28    1.69
  37132.414    55.610    -0.53    1.99
  37506.260    55.264    -0.92    2.17
  37880.126    54.859    -1.09    2.53
  38254.013    54.653    -0.55    2.74
  38627.921    54.725     0.19    2.40
  39001.849    54.654    -0.19    2.14
  39375.798    53.479    -3.14    2.07
  39749.768    52.369    -2.97    1.91
  40123.758    50.805    -4.18    2.39
  40497.769    48.938    -4.99    3.12
  40871.801    47.370    -4.19    3.14
  41245.853    46.548    -2.20    2.39
  41619.926    47.183     1.70    2.26
  41994.019    48.506     3.54    2.15
  42368.134    50.206     4.55    1.59
  42742.269    51.503     3.47    1.87
  43116.424    52.637     3.03    1.69
  43490.601    53.125     1.31    1.39
  43864.798    53.762     1.70    1.04
  44239.016    53.987     0.60    1.17
  44613.254    54.347     0.96    1.48
  44987.514    54.960     1.64    1.70
  45361.794    55.281     0.86    2.10
  45736.095    55.499     0.58    2.11
  46110.416    55.837     0.90    2.01
  46484.759    56.562     1.94    1.89
  46859.122    57.303     1.98    1.66
  47233.505    58.066     2.04    1.58
  47607.910    58.892     2.21    1.36
  47982.335    59.327     1.16    1.51
  48356.782    60.142     2.18    1.43
  48731.249    60.437     0.79    1.51
  49105.736    60.957     1.39    1.49
  49480.245    61.188     0.61    1.44
  49854.774    61.413     0.60    1.41
  50229.324    61.548     0.36    1.33
  50603.895    61.818     0.72    1.85
  50978.487    62.059     0.64    1.82
  51353.100    62.237     0.47    1.82
  51727.733    62.718     1.29    1.78
  52102.387    62.725     0.02    1.33
  52477.062    63.413     1.84    1.51
  52851.758    63.718     0.81    1.61
  53226.475    63.914     0.52    1.43
  53601.213    63.936     0.06    1.47
  53975.971    63.264    -1.79    1.69
  54350.750    62.525    -1.97    2.18
  54725.551    61.807    -1.92    2.20
  55100.372    61.110    -1.86    2.71
  55475.214    59.927    -3.15    3.03
  55850.077    58.827    -2.93    3.45
  56224.960    56.859    -5.25    3.15
  56599.865    56.259    -1.60    2.74
  56974.791    56.148    -0.30    2.17
  57349.737    56.487     0.91    2.23
  57724.705    58.256     4.72    2.95
  58099.693    59.983     4.61    2.21
  58474.702    61.459     3.94    1.98
  58849.732    62.783     3.53    1.76
  59224.783    63.574     2.11    1.85
  59599.855    64.936     3.63    2.35
  59974.948    65.892     2.55    2.45
  60350.062    66.792     2.40    2.43
  60725.197    67.756     2.57    2.22
  61100.353    68.392     1.70    2.13
  61475.530    69.201     2.16    2.16
  61850.728    69.783     1.55    1.96
  62225.947    70.121     0.90    1.73
  62601.186    69.892    -0.61    1.90
  62976.447    69.350    -1.45    2.05
  63351.729    69.665     0.84    2.11
  63727.032    69.725     0.16    2.03
  64102.355    70.588     2.30    2.36
  64477.700    70.957     0.98    2.42
  64853.066    70.559    -1.06    2.70
  65228.453    69.279    -3.41    3.45
  65603.861    66.796    -6.61    3.78
  65979.289    65.479    -3.51    3.10
  66354.739    65.675     0.52    3.17
  66730.210    67.392     4.57    3.24
  67105.702    68.821     3.80    2.63
  67481.215    70.088     3.37    1.84
  67856.750    71.051     2.57    2.77
  68232.305    71.523     1.26    2.86
  68607.881    71.948     1.13    3.05
  68983.478    72.059     0.30    2.31
  69359.097    72.903     2.25    1.85
  69734.736    73.678     2.06    1.73
  70110.397    74.165     1.30    1.95
  70486.079    74.801     1.69    1.85
  70861.781    75.325     1.40    1.78
  71237.505    75.501     0.47    1.91
  71613.250    75.301    -0.53    2.00
  71989.017    74.436    -2.30    2.49
  72364.804    73.892    -1.45    2.42
  72740.612    73.392    -1.33    2.03
  73116.442    73.814     1.12    1.89
  73492.292    74.281     1.24    1.72
  73868.164    74.605     0.86    1.35
  74244.057    74.762     0.42    1.73
  74619.972    74.538    -0.60    2.08
  74995.907    74.259    -0.74    2.48
  75371.863    73.675    -1.55    2.76
  75747.841    72.637    -2.76    2.77
  76123.840    71.597    -2.77    2.62
  76499.860    70.240    -3.61    2.52
  76875.901    69.006    -3.28    2.46
  77251.964    67.184    -4.85    3.06
  77628.047    65.283    -5.05    3.16
  78004.152    63.754    -4.07    3.14
  78380.278    62.436    -3.50    2.87
  78756.425    61.792    -1.71    3.20
  79132.594    61.192    -1.60    3.68
  79508.784    61.321     0.34    4.42
  79884.995    60.979    -0.91    4.65
  80261.227    60.688    -0.77    4.16
  80637.480    60.348    -0.90    3.48
  81013.755    60.148    -0.53    2.99
  81390.051    59.392    -2.01    2.84
  81766.368    58.256    -3.02    3.37
  82142.707    55.997    -6.00    4.11
  82519.067    53.837    -5.74    4.24
  82895.448    51.669    -5.76    3.65
  83271.850    50.437    -3.27    2.41
  83648.274    50.286    -0.40    2.58
  84024.719    50.801     1.37    3.41
  84401.185    50.805     0.01    3.37
  84777.672    50.574    -0.61    3.16
  85154.181    50.792     0.58    2.70
  85530.712    51.690     2.38    3.05
  85907.263    53.262     4.17    4.00
  86283.836    55.163     5.05    3.89
  86660.430    56.915     4.65    3.81
  87037.046    58.436     4.04    3.54
  87413.682    58.992     1.48    3.28
  87790.341    59.762     2.04    3.10
  88167.020    61.066     3.46    3.23
  88543.721    61.733     1.77    3.12
  88920.444    62.979     3.31    2.87
  89297.187    62.849    -0.35    2.85
  89673.952    62.924     0.20    2.71
  90050.739    63.237     0.83    2.60
  90427.547    63.414     0.47    2.77
  90804.376    64.142     1.93    3.30
  91181.227    65.154     2.69    3.49
  91558.099    66.014     2.28    2.85
  91934.992    67.059     2.77    2.86
  92311.907    68.103     2.77    3.20
  92688.843    69.305     3.19    3.40
  93065.801    70.256     2.52    3.09
  93442.780    71.392     3.01    3.23
  93819.781    72.559     3.09    2.59
  94196.803    73.283     1.92    2.25
  94573.847    73.882     1.59    2.22
  94950.912    74.153     0.72    2.44
  95326.962    73.849    -0.81    2.81
  95699.823    73.233    -1.65    3.37
  96072.704    72.413    -2.20    3.55
  96445.606    71.436    -2.62    3.67
  96818.529    70.283    -3.09    3.62
  97191.474    69.259    -2.75    3.44
  97564.439    68.097    -3.12    3.32
  97937.425    67.175    -2.47    2.98
  98310.432    66.006    -3.13    2.91
  98683.460    63.642    -6.34    3.59
  99056.510    61.457    -5.86    3.51
  99429.580    60.541    -2.46    4.06
  99802.671    59.957    -1.56    4.58
 100175.783    59.044    -2.45    5.32
 100548.917    58.110    -2.51    5.14
 100922.071    57.559    -1.48    4.18
 101295.246    57.175    -1.03    2.80
 101668.443    59.043     5.01    3.01
 102041.660    61.562     6.75    3.37
 102414.899    63.303     4.66    2.97
 102788.158    64.711     3.77    2.56
 103161.439    65.783     2.87    1.91
 103534.740    66.103     0.86    1.59
 103908.063    65.960    -0.38    1.80
 104281.407    65.416    -1.46    2.32
 104654.772    64.570    -2.27    2.53
 105028.158    63.483    -2.91    2.67
 105401.565    61.903    -4.23    3.29
 105774.994    59.614    -6.13    3.40
 106148.443    58.824    -2.12    2.71
 106521.913    59.214     1.05    2.30
 106895.405    60.416     3.22    2.65
 107268.918    62.259     4.93    2.51
 107642.452    63.960     4.56    2.49
 108016.007    65.110     3.08    2.44
 108389.583    66.456     3.60    2.08
 108763.180    67.544     2.91    1.59
 109136.798    67.924     1.02    1.46
 109510.438    68.074     0.40    1.33
 109884.099    68.110     0.10    1.42
 110257.781    67.551    -1.49    2.00
 110631.484    66.740    -2.17    2.36
 111005.208    65.970    -2.06    2.63
 111378.954    64.970    -2.68    2.60
 111752.720    64.094    -2.34    2.53
 112126.508    63.748    -0.93    2.25
 112500.317    63.392    -0.95    2.06
 112874.148    63.142    -0.67    2.15
 113247.999    62.392    -2.01    2.43
 113621.872    61.925    -1.25    2.49
 113995.766    61.237    -1.84    2.43
 114369.681    60.459    -2.08    2.14
 114743.617    59.233    -3.28    2.06
 115117.575    57.827    -3.76    2.27
 115491.554    55.915    -5.11    2.65
 115865.554    54.009    -5.10    2.56
 116239.576    52.870    -3.04    1.77
 116613.618    52.605    -0.71    1.40
 116987.682    53.218     1.64    1.50
 117361.768    54.369     3.08    2.17
 117735.874    56.125     4.69    3.11
 118110.002    58.749     7.01    4.44
 118484.151    60.614     4.99    3.95
 118858.321    61.756     3.05    2.64
 119232.513    62.503     2.00    2.34
 119606.726    63.659     3.09    2.54
 119980.960    64.369     1.90    2.08
 120355.216    64.614     0.66    1.91
 120729.493    64.845     0.62    1.89
 121103.791    64.881     0.10    1.36
 121478.111    64.860    -0.06    1.47
 121852.452    64.849    -0.03    1.60
 122226.814    64.605    -0.65    1.41
 122601.198    64.653     0.13    1.32
 122975.603    64.805     0.41    1.00
 123350.029    65.347     1.45    1.29
 123724.477    65.647     0.80    1.44
 124098.946    66.142     1.32    1.60
 124473.437    66.414     0.73    1.48
 124847.949    66.818     1.08    1.41
 125222.482    66.305    -1.37    1.77
 125597.037    65.496    -2.16    2.13
 125971.613    64.460    -2.77    2.27
 126346.210    63.371    -2.91    2.57
 126720.829    62.610    -2.03    2.69
 127095.470    62.520    -0.24    2.83
 127470.131    63.103     1.56    2.85
 127844.815    63.574     1.26    2.15
 128219.519    63.023    -1.47    2.65
 128594.245    61.438    -4.23    3.00
 128968.993    59.690    -4.66    3.06
 129343.762    58.870    -2.19    2.45
 129718.552    58.818    -0.14    2.39
 130093.364    59.892     2.87    2.21
 130468.198    61.506     4.31    2.13
 130843.053    62.642     3.03    2.31
 131217.929    63.299     1.75    2.28
 131592.827    63.392     0.25    2.44
 131967.746    62.925    -1.24    2.65
 132342.687    62.770    -0.41    2.52
 132717.649    62.610    -0.43    2.69
 133092.633    63.136     1.41    2.81
 133467.638    63.805     1.78    2.53
 133842.665    64.233     1.14    2.31
 134217.714    64.081    -0.41    2.07
 134592.784    63.499    -1.55    2.20
 134967.875    62.501    -2.66    2.52
 135342.988    61.477    -2.73    2.39
 135718.123    60.348    -3.01    2.41
 136093.279    59.647    -1.87    1.89
 136468.457    59.503    -0.38    1.86
 136843.656    60.305     2.14    2.24
 137218.877    62.081     4.73    2.17
 137594.119    63.301     3.25    2.82
 137969.383    63.882     1.55    2.69
 138344.669    64.619     1.97    2.59
 138719.976    64.996     1.00    2.12
 139095.304    65.066     0.19    1.38
 139470.655    65.435     0.98    1.46
 139846.027    65.437     0.01    1.52
 140221.420    65.477     0.11    1.89
 140596.836    65.814     0.90    1.44
 140972.272    65.630    -0.49    1.38
 141347.731    65.566    -0.17    1.27
 141723.211    65.710     0.38    1.22
 142098.713    65.903     0.51    0.99
 142474.236    66.059     0.41    1.17
 142849.781    66.324     0.71    1.30
 143225.348    66.570     0.65    1.19
 143600.936    66.773     0.54    1.34
 143976.546    66.503    -0.72    1.35
 144352.178    66.733     0.61    1.42
 144727.832    66.903     0.45    1.46
 145103.507    67.073     0.45    1.55
 145479.204    67.827     2.01    1.47
 145854.922    68.179     0.94    1.28
 146230.662    68.551     0.99    1.20
 146606.424    68.882     0.88    1.27
 146982.208    69.237     0.95    1.33
 147358.013    69.506     0.72    1.24
 147733.841    69.584     0.21    0.99
 148109.689    69.688     0.28    1.73
 148485.560    70.038     0.93    1.80
 148861.452    70.197     0.42    1.85
 149237.366    70.243     0.12    1.30
 149613.302    70.214    -0.08    1.17
 149989.260    69.970    -0.65    1.20
 150365.239    70.125     0.41    1.30
 150741.240    70.225     0.27    1.32
 151117.263    70.523     0.79    1.29
 151493.308    70.324    -0.53    1.02
 151869.375    70.201    -0.33    1.12
 152245.463    70.281     0.21    1.03
 152621.573    70.210    -0.19    1.26
 152997.705    70.148    -0.17    1.13
 153373.859    70.106    -0.11    1.13
 153750.034    70.044    -0.17    1.08
 154126.232    69.924    -0.32    1.14
 154502.451    69.814    -0.29    1.31
 154878.692    70.030     0.57    1.26
 155254.955    69.903    -0.34    1.14
 155631.240    69.697    -0.55    1.17
 156007.546    69.483    -0.57    1.54
 156383.875    69.148    -0.89    1.49
 156760.225    68.818    -0.88    1.78
 157136.598    68.718    -0.26    1.66
 157512.992    68.477    -0.64    1.40
 157889.408    68.301    -0.47    1.48
 158265.846    67.746    -1.47    1.74
 158642.305    66.653    -2.90    2.11
 159018.787    65.754    -2.39    2.12
 159395.291    64.479    -3.39    1.98
 159771.816    64.206    -0.73    3.65
 160148.364    63.849    -0.95    3.78
 160524.933    62.927    -2.45    4.06
 160901.524    61.967    -2.55    4.02
 161278.137    60.938    -2.73    1.89
 161654.773    60.653    -0.76    1.93
 162031.430    60.525    -0.34    2.58
 162408.109    60.485    -0.11    2.94
 162784.810    59.792    -1.84    3.15
 163161.533    59.281    -1.36    2.90
 163538.278    58.566    -1.90    2.60
 163915.045    58.328    -0.63    2.59
 164291.834    57.718    -1.62    2.19
 164668.645    57.163    -1.47    2.07
 165045.477    56.710    -1.20    1.38
 165422.332    57.158     1.19    1.68
 165799.209    58.074     2.43    2.43
 166176.108    59.014     2.50    2.63
 166553.029    60.137     2.98    2.57
 166929.972    61.437     3.45    2.28
 167306.937    62.434     2.65    2.24
 167683.924    63.501     2.83    2.32
 168060.933    64.754     3.32    2.40
 168437.964    65.325     1.52    2.27
 168815.017    65.762     1.16    2.09
 169192.093    65.970     0.55    1.85
 169569.190    66.256     0.76    1.76
 169946.309    66.197    -0.16    1.65
 170320.350    66.529     0.89    2.10
 170693.153    66.770     0.65    2.12
 171065.978    66.992     0.60    1.97
 171438.824    67.259     0.72    2.44
 171811.691    66.770    -1.31    1.70
 172184.580    66.764    -0.02    1.46
 172557.491    67.059     0.79    1.83
 172930.423    67.037    -0.06    1.77
 173303.377    66.914    -0.33    1.75
 173676.353    66.669    -0.66    1.58
 174049.350    66.240    -1.15    1.33
 174422.368    66.243     0.01    1.47
 174795.409    66.548     0.82    1.57
 175168.471    66.566     0.05    1.45
 175541.554    66.847     0.75    1.49
 175914.659    66.499    -0.93    1.58
 176287.786    65.827    -1.80    2.05
 176660.934    65.197    -1.69    2.20
 177034.104    64.647    -1.47    2.18
 177407.296    64.240    -1.09    1.92
 177780.509    63.984    -0.69    1.95
 178153.744    63.983    -0.00    2.30
 178527.001    64.030     0.13    2.15
 178900.279    63.718    -0.84    2.49
 179273.579    63.818     0.27    2.37
 179646.900    63.948     0.35    2.68
 180020.244    63.619    -0.88    2.50
 180393.609    63.936     0.85    2.08
 180766.995    64.324     1.04    1.91
 181140.404    65.475     3.08    2.44
 181513.834    67.631     5.77    3.55
 181887.286    69.179     4.15    3.26
 182260.759    69.214     0.09    3.50
 182634.254    68.669    -1.46    3.40
 183007.771    67.436    -3.30    2.65
 183381.310    67.165    -0.72    2.26
 183754.870    67.792     1.68    2.19
 184128.452    68.460     1.79    1.69
 184502.056    68.523     0.17    1.77
 184875.682    68.653     0.35    1.88
 185249.329    68.703     0.13    2.07
 185622.999    68.094    -1.63    2.08
 185996.690    67.718    -1.01    2.17
 186370.402    67.566    -0.41    2.21
 186744.137    67.165    -1.07    2.06
 187117.893    66.948    -0.58    2.28
 187491.671    66.882    -0.18    2.26
 187865.471    67.327     1.19    2.34
 188239.293    67.201    -0.34    2.18
 188613.136    67.044    -0.42    2.13
 188987.002    66.580    -1.24    2.27
 189360.889    65.779    -2.14    1.88
 189734.798    65.330    -1.20    1.83
 190108.729    65.301    -0.08    2.07
 190482.682    65.414     0.30    1.78
 190856.656    65.805     1.05    2.36
 191230.652    65.827     0.06    2.33
 191604.671    65.830     0.01    2.48
 191978.711    65.915     0.23    2.31
 192352.773    66.073     0.42    2.23
 192726.857    66.066    -0.02    1.98
 193100.962    66.158     0.25    1.76
 193475.090    65.796    -0.97    1.96
 193849.239    65.503    -0.78    2.29
 194223.411    65.259    -0.65    2.41
 194597.604    65.006    -0.68    2.30
 194971.819    64.588    -1.12    2.19
 195346.057    64.733     0.39    1.94
 195720.316    64.192    -1.45    2.06
 196094.597    63.859    -0.89    2.02
 196468.899    63.214    -1.72    1.97
 196843.224    63.303     0.24    2.18
 197217.571    63.183    -0.32    2.53
 197591.940    63.992     2.16    3.49
 197966.331    65.237     3.32    4.69
 198340.743    64.588    -1.73    4.15
 198715.178    64.350    -0.64    4.96
 199089.635    63.088    -3.37    4.43
 199464.113    61.934    -3.08    2.85
 199838.614    60.733    -3.21    2.29
 200213.136    60.350    -1.02    2.09
 200587.681    60.103    -0.66    2.17
 200962.247    59.681    -1.13    2.40
 201336.836    59.179    -1.34    2.68
 201711.447    58.283    -2.39    3.28
 202086.079    57.559    -1.93    3.16
 202460.734    57.438    -0.32    3.13
 202835.410    57.821     1.02    3.20
 203210.109    57.979     0.42    2.75
 203584.830    57.690    -0.77    2.74
 203959.573    57.197    -1.32    3.19
 204334.338    57.218     0.06    3.01
 204709.124    56.859    -0.96    3.22
 205083.933    56.369    -1.31    2.98
 205458.765    56.349    -0.06    2.86
 205833.618    56.460     0.30    2.35
 206208.493    56.414    -0.12    2.77
 206583.390    56.970     1.48    2.50
 206958.310    57.192     0.59    3.13
 207333.251    57.327     0.36    3.22
 207708.215    56.834    -1.31    2.73
 208083.200    56.681    -0.41    2.92
 208458.208    56.520    -0.43    2.68
 208833.238    56.222    -0.79    2.78
 209208.290    56.100    -0.32    2.69
 209583.364    55.783    -0.85    2.55
 209958.461    56.288     1.35    2.71
 210333.579    56.619     0.88    2.33
 210708.720    56.246    -0.99    2.49
 211083.883    55.801    -1.19    2.64
 211459.068    55.325    -1.27    2.28
 211834.275    55.158    -0.45    2.29
 212209.504    55.436     0.74    2.48
 212584.756    56.100     1.77    2.66
 212960.030    57.415     3.50    3.05
 213335.325    58.350     2.49    2.63
 213710.644    58.936     1.56    1.94
 214085.984    59.052     0.31    1.98
 214461.346    59.218     0.44    2.20
 214836.731    60.119     2.40    2.47
 215212.138    61.001     2.35    2.88
 215587.567    62.460     3.89    3.56
 215963.019    63.030     1.52    3.34
 216338.492    62.814    -0.58    3.02
 216713.988    62.814     0.00    2.89
 217089.506    62.647    -0.44    2.88
 217465.047    62.548    -0.27    2.29
 217840.610    62.262    -0.76    2.19
 218216.195    62.279     0.04    2.41
 218591.802    62.305     0.07    2.39
 218967.431    62.626     0.85    2.73
 219343.083    62.718     0.25    2.94
 219718.757    63.580     2.29    2.91
 220094.454    63.051    -1.41    3.06
 220470.172    62.413    -1.70    3.41
 220845.913    61.523    -2.37    3.62
 221221.677    61.371    -0.40    3.47
 221597.462    61.370    -0.00    3.43
 221973.270    61.642     0.72    2.89
 222349.101    62.435     2.11    2.71
 222724.953    63.347     2.43    3.36
 223100.828    64.017     1.78    3.30
 223476.726    64.610     1.58    2.99
 223852.645    64.413    -0.52    2.72
 224228.588    63.924    -1.30    1.95
 224604.552    63.792    -0.35    1.92
 224980.539    63.756    -0.10    2.19
 225356.548    63.764     0.02    2.54
 225732.580    63.792     0.07    2.53
 226108.634    64.205     1.10    2.42
 226484.710    64.348     0.38    2.10
 226860.809    63.860    -1.30    2.68
 227236.930    63.659    -0.54    2.61
 227613.074    63.153    -1.34    2.39
 227989.240    63.188     0.09    1.79
 228365.428    63.023    -0.44    1.78
 228741.639    63.371     0.93    1.76
 229117.873    63.544     0.46    1.70
 229494.129    63.975     1.15    1.69
 229870.407    64.438     1.23    1.70
 230246.708    64.515     0.20    1.63
 230623.031    65.023     1.35    1.64
 230999.377    64.892    -0.35    1.58
 231375.745    64.892     0.00    1.35
 231752.135    64.870    -0.06    1.47
 232128.549    64.805    -0.17    2.08
 232504.984    64.551    -0.67    2.24
 232881.442    64.562     0.03    2.16
 233257.923    64.551    -0.03    2.19
 233634.426    64.697     0.39    1.84
 234010.952    64.783     0.23    1.50
 234387.500    64.892     0.29    1.56
 234764.071    65.262     0.98    1.48
 235140.664    65.710     1.19    1.58
 235517.280    66.088     1.00    1.95
 235893.918    66.477     1.03    1.99
 236270.579    66.762     0.76    1.77
 236647.263    67.017     0.68    1.68
 237023.969    67.256     0.63    1.89
 237400.697    67.705     1.19    2.05
 237777.448    68.001     0.79    2.12
 238154.222    67.562    -1.16    2.03
 238531.019    67.457    -0.28    2.18
 238907.838    67.325    -0.35    1.97
 239284.679    67.945     1.65    1.83
 239661.543    68.437     1.30    1.80
 240038.430    68.499     0.16    1.62
 240415.340    68.548     0.13    1.71
 240792.272    68.562     0.04    1.69
 241169.226    68.436    -0.34    1.69
 241546.204    68.487     0.14    1.92
 241923.204    68.170    -0.84    2.05
 242300.226    68.240     0.19    2.00
 242677.272    68.457     0.58    1.74
 243054.340    68.605     0.39    1.81
 243431.430    68.936     0.88    1.82
 243808.544    68.945     0.03    1.64
 244185.680    69.119     0.46    1.60
 244562.838    68.945    -0.46    1.82
 244939.210    69.110     0.44    1.70
 245311.931    69.303     0.52    1.68
 245684.675    69.584     0.75    1.97
 246057.441    69.718     0.36    2.13
 246430.230    69.892     0.47    2.05
 246803.040    69.915     0.06    1.96
 247175.872    70.739     2.21    2.43
 247548.727    71.805     2.86    2.70
 247921.604    72.871     2.86    3.27
 248294.503    73.436     1.51    3.49
 248667.424    73.669     0.63    3.18
 249040.367    73.327    -0.92    2.77
 249413.333    72.881    -1.20    1.60
 249786.321    73.197     0.85    1.77
 250159.331    73.703     1.36    1.98
 250532.363    74.456     2.02    2.34
 250905.417    75.948     4.00    2.88
 251278.494    76.371     1.13    2.65
 251651.592    77.023     1.75    2.44
 252024.714    77.324     0.81    2.51
 252397.857    77.240    -0.23    2.98
 252771.022    77.090    -0.40    3.19
 253144.210    76.588    -1.35    2.83
 253517.420    76.392    -0.52    2.68
 253890.653    76.044    -0.93    2.61
 254263.907    75.225    -2.19    1.78
 254637.184    75.153    -0.19    1.66
 255010.483    75.184     0.08    1.70
 255383.805    75.392     0.56    1.56
 255757.148    75.392     0.00    1.62
 256130.514    75.142    -0.67    1.67
 256503.903    74.725    -1.12    1.45
 256877.313    74.903     0.47    1.59
 257250.746    75.305     1.08    2.17
 257624.201    75.839     1.43    2.18
 257997.679    76.301     1.24    2.09
 258371.179    76.637     0.90    1.74
 258744.701    76.610    -0.07    1.19
 259118.246    76.705     0.25    1.31
 259491.813    76.697    -0.02    1.47
 259865.402    76.830     0.36    1.71
 260239.014    76.992     0.44    1.95
 260612.648    76.801    -0.51    1.69
 260986.304    76.566    -0.63    1.20
 261359.983    76.392    -0.47    1.19
 261733.684    76.052    -0.91    1.43
 262107.408    75.483    -1.52    1.74
 262481.154    75.262    -0.59    1.47
 262854.922    74.870    -1.05    1.63
 263228.713    75.370     1.34    1.83
 263602.526    75.740     0.99    1.89
 263976.362    75.997     0.69    1.71
 264350.220    76.303     0.82    1.66
 264724.101    76.413     0.29    1.91
 265098.004    76.653     0.64    1.88
 265471.929    76.225    -1.14    1.21
 265845.877    76.175    -0.14    1.17
 266219.847    76.288     0.30    1.13
 266593.840    76.710     1.13    1.89
 266967.855    76.725     0.04    1.85
 267341.893    77.610     2.36    2.36
 267715.953    77.435    -0.47    2.48
 268090.036    77.066    -0.99    1.93
 268464.141    77.153     0.23    1.75
 268838.268    77.080    -0.20    1.72
 269212.419    77.051    -0.08    1.63
 269586.591    77.309     0.69    1.75
 269960.787    76.936    -1.00    1.50
 270335.004    76.913    -0.06    1.77
 270709.245    76.669    -0.65    1.69
 271083.507    76.413    -0.68    1.55
 271457.793    76.305    -0.29    1.56
 271832.101    75.904    -1.07    1.39
 272206.431    75.783    -0.32    1.14
 272580.784    75.881     0.26    1.24
 272955.160    75.792    -0.24    1.16
 273329.558    75.860     0.18    1.10
 273703.978    75.642    -0.58    1.30
 274078.422    75.903     0.70    1.59
 274452.888    75.824    -0.21    2.68
 274827.376    76.153     0.88    2.77
 275201.887    76.548     1.05    2.68
 275576.421    76.610     0.17    2.49
 275950.977    76.517    -0.25    1.73
 276325.556    76.827     0.83    1.75
 276700.158    76.871     0.12    1.58
 277074.782    77.460     1.57    2.46
 277449.429    77.529     0.18    2.22
 277824.098    77.501    -0.08    2.24
 278198.790    77.871     0.99    2.13
 278573.505    77.675    -0.52    1.33
 278948.242    78.246     1.53    2.14
 279323.003    78.541     0.79    2.01
 279697.785    78.281    -0.69    2.26
 280072.591    77.740    -1.44    1.55
 280447.419    77.392    -0.93    1.38
 280822.270    77.477     0.23    1.25
 281197.143    77.681     0.54    0.94
 281572.040    77.788     0.29    1.07
 281946.958    77.570    -0.58    1.11
 282321.900    77.392    -0.47    1.89
 282696.864    76.592    -2.13    1.95
 283071.852    75.992    -1.60    1.94
 283446.861    75.936    -0.15    1.91
 283821.894    76.073     0.37    1.32
 284196.949    76.131     0.16    1.44
 284572.027    76.580     1.20    1.36
 284947.128    77.188     1.62    1.13
 285322.252    77.267     0.21    1.23
 285697.398    77.240    -0.07    1.26
 286072.567    77.499     0.69    1.27
 286447.759    77.970     1.26    1.44
 286822.974    78.392     1.13    1.29
 287198.212    78.725     0.89    1.28
 287573.472    78.983     0.69    1.17
 287948.755    79.225     0.65    1.23
 288324.061    79.349     0.33    1.11
 288699.390    79.392     0.12    1.17
 289074.741    79.218    -0.46    1.34
 289450.116    79.001    -0.58    1.08
 289825.513    79.001     0.00    1.13
 290200.933    79.249     0.66    1.12
 290576.376    79.570     0.85    1.40
 290951.842    79.499    -0.19    1.43
 291327.330    79.349    -0.40    1.44
 291702.842    78.903    -1.19    1.53
 292078.376    78.349    -1.48    1.58
 292453.934    78.559     0.56    2.39
 292829.514    78.642     0.22    2.46
 293205.117    78.562    -0.21    1.29
 293580.743    78.392    -0.45    1.35
 293956.392    77.792    -1.60    1.40
 294332.063    77.413    -1.01    1.41
 294707.758    77.283    -0.35    1.20
 295083.476    77.309     0.07    0.94
 295459.216    77.574     0.71    1.45
 295834.980    77.871     0.79    1.69
 296210.766    77.979     0.29    1.72
 296586.575    78.009     0.08    1.75
 296962.408    77.783    -0.60    1.27
 297338.263    77.688    -0.26    1.15
 297714.141    78.175     1.30    1.26
 298090.042    78.459     0.76    1.30
 298465.967    78.914     1.21    1.41
 298841.914    79.413     1.33    0.97
 299217.884    79.637     0.59    1.15
 299593.877    79.475    -0.43    1.13
 299969.893    79.392    -0.22    1.13
 300345.932    79.370    -0.06    1.31
 300721.995    79.370     0.00    1.36
 301098.080    79.501     0.35    1.34
 301474.188    79.455    -0.12    1.17
 301850.319    79.436    -0.05    1.33
 302226.474    79.052    -1.02    1.14
 302602.651    78.688    -0.97    1.07
 302978.851    78.433    -0.68    1.02
 303355.075    78.457     0.06    0.93
 303731.321    78.580     0.33    1.04
 304107.591    78.988     1.09    1.14
 304483.883    79.281     0.78    1.15
 304860.199    79.914     1.68    1.74
 305236.538    80.610     1.85    2.64
 305612.900    80.796     0.50    2.61
 305989.285    80.653    -0.38    2.70
 306365.693    79.936    -1.91    1.50
 306742.124    79.371    -1.50    1.51
 307118.579    79.110    -0.69    1.52
 307495.056    79.110     0.00    1.46
 307871.557    79.325     0.57    1.36
 308248.081    79.669     0.91    1.21
 308624.628    79.580    -0.24    1.33
 309001.198    79.501    -0.21    1.39
 309377.791    79.657     0.42    2.01
 309754.407    79.824     0.44    2.06
 310131.047    80.188     0.97    1.26
 310507.710    80.523     0.89    0.98
 310884.395    80.934     1.09    1.05
 311261.105    81.350     1.10    1.04
 311637.837    81.637     0.76    1.19
 312014.592    81.610    -0.07    1.32
 312391.371    81.307    -0.80    1.77
 312768.173    81.116    -0.51    1.58
 313144.998    80.987    -0.34    1.59
