# NaN NaN NaN ;Mean Elev.(m), Avg Gradient(m/km), RMS Gradient(m/km) - SRTM1     
#   35.644  -0.559   3.858 ;Mean Elev.(m), Avg Gradient(m/km), RMS Gradient(m/km) - ASTER GDEM
#   44.228  -0.430   2.397 ;Mean Elev.(m), Avg Gradient(m/km), RMS Gradient(m/km) - GMTED2010 
 12    60.021 52632.09254832 23.38 301.194232 -27.691013 24.334
 12    60.188 52632.09254897 23.69 301.193372 -27.687733 24.334
 13    44.795 52667.09256756 37.50 301.191505 -27.696088  9.879
 13    44.663 52667.09256820 29.24 301.190645 -27.692808  9.879
 13    44.786 52667.09256885 32.03 301.189785 -27.689528  9.879
 13    44.875 52667.09256949 32.74 301.188925 -27.686248  9.879
 13    44.860 52667.09257014 34.21 301.188065 -27.682958  9.879
 13    44.916 52667.09257078 34.49 301.187208 -27.679681 36.898
 13    44.922 52667.09257143 32.27 301.186348 -27.676391 36.898
 13    45.001 52667.09257207 35.83 301.185488 -27.673111 36.898
 13    44.874 52667.09257272 41.46 301.184628 -27.669831 36.898
 15    44.744 52737.09258076 17.61 301.193545 -27.692823 13.872
 15    58.867 52737.09258140 18.27 301.192685 -27.689543 13.872
 15    59.668 52737.09258204 18.82 301.191825 -27.686253 13.872
 15    59.624 52737.09258269 20.22 301.190965 -27.682973 13.872
 15    60.533 52737.09258333 21.05 301.190105 -27.679693 13.872
 16    43.379 52772.09254903 23.33 301.192438 -27.694771  7.636
 16    43.535 52772.09254967 18.46 301.191578 -27.691491  7.636
 16    43.563 52772.09255032 17.87 301.190718 -27.688211  7.636
 16    43.623 52772.09255096 18.96 301.189858 -27.684921  7.636
 16    43.838 52772.09255161 18.21 301.188998 -27.681644 27.191
 16    43.882 52772.09255225 18.35 301.188138 -27.678354 27.191
 16    43.995 52772.09255290 19.49 301.187278 -27.675074 27.191
 17    43.610 52807.09260394 17.17 301.193664 -27.694847 23.334
 17    43.450 52807.09260459 17.54 301.192804 -27.691567 23.334
 17    43.699 52807.09260523 15.92 301.191944 -27.688287 23.334
 17    42.763 52807.09260588 18.09 301.191084 -27.684997 23.334
 17    43.454 52807.09260652 18.52 301.190224 -27.681717 23.334
 17    43.748 52807.09260717 18.65 301.189364 -27.678437 23.334
 17    44.062 52807.09260781 20.98 301.188504 -27.675147 23.334
 19    43.707 52877.09270139 49.24 301.192817 -27.694280 43.272
 19    43.737 52877.09270203 52.58 301.191957 -27.691000 43.272
 19    43.760 52877.09270268 50.38 301.191097 -27.687720 43.272
 19    43.783 52877.09270332 50.93 301.190237 -27.684430 43.272
 19    43.810 52877.09270397 52.04 301.189377 -27.681150 43.272
 19    43.831 52877.09270461 50.08 301.188517 -27.677870 43.272
 19    43.864 52877.09270526 49.60 301.187657 -27.674590 43.272
 23    45.015 53017.09264879 27.72 301.191346 -27.697094 14.159
 23    44.743 53017.09264943 24.95 301.190486 -27.693814 14.159
 23    45.030 53017.09265008 18.08 301.189626 -27.690524 14.159
 23    43.591 53017.09265072 21.26 301.188772 -27.687247 25.608
 23    44.784 53017.09265137 20.08 301.187912 -27.683957 25.608
 23    44.928 53017.09265201 20.33 301.187052 -27.680677 25.608
 23    45.136 53017.09265265 21.19 301.186192 -27.677397 25.608
 23    45.584 53017.09265330 29.45 301.185332 -27.674117 25.608
 23    60.360 53017.09265394 27.84 301.184472 -27.670827 25.608
 25    43.493 53087.09266435 27.78 301.184496 -27.700039 20.037
 25    43.412 53087.09266499 24.49 301.183636 -27.696749 20.037
 25    42.772 53087.09266564 24.07 301.182781 -27.693471 19.619
 25    42.836 53087.09266628 20.58 301.181921 -27.690181 19.619
 25    43.162 53087.09266693 19.08 301.181061 -27.686901 19.619
 25    43.120 53087.09266757 20.20 301.180201 -27.683621 19.619
 25    43.199 53087.09266822 20.39 301.179341 -27.680341 19.619
 25    43.174 53087.09266886 21.01 301.178481 -27.677051 19.619
 25    43.068 53087.09266951 22.91 301.177621 -27.673771 19.619
 25    58.431 53087.09267015 22.75 301.176761 -27.670491 19.619
 25    43.718 53087.09267080 23.44 301.175901 -27.667211 19.619
 25    43.752 53087.09267144 24.78 301.175041 -27.663921 19.619
 25    43.788 53087.09267209 26.97 301.174181 -27.660641 19.619
 25    43.682 53087.09267273 28.50 301.173321 -27.657361 19.619
 26    44.468 53122.09263514 16.53 301.194156 -27.695170 10.030
 26    44.566 53122.09263578 15.65 301.193291 -27.691895 24.954
 26    58.814 53122.09263643 15.57 301.192431 -27.688605 24.954
 26    59.813 53122.09263707 16.07 301.191571 -27.685325 24.954
 26    60.884 53122.09263772 17.75 301.190711 -27.682045 24.954
 26    60.789 53122.09263836 17.73 301.189851 -27.678765 24.954
 27    45.070 53157.09269115 14.22 301.188408 -27.697676 11.144
 27    44.924 53157.09269180 14.55 301.187548 -27.694396 11.144
 27    44.861 53157.09269244 15.75 301.186688 -27.691116 11.144
 27    44.455 53157.09269309 18.52 301.185828 -27.687836 11.144
 27    44.366 53157.09269373 19.21 301.184968 -27.684546 11.144
 27    44.563 53157.09269438 20.99 301.184108 -27.681266 11.144
 27    44.732 53157.09269502 22.62 301.183248 -27.677986 11.144
 27    44.954 53157.09269567 22.08 301.182388 -27.674696 11.144
 27    44.878 53157.09269631 25.19 301.181528 -27.671416 11.144
 27    45.125 53157.09269696 24.18 301.180668 -27.668136 11.144
 27    44.996 53157.09269760 24.69 301.179808 -27.664856 11.144
 27    45.210 53157.09269824 26.45 301.178948 -27.661566 11.144
 30    43.264 53262.09265802 17.08 301.187963 -27.698290 11.490
 30    43.138 53262.09265867 16.59 301.187103 -27.695010 11.490
 30    43.007 53262.09265931 17.41 301.186243 -27.691720 11.490
 30    42.960 53262.09265996 18.98 301.185382 -27.688443 24.496
 30    42.982 53262.09266060 19.31 301.184532 -27.685163 24.496
 30    42.768 53262.09266125 21.54 301.183672 -27.681873 24.496
 30    42.806 53262.09266189 21.70 301.182812 -27.678593 24.496
 30    43.039 53262.09266254 21.93 301.181952 -27.675313 24.496
 30    43.732 53262.09266318 19.73 301.181092 -27.672023 24.496
 30    43.477 53262.09266382 24.46 301.180232 -27.668743 24.496
 30    43.821 53262.09266447 24.83 301.179372 -27.665463 24.496
 30    43.645 53262.09266511 28.16 301.178512 -27.662173 24.496
 31    43.451 53297.09269404 18.29 301.186370 -27.697718 13.771
 31    43.413 53297.09269468 16.05 301.185510 -27.694428 13.771
 31    43.276 53297.09269533 16.43 301.184650 -27.691148 13.771
 31    43.225 53297.09269597 16.00 301.183790 -27.687868 13.771
 31    43.218 53297.09269662 16.45 301.182930 -27.684588 13.771
 31    43.174 53297.09269726 17.90 301.182070 -27.681298 13.771
 31    42.930 53297.09269791 20.04 301.181210 -27.678018 13.771
 31    43.092 53297.09269855 19.38 301.180350 -27.674738 13.771
 31    43.572 53297.09269920 19.10 301.179490 -27.671458 13.771
 31    43.739 53297.09269984 20.13 301.178630 -27.668168 13.771
 31    43.832 53297.09270049 25.16 301.177770 -27.664888 13.771
 31    43.767 53297.09270113 25.04 301.176910 -27.661608 13.771
 31    43.720 53297.09270178 24.25 301.176050 -27.658318 13.771
 32    45.702 53332.09266641 29.94 301.193309 -27.694241 31.153
 32    45.903 53332.09266705 22.67 301.192449 -27.690961 31.153
 32    59.219 53332.09266769 21.60 301.191589 -27.687671 31.153
 32    59.745 53332.09266834 21.11 301.190729 -27.684391 31.153
 32    46.151 53332.09266898 25.91 301.189869 -27.681111 31.153
 32    46.170 53332.09266963 32.15 301.189009 -27.677821 31.153
 32    46.152 53332.09267027 30.22 301.188149 -27.674541 31.153
 33    45.017 53367.09261138 33.80 301.193685 -27.696619  7.393
 33    45.144 53367.09261203 34.89 301.192825 -27.693329  7.393
 33    45.148 53367.09261267 28.40 301.191964 -27.690051 20.504
 33    45.107 53367.09261331 25.00 301.191104 -27.686771 20.504
 33    45.104 53367.09261396 24.22 301.190244 -27.683481 20.504
 33    45.092 53367.09261460 31.04 301.189384 -27.680201 20.504
 33    45.109 53367.09261525 28.33 301.188534 -27.676921 20.504
 33    45.192 53367.09261589 26.41 301.187674 -27.673631 20.504
 35    43.821 53437.09262866 27.80 301.192848 -27.695496 13.124
 35    44.094 53437.09262930 23.47 301.191994 -27.692218 27.905
 35    44.346 53437.09263188 29.86 301.188554 -27.679088 27.905
 35    44.728 53437.09263253 29.52 301.187694 -27.675798 27.905
 36    60.196 53472.09268082 16.56 301.191820 -27.696343 15.399
 36    59.622 53472.09268146 18.59 301.190960 -27.693063 15.399
 36    59.515 53472.09268211 19.57 301.190100 -27.689783 15.399
 36    59.742 53472.09268275 19.60 301.189240 -27.686503 15.399
 36    59.854 53472.09268340 19.16 301.188380 -27.683213 15.399
 36    60.496 53472.09268404 14.08 301.187520 -27.679933 15.399
 36    60.665 53472.09268469 14.19 301.186660 -27.676653 15.399
 36    60.568 53472.09268533 19.32 301.185800 -27.673363 15.399
 36    60.554 53472.09268598 25.58 301.184940 -27.670083 15.399
 37    60.014 53507.09271116 23.50 301.191518 -27.698982 17.175
 37    59.913 53507.09271180 20.55 301.190658 -27.695702 17.175
 37    59.802 53507.09271244 19.13 301.189798 -27.692412 17.175
 37    59.444 53507.09271309 17.04 301.188939 -27.689136 24.666
 37    59.580 53507.09271373 18.15 301.188079 -27.685846 24.666
 37    59.477 53507.09271438 17.80 301.187219 -27.682566 24.666
 37    58.996 53507.09271502 18.77 301.186359 -27.679286 24.666
 37    59.735 53507.09271567 19.21 301.185499 -27.676006 24.666
 37    60.492 53507.09271631 19.98 301.184639 -27.672716 24.666
 37    60.356 53507.09271696 24.27 301.183779 -27.669436 24.666
 38    59.583 53542.09271826 14.93 301.190474 -27.698868 17.091
 38    59.309 53542.09271891 14.46 301.189614 -27.695578 17.091
 38    44.829 53542.09271955 16.25 301.188754 -27.692298 17.091
 38    44.910 53542.09272020 16.94 301.187894 -27.689018 17.091
 38    58.942 53542.09272084 17.24 301.187034 -27.685738 17.091
 38    44.420 53542.09272149 19.05 301.186174 -27.682448 17.091
 38    44.704 53542.09272213 20.21 301.185314 -27.679168 17.091
 38    44.935 53542.09272278 21.79 301.184454 -27.675888 17.091
 38    45.119 53542.09272342 23.05 301.183594 -27.672598 17.091
 38    45.090 53542.09272406 25.57 301.182734 -27.669318 17.091
 38    45.147 53542.09272471 26.45 301.181874 -27.666038 17.091
 39    43.889 53577.09270566 50.30 301.190039 -27.697503 24.697
 39    43.987 53577.09270630 51.88 301.189179 -27.694223 24.697
 39    43.864 53577.09270695 52.88 301.188324 -27.690945 51.300
 39    44.024 53577.09270759 53.02 301.187464 -27.687665 51.300
 39    43.950 53577.09270824 52.98 301.186604 -27.684375 51.300
 39    44.088 53577.09270888 52.22 301.185744 -27.681095 51.300
 39    43.893 53577.09270952 53.98 301.184884 -27.677815 51.300
 39    43.989 53577.09271017 53.45 301.184024 -27.674525 51.300
 39    44.076 53577.09271081 52.96 301.183164 -27.671245 51.300
 39    43.965 53577.09271146 52.71 301.182304 -27.667965 51.300
 40    42.575 53612.09265763 15.94 301.188449 -27.697946  9.208
 40    42.814 53612.09265827 14.84 301.187589 -27.694656  9.208
 40    42.805 53612.09265892 14.29 301.186727 -27.691378 17.450
 40    43.083 53612.09265956 14.39 301.185867 -27.688098 17.450
 40    42.838 53612.09266021 16.63 301.185007 -27.684808 17.450
 40    42.720 53612.09266085 17.15 301.184157 -27.681528 17.450
 40    42.616 53612.09266150 17.86 301.183297 -27.678248 17.450
 40    43.124 53612.09266214 17.64 301.182437 -27.674958 17.450
 40    43.304 53612.09266279 17.54 301.181577 -27.671678 17.450
 40    43.338 53612.09266343 23.19 301.180717 -27.668398 17.450
 40    43.512 53612.09266407 23.69 301.179857 -27.665118 17.450
 40    43.560 53612.09266472 23.55 301.178997 -27.661828 17.450
 42    46.033 53682.09267789 18.85 301.187899 -27.698915 14.202
 42    45.873 53682.09267853 19.90 301.187039 -27.695635 14.202
 42    45.848 53682.09267918 20.68 301.186181 -27.692357 17.044
 42    45.581 53682.09267982 21.33 301.185321 -27.689077 17.044
 42    45.431 53682.09268047 22.88 301.184461 -27.685787 17.044
 42    45.372 53682.09268111 25.21 301.183601 -27.682507 17.044
 42    45.997 53682.09268176 25.88 301.182741 -27.679227 17.044
 42    46.059 53682.09268240 27.70 301.181881 -27.675937 17.044
 42    46.157 53682.09268305 27.51 301.181021 -27.672657 17.044
 42    46.521 53682.09268369 27.22 301.180161 -27.669377 17.044
 42    46.317 53682.09268434 28.55 301.179301 -27.666087 17.044
 42    46.411 53682.09268498 28.25 301.178441 -27.662807 17.044
 43    57.473 53717.09260629 14.26 301.193787 -27.692972  8.623
 43    59.200 53717.09260694 14.35 301.192933 -27.689694 29.193
 43    60.853 53717.09260887 19.21 301.190353 -27.679844 29.193
 46    56.184 53822.09250966 17.83 301.192544 -27.696832  7.076
 46    57.531 53822.09251030 17.11 301.191684 -27.693552  7.076
 46    58.992 53822.09251095 15.73 301.190824 -27.690262  7.076
 46    59.637 53822.09251159 15.32 301.189964 -27.686982  7.076
 46    59.461 53822.09251224 17.54 301.189114 -27.683702  7.076
 46    59.971 53822.09251288 16.82 301.188254 -27.680422  7.076
 46    60.249 53822.09251353 17.37 301.187394 -27.677132  7.076
 46    45.689 53822.09251417 22.31 301.186530 -27.673853 26.266
 46    60.465 53822.09251482 29.14 301.185670 -27.670573 26.266
 47    55.362 53857.09260052 12.60 301.191516 -27.698744  6.577
 47    56.896 53857.09260116 13.17 301.190656 -27.695454  6.577
 47    44.567 53857.09260181 12.19 301.189796 -27.692174  6.577
 47    44.941 53857.09260245 11.38 301.188936 -27.688894  6.577
 47    44.517 53857.09260310 11.68 301.188076 -27.685614  6.577
 47    44.487 53857.09260374 11.63 301.187216 -27.682324  6.577
 47    44.336 53857.09260438 12.53 301.186355 -27.679047 19.824
 47    44.418 53857.09260503 13.29 301.185495 -27.675757 19.824
 47    60.523 53857.09260567 17.27 301.184635 -27.672477 19.824
 47    60.302 53857.09260632 19.72 301.183775 -27.669197 19.824
 49    43.291 53927.09267448 24.68 301.184279 -27.699369 15.975
 49    43.014 53927.09267512 21.90 301.183419 -27.696089 15.975
 49    43.040 53927.09267577 18.69 301.182559 -27.692809 15.975
 49    43.110 53927.09267641 19.27 301.181699 -27.689529 15.975
 49    43.349 53927.09267706 19.88 301.180839 -27.686239 15.975
 49    43.235 53927.09267770 23.89 301.179980 -27.682962 26.244
 49    43.369 53927.09267835 20.86 301.179120 -27.679672 26.244
 49    43.192 53927.09267899 21.43 301.178260 -27.676392 26.244
 49    43.131 53927.09267964 22.36 301.177400 -27.673112 26.244
 49    43.288 53927.09268028 21.67 301.176540 -27.669832 26.244
 49    43.395 53927.09268093 21.94 301.175680 -27.666542 26.244
 49    43.353 53927.09268157 24.87 301.174820 -27.663262 26.244
 49    43.551 53927.09268222 26.26 301.173960 -27.659982 26.244
 49    43.652 53927.09268286 26.17 301.173100 -27.656702 26.244
 50    43.053 53962.09265911 15.51 301.185581 -27.698273 12.647
 50    42.964 53962.09265975 15.54 301.184721 -27.694983 12.647
 50    42.941 53962.09266040 16.53 301.183861 -27.691703 12.647
 50    43.055 53962.09266104 18.76 301.183001 -27.688423 12.647
 50    43.095 53962.09266169 20.96 301.182141 -27.685143 12.647
 50    43.251 53962.09266233 19.53 301.181281 -27.681853 12.647
 50    43.262 53962.09266298 19.65 301.180418 -27.678574 21.110
 50    43.192 53962.09266362 18.82 301.179558 -27.675294 21.110
 50    43.225 53962.09266427 19.01 301.178708 -27.672004 21.110
 50    43.425 53962.09266491 18.31 301.177848 -27.668724 21.110
 50    43.583 53962.09266556 17.96 301.176988 -27.665444 21.110
 50    43.489 53962.09266620 20.69 301.176128 -27.662154 21.110
 50    43.639 53962.09266685 21.88 301.175268 -27.658874 21.110
 50    43.563 53962.09266749 23.34 301.174408 -27.655594 21.110
 53    58.380 54067.09264878 13.67 301.194064 -27.691916  9.797
 53    59.595 54067.09264943 14.09 301.193204 -27.688636  9.797
 53    60.361 54067.09265007 15.75 301.192344 -27.685346  9.797
 54    45.403 54102.09260837 30.98 301.191100 -27.697291 14.416
 54    45.270 54102.09260902 30.80 301.190240 -27.694011 14.416
 54    45.309 54102.09260966 21.29 301.189380 -27.690721 14.416
 54    45.162 54102.09261031 22.28 301.188520 -27.687441 14.416
 54    44.517 54102.09261095 21.74 301.187660 -27.684161 14.416
 54    45.350 54102.09261160 21.39 301.186800 -27.680871 14.416
 54    45.386 54102.09261224 23.80 301.185940 -27.677591 14.416
 54    45.702 54102.09261289 24.83 301.185081 -27.674312 28.411
 54    45.906 54102.09261418 31.47 301.183361 -27.667742 28.411
 55    47.433 54137.09257697 45.72 301.194243 -27.692795 19.254
 55    47.473 54137.09257761 48.39 301.193383 -27.689515 19.254
 55    47.399 54137.09257826 45.46 301.192523 -27.686225 19.254
 55    47.455 54137.09257890 46.50 301.191660 -27.682949 47.178
 56    46.935 54172.09258528 25.77 301.191778 -27.699425 18.830
 56    46.940 54172.09258593 25.86 301.190918 -27.696145 18.830
 56    46.466 54172.09258657 21.86 301.190058 -27.692865 18.830
 56    45.892 54172.09258722 23.52 301.189198 -27.689575 18.830
 56    45.541 54172.09258786 24.42 301.188338 -27.686295 18.830
 56    46.459 54172.09258851 24.56 301.187478 -27.683015 18.830
 56    46.510 54172.09258915 26.92 301.186618 -27.679725 18.830
 56    46.918 54172.09258980 30.22 301.185758 -27.676445 18.830
 56    47.075 54172.09259044 29.69 301.184898 -27.673165 18.830
 56    47.156 54172.09259109 31.18 301.184038 -27.669875 18.830
 57    45.316 54207.09258170 31.73 301.193758 -27.693202 28.263
 57    45.364 54207.09258235 25.50 301.192898 -27.689922 28.263
 57    45.393 54207.09258299 24.60 301.192038 -27.686642 28.263
 57    45.242 54207.09258364 30.73 301.191178 -27.683362 28.263
 57    45.351 54207.09258428 33.56 301.190318 -27.680072 28.263
 58    45.863 54242.09261427 42.20 301.194040 -27.696112 38.049
 58    45.894 54242.09261492 47.79 301.193180 -27.692832 38.049
 58    45.739 54242.09261556 46.98 301.192320 -27.689552 38.049
 58    45.781 54242.09261621 44.90 301.191460 -27.686262 38.049
 58    45.868 54242.09261685 42.21 301.190600 -27.682982 38.049
 58    45.926 54242.09261749 46.93 301.189740 -27.679702 38.049
 58    45.961 54242.09261814 41.83 301.188880 -27.676422 38.049
 59    44.066 54277.09262898 13.94 301.193612 -27.695381 16.616
 59    42.282 54277.09262962 17.67 301.192752 -27.692101 16.616
 59    42.705 54277.09263027 16.68 301.191892 -27.688821 16.616
 59    43.793 54277.09263091 14.82 301.191032 -27.685531 16.616
 59    43.178 54277.09263156 16.53 301.190172 -27.682251 16.616
 59    44.161 54277.09263220 14.06 301.189312 -27.678971 16.616
 59    44.560 54277.09263285 14.15 301.188452 -27.675691 16.616
 60    44.217 54312.09262933 25.27 301.194338 -27.694739 19.650
 60    44.243 54312.09262997 27.05 301.193478 -27.691449 19.650
 60    44.223 54312.09263062 20.71 301.192618 -27.688169 19.650
 60    44.394 54312.09263126 23.84 301.191758 -27.684889 19.650
 60    44.398 54312.09263191 28.22 301.190898 -27.681599 19.650
 61    43.529 54347.09260136 23.59 301.192372 -27.698444 24.044
 61    43.474 54347.09260201 19.10 301.191512 -27.695164 24.044
 61    43.397 54347.09260265 18.76 301.190652 -27.691884 24.044
 61    43.292 54347.09260330 17.07 301.189792 -27.688594 24.044
 61    43.319 54347.09260394 18.19 301.188932 -27.685314 24.044
 61    43.168 54347.09260458 19.69 301.188072 -27.682034 24.044
 61    43.290 54347.09260523 21.32 301.187212 -27.678744 24.044
 61    43.542 54347.09260587 21.46 301.186352 -27.675464 24.044
 61    43.919 54347.09260652 22.66 301.185492 -27.672184 24.044
 63    44.151 54417.09255075 26.96 301.192103 -27.696425 27.008
 63    58.718 54417.09255140 23.49 301.191243 -27.693135 27.008
 63    58.648 54417.09255204 23.37 301.190383 -27.689855 27.008
 63    58.797 54417.09255269 21.51 301.189523 -27.686575 27.008
 63    56.692 54417.09255333 21.60 301.188663 -27.683285 27.008
 63    44.007 54417.09255398 22.19 301.187803 -27.680005 27.008
 63    44.105 54417.09255462 21.67 301.186943 -27.676725 27.008
 63    44.278 54417.09255527 22.13 301.186083 -27.673445 27.008
 63    44.286 54417.09255591 27.11 301.185223 -27.670155 27.008
 65    58.050 54487.09254889 13.26 301.193771 -27.691177  5.248
 65    59.705 54487.09254954 14.13 301.192911 -27.687897  5.248
 65    60.435 54487.09255018 16.49 301.192051 -27.684617  5.248
 67    44.771 54557.09255775 23.49 301.192358 -27.698292 22.094
 67    44.637 54557.09255840 24.54 301.191498 -27.695002 22.094
 67    44.624 54557.09255904 24.05 301.190638 -27.691722 22.094
 67    44.620 54557.09255969 24.85 301.189778 -27.688442 22.094
 67    44.688 54557.09256033 25.27 301.188918 -27.685162 22.094
 67    44.582 54557.09256098 25.97 301.188058 -27.681872 22.094
 67    44.569 54557.09256162 27.36 301.187198 -27.678592 22.094
 67    44.654 54557.09256227 30.01 301.186338 -27.675312 22.094
 67    44.783 54557.09256291 31.80 301.185478 -27.672032 22.094
 68    45.594 54592.09254551 34.56 301.192938 -27.693822 33.154
 68    45.635 54592.09254616 26.67 301.192078 -27.690542 33.154
 68    45.609 54592.09254680 24.79 301.191218 -27.687252 33.154
 68    45.642 54592.09254744 25.53 301.190358 -27.683972 33.154
 68    45.532 54592.09254809 37.48 301.189498 -27.680692 33.154
 68    45.575 54592.09254873 39.73 301.188638 -27.677412 33.154
 68    45.675 54592.09254938 37.18 301.187778 -27.674122 33.154
 69    60.107 54627.09256048 24.16 301.192851 -27.696556 13.353
 69    59.912 54627.09256113 22.74 301.191991 -27.693276 13.353
 69    59.526 54627.09256177 22.78 301.191131 -27.689996 13.353
 69    59.632 54627.09256242 21.03 301.190271 -27.686706 13.353
 69    59.744 54627.09256306 20.68 301.189411 -27.683426 13.353
 69    59.924 54627.09256371 19.68 301.188551 -27.680146 13.353
 69    42.807 54627.09256435 23.15 301.187691 -27.676866 13.353
 69    60.459 54627.09256500 22.96 301.186831 -27.673576 13.353
 70    44.055 54662.09256767 33.63 301.192173 -27.697497 30.072
 70    43.947 54662.09256832 25.62 301.191313 -27.694217 30.072
 70    58.610 54662.09256896 21.21 301.190453 -27.690937 30.072
 70    57.047 54662.09256961 21.13 301.189593 -27.687657 30.072
 70    59.257 54662.09257025 21.67 301.188733 -27.684367 30.072
 70    44.075 54662.09257090 22.08 301.187873 -27.681087 30.072
 70    44.057 54662.09257154 23.14 301.187013 -27.677807 30.072
 70    44.074 54662.09257219 23.16 301.186153 -27.674517 30.072
 70    44.152 54662.09257283 28.37 301.185293 -27.671237 30.072
 71    59.476 54697.09254344 20.38 301.193277 -27.697281 23.618
 71    59.555 54697.09254409 15.76 301.192417 -27.693991 23.618
 71    59.290 54697.09254473 16.20 301.191557 -27.690711 23.618
 71    59.318 54697.09254538 17.19 301.190697 -27.687431 23.618
 71    59.609 54697.09254602 19.19 301.189837 -27.684151 23.618
 71    59.162 54697.09254667 20.25 301.188977 -27.680861 23.618
 71    44.824 54697.09254731 23.19 301.188117 -27.677581 23.618
 71    45.129 54697.09254796 23.35 301.187257 -27.674301 23.618
 72    42.489 54732.09252588 19.63 301.193702 -27.690248 17.426
 72    42.274 54732.09252653 23.61 301.192842 -27.686958 17.426
 73    60.225 54767.09252267 24.33 301.193637 -27.694858 17.022
 73    59.970 54767.09252332 24.36 301.192777 -27.691568 17.022
 73    59.986 54767.09252396 24.76 301.191917 -27.688288 17.022
 73    60.056 54767.09252461 26.14 301.191057 -27.685008 17.022
 73    60.253 54767.09252525 24.64 301.190197 -27.681718 17.022
 73    60.621 54767.09252590 23.77 301.189337 -27.678438 17.022
 73    60.710 54767.09252654 26.08 301.188477 -27.675158 17.022
 74    58.126 54802.09251804 12.50 301.194268 -27.694508 19.266
 74    58.982 54802.09251868 12.83 301.193408 -27.691228 19.266
 74    59.482 54802.09251933 17.19 301.192548 -27.687938 19.266
 74    59.909 54802.09251997 24.85 301.191688 -27.684658 19.266
 74    60.177 54802.09252062 20.67 301.190828 -27.681378 19.266
 75    43.125 54837.09251523 36.14 301.193570 -27.696234 35.963
 75    43.095 54837.09251587 31.80 301.192710 -27.692954 35.963
 75    43.075 54837.09251652 27.00 301.191850 -27.689674 35.963
 75    43.154 54837.09251845 36.21 301.189270 -27.679824 35.963
 75    43.140 54837.09251909 41.93 301.188410 -27.676544 35.963
 76    59.704 54872.09251786 23.48 301.194033 -27.691501 12.753
 76    59.651 54872.09251850 24.00 301.193173 -27.688211 12.753
 76    59.946 54872.09251915 25.15 301.192313 -27.684931 12.753
 77    44.544 54907.09252209 27.83 301.189965 -27.697769 29.317
 77    44.027 54907.09252273 21.90 301.189105 -27.694489 29.317
 77    43.798 54907.09252338 18.47 301.188245 -27.691199 29.317
 77    43.836 54907.09252402 19.66 301.187385 -27.687919 29.317
 77    43.861 54907.09252467 20.76 301.186525 -27.684639 29.317
 77    43.748 54907.09252531 20.91 301.185665 -27.681349 29.317
 77    43.758 54907.09252595 22.16 301.184805 -27.678069 29.317
 77    43.695 54907.09252660 24.50 301.183945 -27.674789 29.317
 77    44.272 54907.09252789 25.05 301.182225 -27.668219 29.317
 77    44.371 54907.09252853 29.82 301.181365 -27.664939 29.317
 78    40.959 54942.09250990 19.16 301.193831 -27.694905 21.742
 78    58.383 54942.09251054 16.46 301.192971 -27.691625 21.742
 78    59.308 54942.09251119 16.73 301.192111 -27.688335 21.742
 78    59.955 54942.09251183 16.09 301.191251 -27.685055 21.742
 78    60.022 54942.09251247 18.70 301.190391 -27.681775 21.742
 79    43.405 54977.09253835 28.01 301.192104 -27.694588 32.823
 79    43.328 54977.09253899 25.81 301.191244 -27.691308 32.823
 79    43.235 54977.09253964 25.84 301.190384 -27.688018 32.823
 79    43.289 54977.09254028 27.44 301.189524 -27.684738 32.823
 79    43.316 54977.09254093 33.05 301.188664 -27.681458 32.823
 79    43.359 54977.09254157 39.40 301.187804 -27.678178 32.823
 79    43.403 54977.09254222 43.15 301.186944 -27.674888 32.823
 79    43.420 54977.09254286 49.22 301.186084 -27.671608 32.823
 80    43.788 55012.09254570 47.58 301.192625 -27.696785 45.008
 80    43.739 55012.09254635 51.61 301.191765 -27.693495 45.008
 80    43.745 55012.09254699 49.25 301.190905 -27.690215 45.008
 80    43.750 55012.09254764 50.51 301.190045 -27.686935 45.008
 80    43.766 55012.09254828 50.46 301.189185 -27.683645 45.008
 80    43.824 55012.09254892 47.92 301.188325 -27.680365 45.008
 80    43.927 55012.09254957 44.41 301.187465 -27.677085 45.008
 80    43.956 55012.09255021 41.89 301.186605 -27.673805 45.008
 81    44.900 55047.09253826 25.12 301.193668 -27.693393 31.606
 81    44.716 55047.09253890 20.24 301.192808 -27.690113 31.606
 81    44.700 55047.09253955 19.14 301.191948 -27.686833 31.606
 81    44.991 55047.09254019 19.77 301.191088 -27.683543 31.606
 81    44.925 55047.09254084 20.47 301.190228 -27.680263 31.606
 82    44.878 55082.09250967 14.28 301.191764 -27.698574 21.005
 82    44.831 55082.09251032 13.54 301.190904 -27.695294 21.005
 82    44.648 55082.09251096 14.18 301.190044 -27.692004 21.005
 82    44.552 55082.09251161 14.18 301.189184 -27.688724 21.005
 82    44.053 55082.09251225 16.54 301.188324 -27.685444 21.005
 82    43.915 55082.09251290 16.60 301.187464 -27.682154 21.005
 82    44.345 55082.09251354 17.11 301.186604 -27.678874 21.005
 82    44.522 55082.09251419 18.16 301.185744 -27.675594 21.005
 82    44.728 55082.09251483 23.84 301.184884 -27.672304 21.005
 82    44.665 55082.09251547 28.60 301.184024 -27.669024 21.005
 84    60.079 55152.09246700 28.46 301.192447 -27.697163 23.222
 84    59.963 55152.09246764 26.79 301.191589 -27.693886 27.380
 84    59.805 55152.09246829 24.28 301.190729 -27.690596 27.380
 84    59.720 55152.09246893 24.24 301.189869 -27.687316 27.380
 84    59.861 55152.09246958 24.64 301.189009 -27.684036 27.380
 84    59.967 55152.09247022 24.47 301.188149 -27.680756 27.380
 84    60.428 55152.09247087 24.71 301.187289 -27.677466 27.380
 84    60.599 55152.09247151 24.98 301.186429 -27.674186 27.380
 84    60.609 55152.09247215 29.84 301.185569 -27.670906 27.380
 85    47.099 55187.09245701 46.48 301.193992 -27.693249 48.339
 85    47.181 55187.09245765 52.88 301.193132 -27.689969 48.339
 85    47.150 55187.09245830 50.91 301.192272 -27.686679 48.339
 85    47.229 55187.09245894 52.21 301.191412 -27.683399 48.339
 85    47.299 55187.09245959 47.68 301.190552 -27.680119 48.339
 86    48.619 55222.09246612 27.00 301.192543 -27.697169 26.151
 86    59.301 55222.09246677 22.61 301.191683 -27.693879 26.151
 86    58.987 55222.09246741 22.55 301.190823 -27.690599 26.151
 86    45.835 55222.09246806 26.74 301.189963 -27.687319 26.151
 86    46.644 55222.09246870 27.37 301.189103 -27.684029 26.151
 86    47.533 55222.09246935 25.70 301.188243 -27.680749 26.151
 86    47.442 55222.09246999 27.39 301.187383 -27.677469 26.151
 86    47.594 55222.09247064 29.32 301.186523 -27.674189 26.151
 86    47.626 55222.09247128 32.80 301.185663 -27.670899 26.151
 87    58.556 55257.09245293 22.39 301.194289 -27.691061 28.990
 87    59.400 55257.09245357 24.17 301.193429 -27.687781 28.990
 88    59.432 55292.09245406 18.75 301.190922 -27.696584 17.988
 88    59.428 55292.09245470 19.41 301.190052 -27.693294 17.988
 88    58.420 55292.09245535 19.48 301.189202 -27.690014 17.988
 88    58.956 55292.09245599 20.05 301.188342 -27.686734 17.988
 88    59.173 55292.09245664 20.28 301.187482 -27.683454 17.988
 88    58.874 55292.09245728 19.55 301.186622 -27.680164 17.988
 88    57.733 55292.09245793 20.20 301.185762 -27.676884 17.988
 88    46.449 55292.09245857 24.04 301.184902 -27.673604 17.988
 88    60.325 55292.09245922 26.82 301.184042 -27.670314 17.988
 89    59.404 55327.09243732 20.72 301.191534 -27.696079 17.717
 89    59.359 55327.09243797 19.78 301.190674 -27.692799 17.717
 89    59.120 55327.09243861 18.93 301.189814 -27.689519 17.717
 89    59.092 55327.09243926 20.64 301.188954 -27.686229 17.717
 89    59.245 55327.09243990 20.72 301.188094 -27.682949 17.717
 89    58.888 55327.09244055 21.38 301.187234 -27.679669 17.717
 89    58.167 55327.09244119 22.25 301.186374 -27.676379 17.717
 89    60.294 55327.09244184 22.79 301.185514 -27.673099 17.717
 89    46.404 55327.09244248 32.64 301.184654 -27.669819 17.717
 90    44.970 55362.09243281 26.56 301.192560 -27.697662 25.344
 90    44.751 55362.09243346 24.08 301.191700 -27.694372 25.344
 90    43.893 55362.09243410 28.15 301.190840 -27.691092 25.344
 90    43.263 55362.09243475 29.60 301.189980 -27.687812 25.344
 90    43.385 55362.09243539 31.11 301.189120 -27.684522 25.344
 90    43.852 55362.09243604 31.82 301.188260 -27.681242 25.344
 90    44.548 55362.09243668 31.89 301.187400 -27.677962 25.344
 90    44.838 55362.09243733 33.17 301.186540 -27.674672 25.344
 90    44.903 55362.09243797 35.64 301.185680 -27.671392 25.344
 91    59.959 55397.09244104 26.00 301.193670 -27.691410 25.383
 91    59.898 55397.09244168 25.78 301.192810 -27.688130 25.383
 91    59.890 55397.09244233 25.35 301.191950 -27.684840 25.383
 91    60.203 55397.09244297 25.78 301.191090 -27.681560 25.383
 92    44.377 55432.09244924 52.03 301.193984 -27.690961 40.598
 92    44.370 55432.09244989 52.69 301.193124 -27.687681 40.598
 92    44.394 55432.09245053 52.45 301.192264 -27.684401 40.598
 93    43.991 55467.09240744 36.39 301.192191 -27.697862 24.562
 93    44.417 55467.09240808 27.02 301.191331 -27.694582 24.562
 93    59.032 55467.09240873 16.82 301.190471 -27.691292 24.562
 93    59.367 55467.09240937 17.04 301.189621 -27.688012 24.562
 93    59.527 55467.09241002 17.15 301.188761 -27.684732 24.562
 93    59.489 55467.09241066 18.70 301.187901 -27.681442 24.562
 93    58.692 55467.09241131 19.56 301.187041 -27.678162 24.562
 93    44.315 55467.09241195 21.22 301.186181 -27.674882 24.562
 93    44.273 55467.09241259 28.70 301.185321 -27.671592 24.562
